fit1,0.14,0,0.377319,0.0633058,0.310225,0.0411009,0,10
fit1,0.14,0,0.452142,0.0670469,0.251283,0.0419082,0,10
fit1,0.14,0,0.491562,0.0627126,0.226724,0.0381398,0,10
fit1,0.14,0,0.480784,0.0580093,0.176626,0.033414,0,10
fit1,0.14,0,0.304696,0.064856,0.30878,0.0437083,0,10
fit2,0.14,0,0.481554,0.0669292,0.273138,0.041315,0,10
fit3,0.14,0,0.488469,0.0581131,0.227719,0.0350921,0,10
fit4,0.14,0,0.592027,0.0670048,0.218005,0.0394803,0,10
fit5,0.14,0,0.423645,0.0599943,0.239289,0.0371583,0,10
fit1,0.14,0,0.556245,0.0676693,0.220638,0.0399127,0,10
fit2,0.14,0,0.497214,0.0592777,0.198945,0.0345192,0,10
fit3,0.14,0,0.540003,0.0610694,0.162202,0.0343285,0,10
fit4,0.14,0,0.43227,0.0608068,0.239953,0.0376871,0,10
fit5,0.14,0,0.494022,0.0647466,0.252728,0.0390833,0,10
fit1,0.14,0,0.544538,0.0580311,0.179819,0.0334263,0,10
fit2,0.14,0,0.423052,0.065971,0.252488,0.0412503,0,10
fit3,0.14,0,0.50233,0.063513,0.240943,0.0383107,0,10
fit4,0.14,0,0.524145,0.0590384,0.185583,0.0336642,0,10
fit5,0.14,0,0.438446,0.0683932,0.285785,0.0431733,0,10
fit1,0.14,0,0.412137,0.0602138,0.234138,0.0382203,0,10
fit2,0.14,0,0.504203,0.0655501,0.2769,0.0401531,0,10
fit3,0.14,0,0.442767,0.0614489,0.257447,0.0384161,0,10
fit4,0.14,0,0.528591,0.0598671,0.208339,0.0348139,0,10
fit5,0.14,0,0.600197,0.0630816,0.203526,0.0362353,0,10
fit1,0.14,0,0.512232,0.062358,0.198432,0.0365295,0,10
fit2,0.14,0,0.494609,0.0613223,0.241738,0.0376654,0,10
fit3,0.14,0,0.460131,0.0587975,0.201486,0.0348163,0,10
fit4,0.14,0,0.518735,0.0588842,0.16265,0.0324073,0,10
fit5,0.14,0,0.559454,0.0604143,0.142087,0.0331304,0,10
fit1,0.14,0,0.352744,0.0698085,0.337556,0.0463236,0,10
fit2,0.14,0,0.431614,0.0664726,0.26815,0.0420077,0,10
fit3,0.14,0,0.526521,0.0599806,0.19145,0.034673,0,10
fit4,0.14,0,0.464675,0.0664808,0.231527,0.0407263,0,10
fit5,0.14,0,0.453716,0.0592709,0.20443,0.0356349,0,10
fit1,0.14,0,0.538929,0.0642644,0.208327,0.0379068,0,10
fit2,0.14,0,0.478356,0.0644981,0.238324,0.0391108,0,10
fit3,0.14,0,0.48595,0.0661575,0.237699,0.0400478,0,10
fit4,0.14,0,0.444703,0.0622942,0.246625,0.0389493,0,10
fit5,0.14,0,0.528944,0.0607521,0.194857,0.0351516,0,10
fit1,0.14,0,0.439799,0.0597293,0.245441,0.0369004,0,10
fit2,0.14,0,0.411647,0.0605239,0.235356,0.0374072,0,10
fit3,0.14,0,0.436443,0.0637483,0.256894,0.039922,0,10
fit4,0.14,0,0.606763,0.0655206,0.213852,0.0371082,0,10
fit5,0.14,0,0.502971,0.0623614,0.210783,0.0372478,0,10
fit1,0.14,0,0.593877,0.0625701,0.154993,0.0332695,0,10
fit2,0.14,0,0.295112,0.05896,0.308656,0.0397869,0,10
fit3,0.14,0,0.546374,0.0664654,0.225826,0.0395438,0,10
fit4,0.14,0,0.467411,0.0567197,0.204618,0.0335894,0,10
fit5,0.14,0,0.459801,0.063488,0.25639,0.0398298,0,10
fit1,0.14,0,0.432978,0.0579156,0.187598,0.0343244,0,10
fit2,0.14,0,0.437879,0.0602024,0.23396,0.036454,0,10
fit3,0.14,0,0.544508,0.0604444,0.173579,0.0342744,0,10
fit4,0.14,0,0.410697,0.0632121,0.280296,0.0404216,0,10
fit5,0.14,0,0.508323,0.0629538,0.257575,0.0386165,0,10
fit1,0.14,0,0.493386,0.0636828,0.233641,0.0384786,0,10
fit2,0.14,0,0.413403,0.0664757,0.33224,0.0439976,0,10
fit3,0.14,0,0.518512,0.0614015,0.184164,0.0355124,0,10
fit5,0.14,0,0.421701,0.062689,0.236325,0.0387128,0,10
fit4,0.14,0,0.412084,0.0636522,0.264441,0.0412705,0,10
fit1,0.14,0,0.530662,0.0625196,0.221633,0.0374024,0,10
fit2,0.14,0,0.500356,0.0606227,0.204115,0.0354419,0,10
fit3,0.14,0,0.460186,0.0669164,0.297879,0.0421099,0,10
fit5,0.14,0,0.375621,0.0630091,0.280853,0.0407399,0,10
fit4,0.14,0,0.389676,0.0629384,0.310749,0.0409335,0,10
fit1,0.14,0,0.544746,0.064613,0.247071,0.039305,0,10
fit2,0.14,0,0.529836,0.0590459,0.169379,0.0331505,0,10
fit3,0.14,0,0.465534,0.0651788,0.249975,0.0403941,0,10
fit4,0.14,0,0.671713,0.0686513,0.218616,0.0389451,0,10
fit5,0.14,0,0.494853,0.0590983,0.224542,0.0351986,0,10
fit1,0.14,0,0.45461,0.0621548,0.247235,0.0387012,0,10
fit2,0.14,0,0.512928,0.0628776,0.194365,0.0362739,0,10
fit3,0.14,0,0.477048,0.0602309,0.241138,0.0367686,0,10
fit4,0.14,0,0.432259,0.0553789,0.180689,0.0321976,0,10
fit5,0.14,0,0.509418,0.0578016,0.171928,0.0328102,0,10
fit1,0.14,0,0.541286,0.068419,0.275315,0.0420272,0,10
fit2,0.14,0,0.507256,0.0665972,0.23758,0.0403905,0,10
fit3,0.14,0,0.402676,0.0681811,0.305749,0.0449788,0,10
fit4,0.14,0,0.442287,0.0585365,0.202816,0.0356135,0,10
fit5,0.14,0,0.423543,0.0589251,0.233266,0.0366843,0,10
fit1,0.14,0,0.377142,0.056543,0.223046,0.0356607,0,10
fit2,0.14,0,0.454119,0.0619735,0.224096,0.0377114,0,10
fit3,0.14,0,0.569381,0.0597165,0.179592,0.0337113,0,10
fit4,0.14,0,0.570294,0.062574,0.194144,0.0357264,0,10
fit5,0.14,0,0.420384,0.0621111,0.230029,0.0380684,0,10
fit1,0.14,0,0.535233,0.0624993,0.208055,0.0361317,0,10
fit2,0.14,0,0.535041,0.0647626,0.214168,0.0384093,0,10
fit3,0.14,0,0.350087,0.0614616,0.25057,0.0398367,0,10
fit4,0.14,0,0.619568,0.0656599,0.20651,0.0375693,0,10
fit5,0.14,0,0.426033,0.0644817,0.258256,0.0403074,0,10
fit1,0.14,0,0.595191,0.0604305,0.160934,0.033542,0,10
fit2,0.14,0,0.523906,0.0633736,0.20104,0.0369466,0,10
fit3,0.14,0,0.513213,0.0596918,0.207711,0.0352715,0,10
fit4,0.14,0,0.482997,0.0607154,0.233597,0.0374882,0,10
fit5,0.14,0,0.45657,0.0620129,0.249746,0.0389116,0,10
fit1,0.14,0,0.452121,0.0610336,0.25422,0.038058,0,10
fit2,0.14,0,0.473321,0.0586628,0.237884,0.0366492,0,10
fit3,0.14,0,0.364061,0.0604169,0.321733,0.0400155,0,10
fit4,0.14,0,0.450085,0.0648794,0.287569,0.0410701,0,10
fit5,0.14,0,0.465346,0.0635741,0.23071,0.0393594,0,10
fit1,0.14,0,0.612732,0.0633607,0.180709,0.0357027,0,10
fit2,0.14,0,0.505213,0.0610715,0.228143,0.0367975,0,10
fit3,0.14,0,0.42394,0.0636837,0.282886,0.0409608,0,10
fit4,0.14,0,0.403634,0.0662798,0.311696,0.0431145,0,10
fit5,0.14,0,0.445539,0.061436,0.249944,0.0386958,0,10
fit1,0.14,0,0.348393,0.064702,0.325827,0.0430165,0,10
fit2,0.14,0,0.413268,0.0622298,0.275352,0.0398428,0,10
fit4,0.14,0,0.415162,0.0599989,0.249833,0.0375476,0,10
fit3,0.14,0,0.363405,0.0638602,0.296634,0.042032,0,10
fit5,0.14,0,0.39842,0.0579117,0.260571,0.0369598,0,10
fit1,0.14,0,0.382445,0.0619523,0.289517,0.0409498,0,10
fit2,0.14,0,0.526082,0.0630263,0.205899,0.036919,0,10
fit4,0.14,0,0.637761,0.0718794,0.231563,0.0414154,0,10
fit3,0.14,0,0.501119,0.0685832,0.257211,0.0416839,0,10
fit5,0.14,0,0.606753,0.0648689,0.179707,0.036061,0,10
fit1,0.14,0,0.477156,0.0636835,0.225028,0.0396597,0,10
fit2,0.14,0,0.503214,0.0610672,0.195564,0.0358021,0,10
fit4,0.14,0,0.487419,0.0575434,0.193302,0.0339497,0,10
fit3,0.14,0,0.445614,0.059765,0.209241,0.0359899,0,10
fit5,0.14,0,0.443224,0.0636683,0.285321,0.0407382,0,10
fit1,0.14,0,0.657895,0.070059,0.163991,0.0384071,0,10
fit2,0.14,0,0.55744,0.0600036,0.188083,0.0342624,0,10
fit4,0.14,0,0.472681,0.0598545,0.204923,0.0352257,0,10
fit3,0.14,0,0.486892,0.0625595,0.221366,0.0374829,0,10
fit5,0.14,0,0.539628,0.0620595,0.222811,0.0372893,0,10
fit1,0.14,0,0.450877,0.0592203,0.22701,0.0366983,0,10
fit2,0.14,0,0.514432,0.0667913,0.216939,0.0396878,0,10
fit4,0.14,0,0.305887,0.0685433,0.352023,0.0477102,0,10
fit3,0.14,0,0.57347,0.0650894,0.197908,0.0376827,0,10
fit5,0.14,0,0.439448,0.0619312,0.275681,0.0390136,0,10
fit1,0.14,0,0.544111,0.0639376,0.221344,0.0376853,0,10
fit2,0.14,0,0.462641,0.0633838,0.30789,0.0405564,0,10
fit4,0.14,0,0.387084,0.0565483,0.227003,0.0356253,0,10
fit3,0.14,0,0.61099,0.0639055,0.172197,0.0347072,0,10
fit5,0.14,0,0.511113,0.067187,0.215132,0.0395041,0,10
fit1,0.14,0,0.500657,0.0565942,0.212063,0.0334671,0,10
fit2,0.14,0,0.491146,0.0569015,0.191206,0.0331292,0,10
fit4,0.14,0,0.487211,0.0602766,0.204352,0.0355307,0,10
fit3,0.14,0,0.507467,0.0566911,0.193457,0.0329291,0,10
fit5,0.14,0,0.374697,0.0608973,0.265263,0.0385127,0,10
fit1,0.14,0,0.43873,0.0621209,0.23456,0.0382595,0,10
fit2,0.14,0,0.522815,0.0644749,0.23283,0.0393396,0,10
fit4,0.14,0,0.507126,0.0643592,0.230373,0.0388273,0,10
fit3,0.14,0,0.507036,0.0616449,0.20791,0.0366245,0,10
fit5,0.14,0,0.562786,0.060514,0.152739,0.0326151,0,10
fit1,0.14,0,0.482626,0.0632148,0.218486,0.0387124,0,10
fit2,0.14,0,0.472122,0.0563315,0.174176,0.0326471,0,10
fit4,0.14,0,0.424726,0.0600759,0.268764,0.0380629,0,10
fit3,0.14,0,0.411504,0.0651091,0.291601,0.0415555,0,10
fit5,0.14,0,0.536252,0.064316,0.211115,0.0374352,0,10
fit1,0.14,0,0.384276,0.0669148,0.284225,0.0434417,0,10
fit2,0.14,0,0.444456,0.0626034,0.286081,0.0395458,0,10
fit4,0.14,0,0.524795,0.0674952,0.248123,0.040756,0,10
fit3,0.14,0,0.440497,0.0629719,0.291334,0.040074,0,10
fit5,0.14,0,0.434682,0.0608731,0.262377,0.0378305,0,10
fit2,0.14,0,0.487481,0.0641259,0.205976,0.0381812,0,10
fit1,0.14,0,0.482997,0.0587633,0.19638,0.0341873,0,10
fit3,0.14,0,0.540367,0.0648162,0.207963,0.0378838,0,10
fit4,0.14,0,0.436974,0.0604708,0.232972,0.0371898,0,10
fit1,0.14,0,0.411965,0.0619257,0.2572,0.0388371,0,10
fit4,0.14,0,0.560672,0.0653762,0.233061,0.0389894,0,10
fit3,0.14,0,0.444116,0.0587416,0.221971,0.0358863,0,10
fit2,0.14,0,0.572257,0.0615266,0.240696,0.0365891,0,10
fit1,0.14,0,0.603015,0.0678845,0.226083,0.0401191,0,10
fit4,0.14,0,0.444559,0.0610225,0.268744,0.0388065,0,10
fit2,0.14,0,0.462141,0.062789,0.215289,0.0376236,0,10
fit3,0.14,0,0.50325,0.0626553,0.175178,0.035086,0,10
fit1,0.14,0,0.430397,0.061458,0.235638,0.0379809,0,10
fit4,0.14,0,0.52352,0.067445,0.272966,0.0415792,0,10
fit2,0.14,0,0.407701,0.0637232,0.248229,0.0398795,0,10
fit3,0.14,0,0.493044,0.0607408,0.192287,0.0353836,0,10
fit1,0.14,0,0.437931,0.0597686,0.204937,0.0362554,0,10
fit4,0.14,0,0.407671,0.0665653,0.27459,0.0425417,0,10
fit2,0.14,0,0.355732,0.0611306,0.283058,0.0402056,0,10
fit3,0.14,0,0.485319,0.064398,0.242675,0.0397838,0,10
fit4,0.14,0,0.64966,0.0618465,0.13325,0.0325603,0,10
fit1,0.14,0,0.411479,0.0584735,0.238217,0.0361372,0,10
fit2,0.14,0,0.339137,0.057202,0.272465,0.0375004,0,10
fit3,0.14,0,0.517,0.0571232,0.151431,0.0316293,0,10
fit4,0.14,0,0.383308,0.067635,0.34247,0.0450372,0,10
fit1,0.14,0,0.425379,0.0622667,0.224797,0.0381288,0,10
fit2,0.14,0,0.478134,0.0603255,0.197038,0.0357323,0,10
fit3,0.14,0,0.381662,0.0608981,0.257263,0.0391118,0,10
fit4,0.14,0,0.498167,0.0627993,0.233159,0.038082,0,10
fit1,0.14,0,0.525298,0.0571963,0.177055,0.032614,0,10
fit2,0.14,0,0.40857,0.0629333,0.286522,0.0401869,0,10
fit3,0.14,0,0.406792,0.061561,0.271096,0.0395608,0,10
fit4,0.14,0,0.39786,0.0571362,0.215467,0.0352706,0,10
fit1,0.14,0,0.416991,0.0577149,0.236821,0.0362162,0,10
fit2,0.14,0,0.577358,0.0596128,0.147903,0.0323558,0,10
fit3,0.14,0,0.466845,0.0607834,0.19574,0.036034,0,10
fit4,0.14,0,0.488938,0.0610115,0.184463,0.035171,0,10
fit1,0.14,0,0.472254,0.0587796,0.193266,0.0343449,0,10
fit2,0.14,0,0.446641,0.062874,0.22286,0.0384945,0,10
fit3,0.14,0,0.426459,0.0631775,0.284894,0.0404991,0,10
fit4,0.14,0,0.457712,0.065986,0.239194,0.0407697,0,10
fit1,0.14,0,0.426828,0.055108,0.181152,0.0326203,0,10
fit2,0.14,0,0.451471,0.0582726,0.22338,0.0358239,0,10
fit3,0.14,0,0.562919,0.0590454,0.178584,0.0327528,0,10
fit4,0.14,0,0.475355,0.0679702,0.248179,0.0417069,0,10
fit1,0.14,0,0.357017,0.059055,0.308292,0.0392712,0,10
fit2,0.14,0,0.575917,0.0624769,0.161003,0.0338718,0,10
fit3,0.14,0,0.520512,0.0586004,0.207144,0.0348294,0,10
fit4,0.14,0,0.456782,0.059606,0.203921,0.0358391,0,10
fit1,0.14,0,0.505436,0.0594028,0.198136,0.0348998,0,10
fit3,0.14,0,0.459513,0.0614341,0.225435,0.0375789,0,10
fit2,0.14,0,0.567066,0.062307,0.210846,0.0361903,0,10
fit4,0.14,0,0.35439,0.0586104,0.224937,0.0369265,0,10
fit1,0.14,0,0.484304,0.0629934,0.214478,0.0380984,0,10
fit3,0.14,0,0.467331,0.063818,0.243393,0.039333,0,10
fit2,0.14,0,0.588272,0.0638866,0.18723,0.0357909,0,10
fit4,0.14,0,0.434459,0.0561266,0.199833,0.0333295,0,10
fit1,0.14,0,0.511601,0.0629878,0.204537,0.0367555,0,10
fit2,0.14,0,0.415971,0.0617216,0.238074,0.0385288,0,10
fit3,0.14,0,0.482093,0.0572636,0.209826,0.0343819,0,10
fit4,0.14,0,0.47034,0.0543606,0.150102,0.0306754,0,10
fit1,0.14,0,0.531244,0.0595545,0.182025,0.0341295,0,10
fit2,0.14,0,0.528435,0.0669285,0.223965,0.0402481,0,10
fit3,0.14,0,0.474719,0.0623985,0.243046,0.0383664,0,10
fit4,0.14,0,0.499525,0.0619431,0.220488,0.0371893,0,10
fit1,0.14,0,0.438287,0.0657266,0.307135,0.0423465,0,10
fit2,0.14,0,0.480205,0.0581549,0.207433,0.0342433,0,10
fit3,0.14,0,0.477709,0.06106,0.231368,0.037021,0,10
fit4,0.14,0,0.500078,0.067766,0.23704,0.041062,0,10
fit1,0.14,0,0.629609,0.0672593,0.215239,0.0388641,0,10
fit2,0.14,0,0.561189,0.0630888,0.237031,0.0377087,0,10
fit3,0.14,0,0.305303,0.062521,0.347669,0.0426804,0,10
fit4,0.14,0,0.3755,0.0574621,0.215172,0.0353063,0,10
fit1,0.14,0,0.482917,0.0584798,0.213056,0.0344734,0,10
fit2,0.14,0,0.520749,0.0653332,0.235991,0.039286,0,10
fit3,0.14,0,0.452609,0.0603337,0.243444,0.0373219,0,10
fit4,0.14,0,0.434046,0.063247,0.273765,0.03993,0,10
fit1,0.14,0,0.498112,0.0637614,0.276595,0.0396429,0,10
fit2,0.14,0,0.420446,0.0637097,0.296017,0.0413345,0,10
fit3,0.14,0,0.451014,0.0653154,0.223015,0.0391003,0,10
fit4,0.14,0,0.5018,0.0561427,0.156603,0.0316312,0,10
fit1,0.14,0,0.567046,0.0627707,0.192317,0.0357792,0,10
fit2,0.14,0,0.359381,0.0578473,0.266891,0.0381755,0,10
fit3,0.14,0,0.508178,0.0650467,0.195974,0.0378534,0,10
fit4,0.14,0,0.578264,0.0664238,0.159331,0.0362141,0,10
fit1,0.14,0,0.443353,0.0668195,0.250249,0.0411704,0,10
fit2,0.14,0,0.453897,0.0627036,0.229494,0.0383744,0,10
fit3,0.14,0,0.419754,0.0600202,0.254157,0.0379889,0,10
fit4,0.14,0,0.545462,0.0621687,0.209485,0.0366481,0,10
fit1,0.14,0,0.475147,0.0610688,0.249611,0.0381049,0,10
fit2,0.14,0,0.495872,0.0717195,0.276283,0.0446773,0,10
fit3,0.14,0,0.450319,0.0598077,0.223395,0.0365722,0,10
fit4,0.14,0,0.568108,0.0673168,0.206782,0.0387933,0,10
fit1,0.14,0,0.458845,0.0647228,0.235183,0.0393246,0,10
fit2,0.14,0,0.612601,0.0658319,0.207429,0.0369505,0,10
fit3,0.14,0,0.480731,0.0656434,0.262748,0.0405479,0,10
fit4,0.14,0,0.450624,0.0592091,0.223891,0.0356531,0,10
fit1,0.14,0,0.454233,0.0629364,0.252714,0.0390619,0,10
fit2,0.14,0,0.528176,0.0693464,0.184207,0.039392,0,10
fit3,0.14,0,0.469928,0.0560442,0.179934,0.0320936,0,10
fit4,0.14,0,0.550298,0.0663446,0.221611,0.0394075,0,10
fit1,0.14,0,0.553612,0.0696459,0.234658,0.0415253,0,10
fit2,0.14,0,0.558769,0.0645354,0.232917,0.0376586,0,10
fit3,0.14,0,0.441336,0.0635767,0.239594,0.0394167,0,10
fit4,0.14,0,0.486488,0.0641103,0.257953,0.0390242,0,10
fit1,0.14,0,0.479948,0.0620894,0.238605,0.038033,0,10
fit2,0.14,0,0.348404,0.066546,0.347002,0.045149,0,10
fit3,0.14,0,0.450567,0.0602727,0.268401,0.0382205,0,10
fit4,0.14,0,0.542086,0.0644403,0.233314,0.0386282,0,10
fit1,0.14,0,0.530579,0.0577058,0.161146,0.0323757,0,10
fit2,0.14,0,0.479916,0.060702,0.251195,0.0370876,0,10
fit3,0.14,0,0.506207,0.0690564,0.267607,0.0423482,0,10
fit4,0.14,0,0.559477,0.0610079,0.173268,0.0339628,0,10
fit1,0.14,0,0.446765,0.0601067,0.211665,0.0362138,0,10
fit2,0.14,0,0.383627,0.0589211,0.305184,0.0384832,0,10
fit3,0.14,0,0.518492,0.0666739,0.259533,0.0409453,0,10
fit4,0.14,0,0.495186,0.0647585,0.226955,0.0391288,0,10
fit1,0.14,0,0.600629,0.0629742,0.216421,0.0363621,0,10
fit2,0.14,0,0.541715,0.0599297,0.206054,0.0347363,0,10
fit3,0.14,0,0.467492,0.0605386,0.211326,0.0359199,0,10
