0.377319
0.452142
0.491562
0.480784
0.304696
0.481554
0.488469
0.592027
0.423645
0.556245
0.497214
0.540003
0.43227
0.494022
0.544538
0.423052
0.50233
0.524145
0.438446
0.412137
0.504203
0.442767
0.528591
0.600197
0.512232
0.494609
0.460131
0.518735
0.559454
0.352744
0.431614
0.526521
0.464675
0.453716
0.538929
0.478356
0.48595
0.444703
0.528944
0.439799
0.411647
0.436443
0.606763
0.502971
0.593877
0.295112
0.546374
0.467411
0.459801
0.432978
0.437879
0.544508
0.410697
0.508323
0.493386
0.413403
0.518512
0.421701
0.412084
0.530662
0.500356
0.460186
0.375621
0.389676
0.544746
0.529836
0.465534
0.671713
0.494853
0.45461
0.512928
0.477048
0.432259
0.509418
0.541286
0.507256
0.402676
0.442287
0.423543
0.377142
0.454119
0.569381
0.570294
0.420384
0.535233
0.535041
0.350087
0.619568
0.426033
0.595191
0.523906
0.513213
0.482997
0.45657
0.452121
0.473321
0.364061
0.450085
0.465346
0.612732
0.505213
0.42394
0.403634
0.445539
0.348393
0.413268
0.415162
0.363405
0.39842
0.382445
0.526082
0.637761
0.501119
0.606753
0.477156
0.503214
0.487419
0.445614
0.443224
0.657895
0.55744
0.472681
0.486892
0.539628
0.450877
0.514432
0.305887
0.57347
0.439448
0.544111
0.462641
0.387084
0.61099
0.511113
0.500657
0.491146
0.487211
0.507467
0.374697
0.43873
0.522815
0.507126
0.507036
0.562786
0.482626
0.472122
0.424726
0.411504
0.536252
0.384276
0.444456
0.524795
0.440497
0.434682
