4.92192	0.526774	0.235959	0.095052	0.015214	0.00939689
4.61029	0.47105	0.26916	0.0912529	0.0154326	0.00980501
4.94872	0.510787	0.226585	0.0953314	0.0147914	0.0091315
4.752	0.478176	0.266181	0.0915837	0.0150987	0.00956644
4.93793	0.512484	0.243165	0.0953662	0.0151641	0.00943989
4.89098	0.502617	0.238269	0.0956878	0.0150948	0.00936718
5.12987	0.475212	0.257736	0.0996169	0.0150529	0.00954175
4.91477	0.508497	0.255743	0.0954611	0.0150956	0.00947555
5.00127	0.496909	0.240012	0.0967998	0.0148711	0.00927668
4.82764	0.4731	0.261146	0.0945447	0.0151626	0.00963183
4.96277	0.490646	0.258229	0.097353	0.0152035	0.00959761
4.69724	0.515173	0.248747	0.091114	0.0152371	0.00948531
4.89954	0.505569	0.252972	0.0953611	0.0150795	0.0094631
4.75587	0.498095	0.251902	0.0921592	0.0151525	0.00951046
4.68067	0.502998	0.244056	0.0892328	0.0149039	0.00929442
4.77789	0.507481	0.235902	0.0935828	0.0150318	0.00931051
4.74726	0.491658	0.247637	0.0937154	0.0151163	0.00949782
5.02089	0.503494	0.245551	0.0959547	0.0149961	0.00938699
4.88997	0.512953	0.233897	0.0964828	0.0150892	0.00929065
4.87597	0.502441	0.244698	0.0947752	0.0150329	0.00940349
4.90695	0.49009	0.259662	0.0950086	0.0151366	0.0095414
4.67246	0.49564	0.256418	0.088355	0.0150371	0.00948393
4.88943	0.516552	0.248469	0.094065	0.0151842	0.00941575
4.83893	0.53062	0.221804	0.0956206	0.0148596	0.00908558
4.87703	0.494296	0.251925	0.0942263	0.0151199	0.00948693
4.69262	0.474387	0.255576	0.0925816	0.0151086	0.00956527
4.60091	0.464064	0.27008	0.0886241	0.0151331	0.00961753
4.74765	0.510291	0.241421	0.0926305	0.0150543	0.00936847
4.81979	0.49264	0.24474	0.0934728	0.0151094	0.00947219
4.72736	0.512307	0.224617	0.092529	0.0148033	0.00912873
4.84296	0.491538	0.263571	0.0927341	0.0152395	0.00958405
4.77919	0.505512	0.235915	0.0912968	0.014838	0.00922391
4.96158	0.479928	0.258421	0.0965885	0.0151421	0.00956777
4.966	0.503354	0.246112	0.0958591	0.0151977	0.00951885
4.87017	0.530898	0.239277	0.093104	0.0151039	0.00934182
4.72461	0.494356	0.260295	0.0919761	0.0154318	0.00970343
4.82003	0.507038	0.242167	0.0924409	0.0150918	0.00938461
4.78296	0.492741	0.253405	0.0934125	0.0150813	0.00948063
4.77608	0.526234	0.229596	0.0932647	0.0152091	0.00942052
5.01478	0.514405	0.242347	0.0986719	0.0152427	0.00946757
4.88146	0.525411	0.230984	0.0931382	0.0149747	0.00922004
4.77996	0.505293	0.243794	0.0919781	0.0150263	0.0093689
4.90097	0.511537	0.22948	0.0961009	0.0150975	0.00931931
4.79711	0.509443	0.237938	0.0934288	0.0152011	0.00946857
4.84906	0.490798	0.24779	0.0941665	0.0149884	0.00939902
4.82129	0.471308	0.264556	0.0936329	0.0152503	0.00968004
4.66043	0.519741	0.22906	0.0904499	0.0147357	0.00909691
4.98389	0.482215	0.257919	0.0984939	0.0152213	0.0095715
4.62606	0.519847	0.241644	0.0906474	0.0150786	0.00934719
4.9111	0.527902	0.251417	0.0950102	0.0154606	0.00963738
4.81229	0.512585	0.241936	0.0945883	0.0151043	0.00940989
4.75055	0.500644	0.254438	0.0915198	0.0152759	0.00959955
4.78618	0.496344	0.251863	0.0940766	0.0152636	0.00957626
4.73638	0.50487	0.251882	0.090033	0.0150677	0.00945656
4.96551	0.480465	0.256136	0.0960212	0.0150166	0.0095208
4.83774	0.503014	0.244424	0.0938431	0.0151509	0.00946461
4.84948	0.490577	0.260716	0.0919937	0.0149796	0.0094273
4.75066	0.520477	0.241556	0.0914344	0.0150052	0.00932517
4.97591	0.526486	0.226216	0.0969596	0.0150141	0.00927097
4.8379	0.491081	0.257463	0.0925236	0.0151318	0.00954652
4.968	0.514101	0.240609	0.0964284	0.0151067	0.00937703
5.02094	0.480753	0.260611	0.0986635	0.015192	0.009573
4.85174	0.530807	0.228331	0.0943829	0.0150019	0.00921762
4.88755	0.489533	0.230393	0.0961498	0.0146622	0.00910806
4.95056	0.483764	0.250836	0.0963585	0.015152	0.00956083
4.8576	0.501323	0.241068	0.095619	0.0150872	0.00940809
4.75631	0.49574	0.252585	0.0922754	0.0151643	0.00952938
4.84671	0.507048	0.234417	0.0946722	0.0149339	0.00923872
4.88876	0.516565	0.234204	0.0938169	0.01492	0.00926122
4.88189	0.485373	0.266556	0.0945504	0.015403	0.00979705
4.93001	0.497302	0.253717	0.0945001	0.0151863	0.00954834
4.76752	0.484989	0.257014	0.0909619	0.014999	0.00942817
4.70726	0.48855	0.252923	0.0926713	0.0150921	0.00949342
4.80113	0.490641	0.247055	0.0932564	0.0150118	0.00938382
4.72284	0.473475	0.260288	0.0915332	0.0150401	0.00950876
4.72785	0.495778	0.243192	0.0950147	0.0150539	0.00938459
4.95522	0.488951	0.253489	0.0973711	0.015218	0.00958965
4.74895	0.473937	0.260573	0.0925334	0.0149709	0.00950477
4.91278	0.517796	0.233063	0.0959503	0.0150853	0.00931052
4.85507	0.493627	0.244058	0.0938197	0.0148385	0.00929422
4.82067	0.486453	0.256122	0.0923895	0.0151846	0.0095612
4.74121	0.510012	0.237387	0.0904529	0.0149187	0.00927032
4.94473	0.498452	0.233532	0.0950545	0.0147178	0.00913377
4.78805	0.477849	0.251809	0.0927976	0.0149253	0.0094369
4.76913	0.469773	0.255316	0.0956029	0.0151581	0.00961953
4.80438	0.494795	0.249251	0.0948488	0.015134	0.00948301
4.81533	0.515671	0.238423	0.0932896	0.015157	0.00942257
4.90068	0.519049	0.244294	0.0949244	0.0150687	0.00940735
4.914	0.493267	0.242124	0.0953008	0.0151105	0.00949464
4.89363	0.462073	0.274957	0.0950082	0.0150881	0.00964776
4.8997	0.491784	0.244979	0.0949359	0.015024	0.00941301
4.69788	0.490804	0.251782	0.0904312	0.0149931	0.00939987
4.88074	0.49856	0.237063	0.0957665	0.0150278	0.00938589
4.86022	0.496156	0.250005	0.0948108	0.0151255	0.00946566
4.7998	0.49142	0.252676	0.0944589	0.0151141	0.00948913
4.72415	0.474444	0.242646	0.0924689	0.014809	0.00929155
4.71963	0.496866	0.23595	0.0941388	0.0149137	0.00924401
4.87198	0.557225	0.223059	0.0945539	0.0150934	0.00920317
4.78563	0.477725	0.267045	0.0942729	0.0152554	0.00967761
4.96062	0.496869	0.238559	0.0965369	0.0147744	0.00922389
4.80408	0.482088	0.255916	0.0932865	0.0152575	0.00965392
4.96622	0.51262	0.234278	0.0969975	0.0149342	0.00926815
4.74723	0.531926	0.232934	0.0907264	0.0149483	0.0092113
4.75466	0.469922	0.26445	0.0946598	0.0152455	0.00967946
4.85604	0.482249	0.251442	0.0946249	0.0151236	0.00952498
4.66889	0.511987	0.244039	0.0889268	0.0149539	0.00929216
4.80299	0.465701	0.264456	0.0929793	0.0151167	0.00961306
5.03579	0.493997	0.251897	0.0972384	0.0151595	0.00952229
4.80295	0.518799	0.240124	0.0925877	0.0149335	0.00920696
5.01395	0.506515	0.240015	0.0969193	0.0150038	0.00933499
4.88734	0.514144	0.24364	0.0961757	0.0152345	0.00949721
5.0281	0.517473	0.242436	0.0966382	0.015132	0.00941411
4.8206	0.491726	0.243503	0.0939968	0.0150382	0.00944703
4.82846	0.490593	0.251311	0.0936717	0.0150723	0.00950313
4.88781	0.490697	0.269834	0.0961618	0.0155038	0.00984613
4.85928	0.514727	0.242923	0.0937578	0.0149589	0.00928947
4.87925	0.508243	0.235242	0.0958643	0.0149308	0.00924673
4.83651	0.510357	0.243787	0.093452	0.0150953	0.0093915
4.90681	0.508359	0.252145	0.0943134	0.0151438	0.00947298
4.71148	0.508401	0.236211	0.0913498	0.015077	0.00934621
4.87497	0.503203	0.248049	0.0924624	0.0150436	0.0094111
4.67503	0.494515	0.243158	0.0907805	0.014928	0.00928903
4.85813	0.506329	0.239719	0.0931138	0.0149781	0.00933617
4.68828	0.485709	0.260705	0.0895391	0.0150453	0.00954124
4.89516	0.47166	0.264271	0.0942734	0.0152368	0.00968288
5.15133	0.509199	0.236918	0.0999874	0.0148807	0.00928573
4.87155	0.48704	0.245814	0.0940084	0.0151229	0.00950547
4.71217	0.487421	0.251744	0.0916468	0.0150704	0.00948579
5.13364	0.531121	0.231618	0.100395	0.015138	0.00935046
4.76378	0.487844	0.249803	0.0929836	0.0151462	0.00950956
5.11851	0.485634	0.26105	0.0987864	0.014997	0.00954891
4.97985	0.486374	0.265447	0.0978858	0.0152511	0.00966245
4.95084	0.504027	0.252404	0.0960482	0.0152012	0.00956427
4.7347	0.513407	0.240008	0.0922871	0.0150839	0.0093496
4.61154	0.493801	0.258005	0.0890134	0.0151203	0.00948142
4.74867	0.479343	0.252729	0.0926574	0.0150584	0.00947714
4.87499	0.488539	0.26104	0.0938085	0.0151418	0.00954011
5.01168	0.500903	0.247396	0.0964948	0.014974	0.00936364
4.84245	0.519383	0.239556	0.0934159	0.014954	0.00929816
4.76716	0.490845	0.258857	0.0924306	0.0151585	0.00956627
4.97987	0.507741	0.247733	0.0977032	0.0152567	0.00953116
4.91207	0.516713	0.241391	0.0948934	0.0149356	0.00932053
4.81635	0.479699	0.255025	0.0948492	0.0150596	0.00948796
4.99723	0.478944	0.262235	0.0969549	0.0151063	0.00961342
4.94949	0.484285	0.250423	0.0965631	0.0150623	0.00946078
4.70074	0.494304	0.247418	0.0914137	0.0150555	0.00945096
4.84523	0.499175	0.257939	0.0937654	0.0152758	0.00963007
4.837	0.486155	0.247987	0.0957849	0.0150354	0.00944613
5.00714	0.509963	0.243126	0.0973271	0.0151425	0.00943524
4.85319	0.512751	0.245793	0.0947494	0.0153502	0.00957867
4.79855	0.510608	0.251792	0.0927071	0.0150688	0.00942413
5.02782	0.482041	0.24983	0.0958495	0.0148088	0.00931177
5.10223	0.503241	0.235501	0.0994062	0.0149715	0.0093131
4.88494	0.507717	0.2391	0.0961657	0.0151288	0.00941988
4.5855	0.479379	0.258426	0.0885134	0.0151104	0.00953728
4.86684	0.484554	0.244151	0.0958757	0.0149214	0.00937726
4.78945	0.468383	0.255087	0.0947945	0.0149371	0.00945198
4.87806	0.508386	0.237002	0.0928845	0.014811	0.00922281
5.06721	0.474214	0.249715	0.0988453	0.0148951	0.00939242
4.80943	0.472818	0.267869	0.0944921	0.0153396	0.00980564
4.7052	0.474716	0.254257	0.0898579	0.0148904	0.00941556
5.10001	0.489451	0.244735	0.100523	0.0151413	0.00952936
4.88791	0.494956	0.258929	0.0954095	0.0152584	0.00960119
4.79194	0.501583	0.252816	0.0931047	0.015304	0.0095981
4.89265	0.459398	0.267587	0.0938047	0.0150745	0.00966573
4.81589	0.496857	0.231309	0.0940647	0.0148149	0.0092315
4.8642	0.498171	0.240031	0.0928937	0.0148451	0.00927277
4.76217	0.487662	0.248243	0.0927134	0.0149741	0.00942326
4.83932	0.493938	0.25732	0.0953441	0.0153619	0.00968867
4.8396	0.499485	0.256909	0.0938288	0.0153741	0.00967511
4.83152	0.506835	0.24181	0.0928655	0.0150664	0.00937869
4.94777	0.499207	0.250145	0.0986703	0.0152521	0.00959295
4.82753	0.503138	0.237175	0.0948391	0.0149615	0.00928703
4.77399	0.473424	0.268055	0.091868	0.0152147	0.00966567
4.80429	0.507115	0.241654	0.0912163	0.0147957	0.00917339
4.76325	0.526398	0.225846	0.092714	0.0148669	0.00915488
4.74381	0.498913	0.242727	0.0933897	0.0149388	0.00929524
4.81402	0.513674	0.245287	0.0931246	0.0152557	0.00954693
5.06387	0.484277	0.253448	0.0979446	0.0150565	0.00947334
4.67081	0.46496	0.276064	0.0898234	0.0152014	0.0096879
4.8302	0.507755	0.257747	0.0937843	0.0151995	0.00950899
4.9203	0.497423	0.238519	0.0950979	0.0149357	0.00931743
4.86625	0.502156	0.234468	0.0946324	0.0147918	0.00917774
4.68543	0.496563	0.23946	0.091648	0.0148774	0.00927609
4.97074	0.483834	0.249735	0.0983081	0.0150796	0.0094822
4.85236	0.502122	0.242318	0.0913569	0.0150139	0.00939026
4.86048	0.486224	0.262044	0.0941432	0.0151742	0.00960328
4.77752	0.505689	0.247151	0.0928374	0.014907	0.00935241
4.77684	0.480211	0.254198	0.0934168	0.0149824	0.00945979
4.89899	0.484554	0.248862	0.096908	0.015133	0.00952788
4.9594	0.495704	0.242538	0.0995179	0.0151333	0.00948034
4.76575	0.507275	0.238659	0.0942976	0.0150884	0.00937346
5.01805	0.508072	0.238752	0.0978607	0.0149849	0.00932529
4.83154	0.519943	0.242789	0.0930414	0.0151115	0.00937151
4.89264	0.523134	0.231927	0.0950882	0.014914	0.0092463
