1.33494	0.194879	0	0.0566987	0.0173449	0
1.25482	0.194313	0	0.0503423	0.0172231	0
1.39387	0.187921	0	0.0545332	0.0168086	0
1.3573	0.173526	0	0.055386	0.0169895	0
1.32613	0.159805	0	0.0541543	0.0161428	0
1.47698	0.217931	0	0.0618191	0.0175685	0
1.36668	0.200191	0	0.0548195	0.0174526	0
1.42282	0.205926	0	0.0558478	0.0170512	0
1.35333	0.17112	0	0.0547818	0.0166549	0
1.33954	0.192094	0	0.0556452	0.0166147	0
1.34971	0.204874	0	0.0539143	0.0180788	0
1.39117	0.198814	0	0.0564506	0.0171345	0
1.25431	0.194812	0	0.0495974	0.0169627	0
1.36443	0.183348	0	0.0573557	0.0175428	0
1.30744	0.227421	0	0.0544043	0.0178946	0
1.39349	0.184638	0	0.058048	0.0178665	0
1.37042	0.196411	0	0.0550389	0.0170534	0
1.21668	0.18821	0	0.0493115	0.0168134	0
1.43084	0.233367	0	0.0562631	0.0183082	0
1.3737	0.18815	0	0.0549005	0.016411	0
1.3267	0.180846	0	0.0535058	0.016479	0
1.3223	0.175021	0	0.0541541	0.0165239	0
1.24217	0.186724	0	0.0512876	0.0172537	0
1.29558	0.2021	0	0.0520457	0.0177647	0
1.37181	0.188005	0	0.055755	0.0169772	0
1.38872	0.21214	0	0.0561861	0.0176956	0
1.26351	0.22504	0	0.0507975	0.0177638	0
1.34329	0.174894	0	0.055741	0.0167275	0
1.39437	0.229082	0	0.0545288	0.0177498	0
1.34542	0.205132	0	0.0524334	0.0168634	0
1.34614	0.189294	0	0.0565108	0.0172591	0
1.36279	0.16961	0	0.0535756	0.0165835	0
1.32822	0.19908	0	0.0555044	0.0169758	0
1.36684	0.242296	0	0.0553818	0.0180394	0
1.38657	0.229624	0	0.0568298	0.0178155	0
1.38183	0.209264	0	0.0555971	0.0174523	0
1.48087	0.193481	0	0.0599823	0.0168579	0
1.36283	0.180365	0	0.0555522	0.0166346	0
1.34222	0.186319	0	0.0564343	0.0169159	0
1.32767	0.195324	0	0.0537425	0.0170898	0
1.27762	0.218846	0	0.0494369	0.017238	0
1.359	0.222197	0	0.0532147	0.0178451	0
1.43574	0.204857	0	0.0579031	0.0181351	0
1.2971	0.228805	0	0.051852	0.0178885	0
1.34206	0.189176	0	0.0540632	0.0167539	0
1.32468	0.18823	0	0.0551081	0.0169636	0
1.3301	0.187914	0	0.0535796	0.0166552	0
1.22114	0.22117	0	0.0489096	0.0179263	0
1.39417	0.171802	0	0.0559541	0.0162879	0
1.37083	0.194863	0	0.0541268	0.016889	0
1.32698	0.183739	0	0.0533411	0.0167821	0
1.23533	0.184055	0	0.046767	0.0171659	0
1.28697	0.203566	0	0.0514368	0.0175547	0
1.35637	0.206674	0	0.0557216	0.0177309	0
1.34987	0.196913	0	0.0558623	0.0171724	0
1.30739	0.185984	0	0.0514066	0.0170698	0
1.35454	0.184147	0	0.0566891	0.0172267	0
1.32694	0.225637	0	0.0550416	0.0181797	0
1.24762	0.163485	0	0.0496709	0.0161324	0
1.38321	0.18987	0	0.0567231	0.0161973	0
1.30354	0.197931	0	0.0527997	0.0176436	0
1.24178	0.183241	0	0.0513227	0.0167527	0
1.407	0.210947	0	0.0548862	0.0169098	0
1.38906	0.221478	0	0.0581378	0.017934	0
1.35046	0.193927	0	0.0550649	0.0167917	0
1.39557	0.193221	0	0.0582815	0.0170521	0
1.44773	0.213591	0	0.0568017	0.0174279	0
1.38639	0.185164	0	0.0561757	0.0173725	0
1.31562	0.221048	0	0.0537606	0.0176102	0
1.36108	0.215186	0	0.0567245	0.0170224	0
1.28053	0.201728	0	0.0508713	0.0174715	0
1.28431	0.200648	0	0.0537144	0.0170755	0
1.2607	0.198627	0	0.0521411	0.0165412	0
1.5235	0.20697	0	0.0645781	0.0173025	0
1.38387	0.244445	0	0.0548288	0.0180968	0
1.34556	0.226299	0	0.0553877	0.0175592	0
1.35308	0.205541	0	0.0536915	0.0174218	0
1.30628	0.170868	0	0.0526805	0.0170408	0
1.25394	0.185291	0	0.0513803	0.0169806	0
1.39996	0.182222	0	0.05641	0.0172542	0
1.31733	0.197035	0	0.0543521	0.0173835	0
1.38369	0.211951	0	0.0577998	0.0174297	0
1.34568	0.212894	0	0.0529065	0.0175159	0
1.24774	0.213951	0	0.0504649	0.0176685	0
1.37827	0.218551	0	0.0545262	0.0174818	0
1.2781	0.217452	0	0.0507008	0.0176167	0
1.32712	0.232014	0	0.052814	0.0181191	0
1.24221	0.168701	0	0.050721	0.0169306	0
1.26149	0.207345	0	0.0505276	0.0175337	0
1.35808	0.163973	0	0.0559718	0.0159328	0
1.28478	0.175751	0	0.0507449	0.0167009	0
1.33764	0.231729	0	0.0541261	0.0181102	0
1.22751	0.199103	0	0.0478592	0.0171259	0
1.24666	0.208346	0	0.0488835	0.0177892	0
1.35772	0.183971	0	0.0552533	0.0166652	0
1.22368	0.194652	0	0.0477258	0.0165893	0
1.42445	0.227249	0	0.0568281	0.0181945	0
1.31564	0.208411	0	0.0546474	0.0175382	0
1.33878	0.218364	0	0.053523	0.017541	0
1.25567	0.209951	0	0.0496836	0.0173368	0
1.30188	0.197322	0	0.0525567	0.0168392	0
1.36993	0.196826	0	0.0568602	0.0170465	0
1.43576	0.205479	0	0.0606168	0.0176964	0
1.34627	0.176843	0	0.0541005	0.0161741	0
1.40509	0.209072	0	0.0566124	0.0175026	0
1.35507	0.164934	0	0.0554627	0.016396	0
1.22957	0.193317	0	0.0494389	0.0167791	0
1.30305	0.198464	0	0.0530141	0.0179361	0
1.39027	0.180619	0	0.0552129	0.0166829	0
1.40824	0.199341	0	0.0568747	0.0169722	0
1.44929	0.20921	0	0.0581555	0.0176047	0
1.30235	0.206484	0	0.0544022	0.017694	0
1.40385	0.225716	0	0.0558363	0.017355	0
1.33982	0.197058	0	0.0532828	0.0168445	0
1.31889	0.199083	0	0.0530779	0.0173298	0
1.26771	0.205071	0	0.0504839	0.0171867	0
1.41166	0.191048	0	0.0565542	0.0167702	0
1.352	0.149802	0	0.0542625	0.0159243	0
1.37273	0.215251	0	0.0538933	0.0174874	0
1.33742	0.199621	0	0.0543226	0.0172048	0
1.34946	0.234299	0	0.0541454	0.0178833	0
1.28359	0.201306	0	0.0497815	0.0173069	0
1.33234	0.175313	0	0.0547606	0.0161619	0
1.35161	0.17983	0	0.0558267	0.016517	0
1.36696	0.181899	0	0.0556624	0.0170315	0
1.33313	0.205966	0	0.052966	0.0179198	0
1.34329	0.223199	0	0.055111	0.0177721	0
1.45132	0.212638	0	0.0593482	0.0172892	0
1.23754	0.165047	0	0.0473003	0.0156806	0
1.36124	0.192039	0	0.0537117	0.016472	0
1.32385	0.189953	0	0.0556235	0.0166354	0
1.24604	0.210106	0	0.0513019	0.0169843	0
1.31061	0.193404	0	0.0536095	0.0172965	0
1.43597	0.219336	0	0.0572911	0.0179054	0
1.31848	0.19135	0	0.0542617	0.0167754	0
1.27918	0.213897	0	0.0515391	0.0174334	0
1.38196	0.200592	0	0.0565461	0.0172961	0
1.33536	0.210262	0	0.0532713	0.0173037	0
1.36142	0.196078	0	0.0574217	0.0171141	0
1.44451	0.188687	0	0.0601822	0.0166825	0
1.33704	0.200795	0	0.0530118	0.01697	0
1.29588	0.198837	0	0.0516545	0.0168866	0
1.28917	0.204145	0	0.052414	0.0175085	0
1.49274	0.21376	0	0.059346	0.0169202	0
1.33405	0.173838	0	0.0538708	0.0164525	0
1.36199	0.208664	0	0.0531585	0.017153	0
1.36547	0.198475	0	0.0542506	0.0163247	0
1.27611	0.197287	0	0.0514254	0.0169531	0
1.30869	0.201326	0	0.0523784	0.0168097	0
1.39825	0.202321	0	0.0561572	0.0169978	0
1.35532	0.19456	0	0.0538548	0.0168846	0
1.37655	0.17991	0	0.0556611	0.0163933	0
1.36829	0.168526	0	0.0562243	0.0164986	0
1.41762	0.23523	0	0.0572166	0.0179067	0
1.39085	0.193262	0	0.0555059	0.016847	0
1.33527	0.208473	0	0.0519394	0.0171289	0
1.3587	0.181528	0	0.0543284	0.0169381	0
1.25445	0.182335	0	0.0507431	0.016537	0
1.35147	0.20205	0	0.0577927	0.0169524	0
1.33621	0.205571	0	0.0516863	0.0173341	0
1.3614	0.195862	0	0.0551079	0.0163644	0
1.30822	0.209937	0	0.0504587	0.0179146	0
1.20539	0.190908	0	0.048812	0.0170443	0
1.20371	0.202334	0	0.0486557	0.017508	0
1.32432	0.20197	0	0.0535499	0.0172832	0
1.31441	0.19032	0	0.0548905	0.017193	0
1.31894	0.187749	0	0.0534713	0.017103	0
1.27188	0.191671	0	0.0515174	0.0170489	0
1.41306	0.202263	0	0.0581191	0.0172503	0
1.26058	0.199126	0	0.0492568	0.017099	0
1.38521	0.216082	0	0.0576653	0.0177208	0
1.34504	0.208313	0	0.0541061	0.017042	0
1.35524	0.218785	0	0.0553669	0.0174412	0
1.30763	0.184534	0	0.0541342	0.0168355	0
1.35562	0.180743	0	0.0547988	0.0166112	0
1.45725	0.179841	0	0.06078	0.0162968	0
1.35553	0.196897	0	0.0540138	0.0168378	0
1.35026	0.207044	0	0.0547306	0.0176859	0
1.39491	0.205961	0	0.0567793	0.0174813	0
1.39718	0.215136	0	0.0575364	0.0179102	0
1.38396	0.192574	0	0.0561435	0.0160138	0
1.23053	0.204523	0	0.0496864	0.0169941	0
1.28437	0.224123	0	0.0516875	0.0179147	0
1.39443	0.210813	0	0.0557972	0.0179966	0
1.33111	0.162841	0	0.0548499	0.0164944	0
1.46352	0.185198	0	0.061435	0.016772	0
1.23376	0.190051	0	0.0498431	0.0171515	0
1.20542	0.192478	0	0.0468274	0.0164821	0
1.4087	0.158378	0	0.0568067	0.0160744	0
1.34113	0.196628	0	0.0529322	0.0174734	0
1.29586	0.213796	0	0.0523642	0.0178901	0
1.32888	0.199008	0	0.0534616	0.0171588	0
1.40476	0.222192	0	0.0589469	0.0180133	0
1.26589	0.182883	0	0.0523665	0.0168015	0
1.42171	0.226619	0	0.0558322	0.0177791	0
1.35076	0.176115	0	0.054667	0.0165249	0
1.31613	0.200674	0	0.0504626	0.0173939	0
1.32215	0.184616	0	0.053937	0.0166422	0
1.34379	0.188966	0	0.0543842	0.0170024	0
1.3931	0.204104	0	0.0568478	0.0173207	0
1.29809	0.188503	0	0.0522261	0.0166833	0
1.27428	0.218695	0	0.0504619	0.0178229	0
1.31313	0.191805	0	0.0521513	0.0172007	0
1.30434	0.18002	0	0.0515961	0.0165779	0
1.39589	0.212407	0	0.05582	0.0179407	0
1.31771	0.182617	0	0.0524744	0.0168379	0
1.34887	0.192301	0	0.0529799	0.0164975	0
1.36921	0.231527	0	0.053168	0.017747	0
1.33556	0.205792	0	0.0537548	0.0170637	0
1.43434	0.180649	0	0.0604236	0.0163329	0
1.38144	0.197714	0	0.054454	0.0171	0
1.42888	0.178765	0	0.0569015	0.0165716	0
1.3727	0.20903	0	0.0572006	0.017181	0
1.37892	0.184092	0	0.0566852	0.0164407	0
1.3323	0.179838	0	0.0539425	0.0167778	0
1.46846	0.191931	0	0.0570252	0.0166254	0
1.42582	0.186027	0	0.0578184	0.0170025	0
1.36493	0.198382	0	0.0539831	0.017125	0
1.32182	0.219837	0	0.0517859	0.0170883	0
1.29191	0.210344	0	0.0506667	0.0170509	0
1.37671	0.245753	0	0.0546567	0.0182547	0
1.35545	0.216128	0	0.0552033	0.0179781	0
1.28796	0.174952	0	0.0533475	0.0167954	0
1.38861	0.198172	0	0.0557738	0.0173519	0
1.35424	0.21358	0	0.0542376	0.0178258	0
1.28362	0.200201	0	0.0505682	0.017071	0
1.42242	0.19094	0	0.0567211	0.0171426	0
1.30307	0.199076	0	0.0520486	0.0169136	0
1.19952	0.193679	0	0.0498568	0.0169788	0
1.27904	0.202162	0	0.0534409	0.0172365	0
1.37189	0.183957	0	0.0554709	0.0167893	0
1.23415	0.192725	0	0.0499075	0.0169949	0
1.30053	0.197049	0	0.0532583	0.0166586	0
1.34317	0.183115	0	0.0532909	0.0163326	0
1.32496	0.216492	0	0.0514002	0.016964	0
1.2403	0.18037	0	0.0497925	0.0168537	0
1.30315	0.185315	0	0.0522332	0.0167961	0
1.4399	0.207137	0	0.0609266	0.0171319	0
1.31882	0.228489	0	0.0538586	0.0180334	0
1.30253	0.22689	0	0.0526186	0.0172409	0
1.31381	0.196446	0	0.0517615	0.0165968	0
1.34621	0.211628	0	0.0547163	0.0170123	0
1.39858	0.188408	0	0.0563555	0.0172224	0
1.31326	0.190574	0	0.0518179	0.0165245	0
1.35768	0.200075	0	0.0549276	0.0169466	0
1.24122	0.214085	0	0.0491508	0.0177417	0
1.2844	0.18911	0	0.0514172	0.0171291	0
1.3365	0.168602	0	0.0531461	0.0167789	0
1.42777	0.209715	0	0.0574599	0.0172697	0
1.38695	0.16735	0	0.0580579	0.0164595	0
1.36203	0.195066	0	0.0543568	0.0167679	0
1.3721	0.221638	0	0.0560032	0.0170532	0
1.34105	0.170744	0	0.055533	0.0165505	0
1.40273	0.209465	0	0.0567482	0.0173557	0
1.23834	0.204363	0	0.0504445	0.0173497	0
1.27708	0.200055	0	0.0511108	0.0177809	0
1.31533	0.202567	0	0.0551361	0.0169575	0
1.36612	0.227318	0	0.0554367	0.018182	0
1.3114	0.203365	0	0.0520418	0.0171008	0
1.44093	0.196371	0	0.0578183	0.0166584	0
1.26738	0.20793	0	0.0516372	0.0172855	0
1.36887	0.205936	0	0.0547527	0.0169066	0
1.2545	0.214874	0	0.0502998	0.0175739	0
1.43613	0.215807	0	0.0592148	0.0175926	0
1.30071	0.197677	0	0.0511083	0.0174214	0
1.38088	0.188197	0	0.0553674	0.0164245	0
1.29222	0.199575	0	0.0527432	0.0172889	0
1.24976	0.2162	0	0.0530262	0.0177479	0
1.28219	0.182294	0	0.0513226	0.016894	0
1.32572	0.198746	0	0.0530241	0.0170735	0
1.41422	0.20678	0	0.0589447	0.0174788	0
1.34438	0.210996	0	0.0545508	0.0177804	0
1.45057	0.209813	0	0.0571656	0.0176951	0
1.40492	0.211525	0	0.0542594	0.0171514	0
1.33454	0.217158	0	0.0528604	0.0180175	0
1.32984	0.226159	0	0.0531326	0.0183246	0
1.27786	0.213012	0	0.0520066	0.0179257	0
1.43537	0.175203	0	0.0595889	0.0166855	0
1.27531	0.160769	0	0.0514193	0.0165325	0
1.34116	0.224845	0	0.0545852	0.0178442	0
1.37177	0.192652	0	0.055687	0.0166816	0
1.402	0.177734	0	0.0577844	0.0165902	0
1.35841	0.183781	0	0.0539636	0.017049	0
1.29425	0.200723	0	0.0542954	0.0172857	0
1.39703	0.172631	0	0.0546012	0.0164495	0
1.37087	0.194757	0	0.0584228	0.0174526	0
1.37908	0.203632	0	0.0572119	0.0175932	0
1.36196	0.216195	0	0.0534902	0.0173714	0
1.23987	0.201937	0	0.0492575	0.0168307	0
1.34745	0.186519	0	0.0548044	0.0170133	0
1.26534	0.158185	0	0.0519902	0.0166026	0
1.23902	0.180466	0	0.0500036	0.0166635	0
1.30355	0.208733	0	0.0536449	0.0180603	0
1.33507	0.162648	0	0.0540614	0.0158609	0
1.30728	0.181826	0	0.05298	0.0172549	0
1.33896	0.204892	0	0.0551524	0.0174907	0
1.32986	0.221307	0	0.0541951	0.0173115	0
1.33144	0.192975	0	0.0549321	0.0171631	0
1.32995	0.237583	0	0.0538074	0.0180371	0
1.23565	0.18463	0	0.0490389	0.0166743	0
1.33255	0.202138	0	0.0529085	0.0169184	0
1.30323	0.174576	0	0.0528725	0.0169022	0
1.3333	0.241285	0	0.0552482	0.0181271	0
1.36379	0.183709	0	0.0550953	0.0171976	0
1.30513	0.161373	0	0.0536496	0.0162284	0
1.32872	0.202802	0	0.0525148	0.0170409	0
1.32595	0.194786	0	0.0526298	0.0169687	0
1.36427	0.213302	0	0.0574313	0.017365	0
1.29496	0.243015	0	0.0521941	0.0180891	0
1.48142	0.183972	0	0.0621103	0.016554	0
1.32753	0.194775	0	0.0564653	0.0172948	0
1.35585	0.234488	0	0.0545481	0.0178142	0
1.36193	0.179454	0	0.0535675	0.0168663	0
1.39989	0.208931	0	0.058843	0.0175444	0
1.38184	0.167035	0	0.0569694	0.0158884	0
1.27174	0.204984	0	0.0522896	0.0175147	0
1.23544	0.210677	0	0.049082	0.0177322	0
1.33955	0.199722	0	0.054339	0.0168973	0
1.36059	0.177179	0	0.0552528	0.0164881	0
1.34312	0.194972	0	0.0554172	0.0173672	0
1.28962	0.186058	0	0.0528169	0.0171613	0
1.30376	0.17981	0	0.0536332	0.0174519	0
1.19466	0.20441	0	0.0469669	0.0172579	0
1.38631	0.190392	0	0.0559501	0.0165071	0
1.34571	0.215014	0	0.0572572	0.0180166	0
1.37481	0.194471	0	0.0564619	0.0170326	0
1.31486	0.166459	0	0.0537484	0.0161019	0
1.35618	0.21056	0	0.0548544	0.0169071	0
1.30457	0.199261	0	0.0508843	0.0167656	0
1.29059	0.209734	0	0.0499111	0.017532	0
1.36017	0.184897	0	0.0547365	0.0167405	0
1.25973	0.234475	0	0.0504079	0.0184613	0
1.37863	0.194858	0	0.0563106	0.0169649	0
1.35251	0.212881	0	0.0547511	0.0177897	0
1.39474	0.194252	0	0.0554742	0.0169921	0
1.33753	0.166734	0	0.0524259	0.0162866	0
1.37431	0.21611	0	0.0546034	0.0173302	0
1.46537	0.201014	0	0.0608538	0.0170439	0
1.34325	0.226007	0	0.0540095	0.0185554	0
1.37951	0.201636	0	0.056048	0.0174446	0
1.24617	0.194395	0	0.0498273	0.0169058	0
1.35085	0.20157	0	0.0535019	0.0175692	0
1.38038	0.213406	0	0.0562681	0.0173523	0
1.21158	0.178325	0	0.0494102	0.0175591	0
1.34733	0.18027	0	0.0541795	0.017023	0
1.27697	0.187201	0	0.051554	0.0172396	0
1.46442	0.158804	0	0.0604121	0.0163102	0
1.24561	0.192559	0	0.050383	0.017263	0
1.23521	0.169961	0	0.0519975	0.0169423	0
1.33453	0.20397	0	0.0510086	0.017239	0
1.2894	0.186129	0	0.051	0.0163312	0
1.30644	0.20938	0	0.0549539	0.0173373	0
1.35918	0.205643	0	0.0555331	0.0168997	0
1.34762	0.228217	0	0.0553515	0.0179647	0
1.327	0.175349	0	0.0534034	0.0162814	0
1.30837	0.202139	0	0.053452	0.0172338	0
1.31042	0.197389	0	0.0535608	0.0168842	0
1.40835	0.219566	0	0.0559033	0.0175933	0
1.36055	0.181881	0	0.0556543	0.0165609	0
1.40506	0.229632	0	0.0556123	0.017726	0
1.25864	0.212292	0	0.0501228	0.0179743	0
1.34799	0.214725	0	0.0528716	0.0177331	0
1.36625	0.193991	0	0.0552423	0.0166446	0
1.35155	0.184708	0	0.054385	0.0171	0
1.2195	0.197249	0	0.0510478	0.0170525	0
1.36318	0.183982	0	0.0536675	0.0171551	0
1.36256	0.193863	0	0.0553027	0.0168777	0
1.45684	0.204451	0	0.0600507	0.0171451	0
1.34404	0.196434	0	0.0527843	0.0170567	0
1.37932	0.196393	0	0.0558628	0.016652	0
1.31682	0.204716	0	0.0533088	0.0170603	0
1.44654	0.202858	0	0.0592816	0.0177096	0
1.30993	0.211456	0	0.0553796	0.0172898	0
1.32582	0.189114	0	0.0536456	0.016905	0
1.38114	0.17856	0	0.0559174	0.0163265	0
1.35317	0.185906	0	0.0540152	0.0167198	0
1.22899	0.18654	0	0.0509244	0.0172132	0
1.36638	0.205914	0	0.0566882	0.0172994	0
1.34215	0.201478	0	0.0536579	0.0169824	0
1.31446	0.20064	0	0.0504068	0.0170825	0
1.35127	0.17959	0	0.0543754	0.0171683	0
1.28831	0.221185	0	0.0534851	0.0179586	0
1.48507	0.213899	0	0.0584462	0.0173586	0
1.4159	0.2198	0	0.0586326	0.0174756	0
1.31924	0.210317	0	0.0556386	0.0173816	0
1.29756	0.200326	0	0.0513111	0.0172632	0
1.29481	0.186927	0	0.0517578	0.0170821	0
1.36395	0.150714	0	0.0552467	0.015625	0
1.28298	0.210596	0	0.0550869	0.0181964	0
1.39676	0.238593	0	0.0561367	0.017773	0
1.26786	0.189144	0	0.051113	0.0168915	0
1.32175	0.230416	0	0.0517346	0.0178828	0
1.32162	0.212431	0	0.0536614	0.0177384	0
1.35059	0.222653	0	0.0567043	0.0176863	0
1.30511	0.229469	0	0.0511483	0.01731	0
1.34159	0.196407	0	0.0553254	0.0169939	0
1.3851	0.220379	0	0.0571887	0.0179295	0
1.24422	0.198966	0	0.0506089	0.0173982	0
1.41443	0.201655	0	0.0603143	0.0171527	0
1.45582	0.195798	0	0.0572054	0.0172619	0
1.33746	0.211506	0	0.0544249	0.0175196	0
1.31138	0.205807	0	0.0535163	0.0175426	0
1.30925	0.230072	0	0.0511528	0.0178492	0
1.314	0.1944	0	0.0521882	0.0173919	0
1.48629	0.197253	0	0.0598894	0.0172503	0
1.42687	0.215847	0	0.06046	0.0181478	0
1.36242	0.216123	0	0.0550345	0.0174935	0
1.29311	0.190767	0	0.0517239	0.0171204	0
1.37515	0.202871	0	0.0585862	0.017463	0
1.34469	0.238525	0	0.0534534	0.0182016	0
1.31431	0.20759	0	0.0535534	0.0179079	0
1.30943	0.222543	0	0.0554821	0.0178789	0
1.3307	0.204108	0	0.0534803	0.0172765	0
1.34461	0.192209	0	0.0550344	0.017017	0
1.37961	0.209334	0	0.056124	0.0173847	0
1.26907	0.228859	0	0.0507134	0.0178241	0
1.36489	0.181686	0	0.0548052	0.0167185	0
1.41535	0.179378	0	0.0578863	0.0166148	0
1.23357	0.186153	0	0.0514913	0.0170695	0
1.25429	0.209434	0	0.0491247	0.0172407	0
1.32791	0.205402	0	0.0532076	0.0167501	0
1.35525	0.22169	0	0.0549893	0.017715	0
1.28266	0.200994	0	0.0510082	0.0170375	0
1.2578	0.208453	0	0.0498633	0.0171181	0
1.34926	0.193433	0	0.0544759	0.0168949	0
1.39816	0.205756	0	0.0580017	0.0174533	0
1.27133	0.207155	0	0.0523516	0.0170541	0
1.35791	0.193832	0	0.0544369	0.0171548	0
1.35937	0.214477	0	0.053969	0.0168428	0
1.26319	0.225454	0	0.0533752	0.0178814	0
1.25054	0.190512	0	0.0516759	0.0169093	0
1.44263	0.191891	0	0.0603495	0.0170738	0
1.36754	0.204253	0	0.05359	0.01705	0
1.36801	0.198411	0	0.0542437	0.0168575	0
1.40672	0.184791	0	0.0581761	0.0171723	0
1.3797	0.192806	0	0.0565353	0.0168411	0
1.29622	0.200278	0	0.0544174	0.017337	0
1.34749	0.212678	0	0.0540903	0.0172544	0
1.46025	0.17838	0	0.0637544	0.0167631	0
1.29906	0.185391	0	0.0514946	0.0165718	0
1.27341	0.217153	0	0.05234	0.01766	0
1.40406	0.196338	0	0.0568852	0.0165237	0
1.27434	0.196288	0	0.0533903	0.0170387	0
1.23093	0.189135	0	0.0493607	0.0168394	0
1.28212	0.176268	0	0.0504564	0.0162707	0
1.32669	0.171378	0	0.0534985	0.0160944	0
1.36965	0.181437	0	0.0554936	0.0164727	0
1.30539	0.201172	0	0.0525382	0.0173299	0
1.24641	0.181341	0	0.0501145	0.0162529	0
1.35123	0.178234	0	0.0545274	0.0169841	0
1.36613	0.205969	0	0.054175	0.0172193	0
1.3129	0.211727	0	0.0528765	0.0172541	0
1.4094	0.18021	0	0.0582641	0.0169245	0
1.38879	0.157958	0	0.0565633	0.0160161	0
1.31232	0.20022	0	0.0530091	0.0167881	0
1.39902	0.19896	0	0.0569076	0.0167195	0
1.28874	0.196809	0	0.0528445	0.0165852	0
1.34973	0.228777	0	0.0536651	0.0176216	0
1.37069	0.195992	0	0.05633	0.0170029	0
1.3492	0.220743	0	0.0554788	0.0167794	0
1.26512	0.182959	0	0.0520284	0.0169022	0
1.36174	0.203149	0	0.0532782	0.0170512	0
1.21269	0.209355	0	0.0491141	0.0180595	0
1.44456	0.221198	0	0.0607984	0.0172265	0
1.30169	0.207245	0	0.0544552	0.0173417	0
1.3066	0.211631	0	0.05222	0.0174867	0
1.29671	0.211294	0	0.052665	0.0171998	0
1.41072	0.19473	0	0.057189	0.0177377	0
1.39285	0.167427	0	0.0549873	0.0163467	0
1.40838	0.216887	0	0.0561383	0.0176556	0
1.22307	0.206237	0	0.0482756	0.0168295	0
1.41715	0.183514	0	0.056431	0.0164904	0
1.36907	0.215523	0	0.053889	0.0177585	0
1.30951	0.191908	0	0.0498957	0.0168669	0
1.41491	0.197594	0	0.0587644	0.017163	0
1.32848	0.21651	0	0.0525249	0.0175017	0
1.26247	0.170879	0	0.0520296	0.0161191	0
1.31404	0.194343	0	0.0519709	0.0168315	0
1.27786	0.178796	0	0.0539089	0.016451	0
1.37679	0.199608	0	0.0558407	0.0176424	0
1.29941	0.213136	0	0.052506	0.0178696	0
1.31359	0.200261	0	0.0536152	0.0173917	0
1.33381	0.211276	0	0.0530325	0.0172136	0
1.3323	0.22447	0	0.0532593	0.0173692	0
1.37837	0.178796	0	0.0575955	0.0158572	0
1.22674	0.198494	0	0.0500004	0.0173442	0
1.3491	0.190634	0	0.0543155	0.0169595	0
1.40628	0.239055	0	0.0566082	0.0182879	0
1.41205	0.194092	0	0.0571949	0.0170846	0
1.31212	0.187834	0	0.0539648	0.0168258	0
1.30306	0.202414	0	0.0519643	0.0173567	0
1.28922	0.239988	0	0.0518868	0.0179355	0
1.4276	0.203116	0	0.0564446	0.01709	0
1.35751	0.196816	0	0.0531899	0.0170625	0
1.26662	0.217969	0	0.0504422	0.0178999	0
1.3056	0.174368	0	0.0552663	0.0163039	0
1.34796	0.188862	0	0.0547496	0.0166223	0
1.335	0.194293	0	0.0536585	0.017025	0
1.35967	0.205343	0	0.0554438	0.0172671	0
1.38333	0.207975	0	0.0559135	0.0174801	0
1.28481	0.196439	0	0.0488671	0.0167306	0
1.22016	0.203089	0	0.049505	0.017503	0
1.35426	0.216644	0	0.0535624	0.0177165	0
1.34053	0.202098	0	0.054748	0.0174553	0
1.35819	0.225775	0	0.0541429	0.0175593	0
1.27741	0.186839	0	0.0491965	0.016596	0
1.28319	0.194779	0	0.0529477	0.0170657	0
1.29137	0.172666	0	0.0523659	0.0167851	0
1.33832	0.198338	0	0.0546426	0.0173843	0
1.32323	0.222062	0	0.0528894	0.0172659	0
1.33846	0.193896	0	0.0525299	0.0168757	0
1.37265	0.195405	0	0.0567637	0.0169713	0
1.22816	0.175643	0	0.0497137	0.0163396	0
1.37961	0.188395	0	0.055518	0.0166843	0
1.30799	0.16349	0	0.054653	0.0166404	0
1.41395	0.213981	0	0.0552463	0.0170975	0
1.26959	0.208222	0	0.0505206	0.017516	0
1.38308	0.198957	0	0.0566835	0.0168455	0
1.28069	0.183186	0	0.0506893	0.016167	0
1.29279	0.200821	0	0.0537697	0.0173377	0
1.30807	0.208424	0	0.0528881	0.0171372	0
1.40974	0.182999	0	0.0576362	0.0168048	0
1.3855	0.211618	0	0.0570977	0.0171211	0
1.28247	0.17314	0	0.0531084	0.0170137	0
1.25492	0.187096	0	0.0504155	0.0167313	0
1.37009	0.187098	0	0.05501	0.0169935	0
1.39152	0.216403	0	0.0553259	0.01793	0
1.40068	0.203394	0	0.0552907	0.0177459	0
1.45202	0.220247	0	0.0586139	0.0170174	0
1.37368	0.176599	0	0.0571864	0.01659	0
1.37136	0.187685	0	0.0588049	0.0168526	0
1.29626	0.195341	0	0.0530916	0.017249	0
1.26399	0.183212	0	0.0512418	0.0174545	0
1.27325	0.194351	0	0.0519086	0.0173256	0
1.40335	0.207917	0	0.0566093	0.0174144	0
1.48031	0.197372	0	0.0592469	0.0172794	0
1.35265	0.235111	0	0.0539563	0.0177256	0
1.3386	0.188148	0	0.0539174	0.0163352	0
1.32101	0.207537	0	0.0547896	0.0171791	0
1.32455	0.206916	0	0.0547869	0.0176259	0
1.29457	0.207092	0	0.0538816	0.0176688	0
1.36261	0.176498	0	0.0553253	0.0167753	0
1.31463	0.250644	0	0.0509784	0.0176053	0
1.40344	0.231333	0	0.0569326	0.0180466	0
1.42145	0.215229	0	0.0571722	0.0175942	0
1.40906	0.190625	0	0.0548912	0.0169418	0
1.33375	0.203763	0	0.0534017	0.0167116	0
1.4208	0.213634	0	0.0579943	0.0179882	0
1.41792	0.168097	0	0.0559471	0.0160555	0
1.29904	0.198504	0	0.0514992	0.017194	0
1.29293	0.235702	0	0.0537671	0.0177111	0
1.42155	0.205655	0	0.0587765	0.0171586	0
1.40494	0.194331	0	0.0548042	0.016775	0
1.37127	0.216428	0	0.0557646	0.0174968	0
1.31711	0.18119	0	0.0545564	0.0167829	0
1.32219	0.197548	0	0.0550631	0.0178006	0
1.29714	0.217217	0	0.0511965	0.01733	0
1.32609	0.195373	0	0.0515511	0.017339	0
1.32308	0.228211	0	0.0548679	0.0178127	0
1.43571	0.208402	0	0.0602607	0.0170734	0
1.36383	0.18223	0	0.0546914	0.016351	0
1.3324	0.17563	0	0.0543431	0.0167977	0
1.38208	0.210645	0	0.0554212	0.0174664	0
1.3637	0.190742	0	0.0548519	0.0167273	0
1.31911	0.225773	0	0.0514394	0.0180661	0
1.39107	0.200535	0	0.0576022	0.0179183	0
1.36575	0.171498	0	0.0556121	0.0161514	0
1.30277	0.17379	0	0.0552018	0.0169167	0
1.2523	0.178974	0	0.0481935	0.0164351	0
1.30915	0.18795	0	0.0530132	0.0170027	0
1.34367	0.209105	0	0.0559424	0.0171835	0
1.315	0.181074	0	0.0554107	0.0167255	0
1.28466	0.17127	0	0.0522891	0.016675	0
1.32057	0.224481	0	0.0522946	0.0175615	0
1.37944	0.165615	0	0.0549596	0.0164126	0
1.4289	0.191	0	0.0575484	0.0170112	0
1.50559	0.191747	0	0.0616812	0.0165566	0
1.33653	0.185781	0	0.0535549	0.0165341	0
1.26397	0.215183	0	0.0505938	0.0175225	0
1.39753	0.199855	0	0.0555349	0.0177427	0
1.37919	0.214574	0	0.0578135	0.0175365	0
1.3263	0.209118	0	0.052539	0.0181226	0
1.37631	0.194021	0	0.0577824	0.0164733	0
1.37306	0.197692	0	0.0534525	0.0167677	0
1.27458	0.211502	0	0.0509855	0.0180283	0
1.2859	0.215629	0	0.0526961	0.017698	0
1.31691	0.23424	0	0.0530692	0.0179808	0
1.36919	0.22817	0	0.0553119	0.0182337	0
1.34164	0.199126	0	0.0537614	0.0170688	0
1.28053	0.202937	0	0.0538262	0.0176985	0
1.44933	0.175685	0	0.0575605	0.0165111	0
1.452	0.200819	0	0.0591903	0.0172051	0
1.3638	0.199807	0	0.0550905	0.0170402	0
1.31365	0.193388	0	0.0537405	0.016758	0
1.35947	0.263264	0	0.0539042	0.0184455	0
1.40467	0.186968	0	0.0566927	0.0168646	0
1.39282	0.221419	0	0.0550744	0.0178596	0
1.41903	0.187908	0	0.0610562	0.0169348	0
1.36762	0.182787	0	0.0545878	0.0164388	0
1.32253	0.230707	0	0.0548936	0.0180327	0
1.28946	0.221099	0	0.0508877	0.0173237	0
1.36143	0.205525	0	0.0595522	0.017906	0
1.34425	0.196605	0	0.0516691	0.0171022	0
1.40915	0.204432	0	0.055876	0.0172104	0
1.38382	0.186366	0	0.0556661	0.017034	0
1.28461	0.185507	0	0.0519156	0.0170331	0
1.40986	0.190504	0	0.0595611	0.0168679	0
1.31877	0.18256	0	0.0521903	0.0167134	0
1.28517	0.191695	0	0.0527466	0.0166899	0
1.38801	0.201619	0	0.0534697	0.0173227	0
1.31496	0.214695	0	0.0531161	0.0177532	0
1.36406	0.167368	0	0.0558903	0.016668	0
1.24789	0.168745	0	0.0512088	0.0166165	0
1.31209	0.24004	0	0.0550655	0.0179882	0
1.41068	0.200342	0	0.0583443	0.0174927	0
1.32149	0.174718	0	0.0508874	0.0165708	0
1.43758	0.186225	0	0.0583951	0.0169935	0
1.34988	0.220982	0	0.057082	0.0179251	0
1.49361	0.194681	0	0.0631162	0.0175487	0
1.38864	0.19822	0	0.0554889	0.0175412	0
1.34321	0.178582	0	0.0532524	0.0166955	0
1.28289	0.180499	0	0.0528015	0.0167919	0
1.31485	0.207842	0	0.0538791	0.0173368	0
1.40029	0.197644	0	0.0581746	0.0171236	0
1.20437	0.217359	0	0.0462451	0.0173251	0
1.40696	0.172511	0	0.0545471	0.016193	0
1.23212	0.218214	0	0.0499244	0.0175671	0
1.30096	0.186602	0	0.051812	0.0167366	0
1.32392	0.189739	0	0.0540985	0.0175634	0
1.38144	0.20971	0	0.055127	0.0169534	0
1.38321	0.21075	0	0.0558674	0.0175803	0
1.39016	0.185693	0	0.056251	0.0169269	0
1.35201	0.179909	0	0.0557287	0.0172486	0
1.34551	0.21736	0	0.0527382	0.0170491	0
1.36955	0.228341	0	0.0570906	0.0176812	0
1.32265	0.173039	0	0.0525866	0.0166055	0
1.32121	0.205503	0	0.0513865	0.0180053	0
1.32383	0.230312	0	0.0554634	0.0179717	0
1.25976	0.196847	0	0.0508887	0.0172007	0
1.26675	0.199811	0	0.0510483	0.0168986	0
1.43836	0.209552	0	0.0577154	0.0174855	0
1.32545	0.205139	0	0.054374	0.0174706	0
1.32857	0.20363	0	0.0546515	0.017342	0
1.42288	0.195047	0	0.0569676	0.0169806	0
1.288	0.181273	0	0.0550421	0.0165231	0
1.4649	0.194128	0	0.0596657	0.0165385	0
1.30739	0.210671	0	0.0532978	0.0173542	0
1.31834	0.168565	0	0.0542559	0.0165765	0
1.35839	0.20888	0	0.0552532	0.0173845	0
1.32865	0.205577	0	0.0538039	0.0166044	0
1.39867	0.193794	0	0.0595029	0.017768	0
1.36583	0.194968	0	0.0533296	0.017063	0
1.32666	0.208153	0	0.0519143	0.0169453	0
1.34659	0.221465	0	0.0547152	0.0174683	0
1.33899	0.224089	0	0.0558239	0.0182561	0
1.30753	0.212287	0	0.0515774	0.0174607	0
1.2451	0.189182	0	0.0515428	0.0169274	0
1.28903	0.23444	0	0.0514015	0.0178195	0
1.3198	0.169181	0	0.0532012	0.0162426	0
1.44031	0.173122	0	0.0594456	0.0160206	0
1.39873	0.150773	0	0.0565575	0.0161256	0
1.37181	0.201067	0	0.0553467	0.0173872	0
1.31864	0.23213	0	0.0528609	0.0182351	0
1.34859	0.21032	0	0.054516	0.0171688	0
1.28755	0.182142	0	0.0496655	0.0165208	0
1.3856	0.23586	0	0.0549809	0.0182753	0
1.3117	0.22511	0	0.0524868	0.0183353	0
1.38233	0.169896	0	0.0581447	0.017252	0
1.38542	0.19196	0	0.0547978	0.0167932	0
1.26987	0.180255	0	0.0511216	0.0166236	0
1.29034	0.212456	0	0.0530761	0.0176997	0
1.24444	0.189585	0	0.0500082	0.0166843	0
1.29541	0.199724	0	0.0524707	0.0171526	0
1.41746	0.207295	0	0.0569227	0.0175977	0
1.36068	0.189552	0	0.0550332	0.0170704	0
1.32375	0.184929	0	0.0529811	0.0165767	0
1.31293	0.213457	0	0.0536364	0.0176408	0
1.32292	0.196969	0	0.0536063	0.0168639	0
1.42173	0.179578	0	0.0608573	0.0166949	0
1.33551	0.191954	0	0.0532063	0.0170991	0
1.36391	0.183091	0	0.054769	0.0166592	0
1.23459	0.19712	0	0.0483962	0.0172824	0
1.29628	0.225052	0	0.0515091	0.0178998	0
1.40812	0.154078	0	0.0565944	0.0156272	0
1.35202	0.222862	0	0.0555797	0.0176621	0
1.30988	0.241184	0	0.0507679	0.0179713	0
1.29063	0.217905	0	0.0534786	0.0177544	0
1.29886	0.206452	0	0.0551636	0.0175943	0
1.29893	0.213471	0	0.0525389	0.0176905	0
1.40433	0.22502	0	0.0552485	0.0180929	0
1.34005	0.189123	0	0.0536792	0.0168227	0
1.31868	0.184218	0	0.0518572	0.0163568	0
1.34119	0.177908	0	0.0549141	0.0164808	0
1.37594	0.184657	0	0.056242	0.0168206	0
1.27726	0.189005	0	0.0535044	0.0173236	0
1.2636	0.226811	0	0.0506634	0.0178405	0
1.26922	0.210033	0	0.051709	0.0175123	0
1.34562	0.186136	0	0.051992	0.0165286	0
1.24754	0.22574	0	0.0491388	0.0171454	0
1.28827	0.193181	0	0.0520152	0.0169867	0
1.21506	0.209596	0	0.0493099	0.0174627	0
1.29992	0.209615	0	0.0523532	0.0169427	0
1.40736	0.205197	0	0.0569826	0.0170647	0
1.34686	0.217178	0	0.054687	0.0172774	0
1.44604	0.205492	0	0.0611621	0.0177942	0
1.29742	0.197877	0	0.0518651	0.0166746	0
1.35051	0.210741	0	0.0530068	0.0169305	0
1.31248	0.197621	0	0.0502406	0.0164453	0
1.27208	0.212229	0	0.0514197	0.0171922	0
1.34088	0.226064	0	0.0560031	0.0178963	0
1.3048	0.182289	0	0.0511992	0.0169061	0
1.3254	0.195778	0	0.0534968	0.0172694	0
1.4291	0.195423	0	0.0564618	0.0164591	0
1.27627	0.18943	0	0.0509989	0.0168689	0
1.27894	0.212469	0	0.0529233	0.0169099	0
1.32298	0.205391	0	0.0517828	0.017111	0
1.41063	0.188854	0	0.0579802	0.0166309	0
1.34568	0.211629	0	0.0530614	0.0175092	0
1.31295	0.226895	0	0.0522395	0.017722	0
1.38361	0.198044	0	0.054996	0.0167193	0
1.36345	0.184363	0	0.0544636	0.0169975	0
1.24073	0.193759	0	0.0501185	0.0168622	0
1.33089	0.205944	0	0.0537994	0.017393	0
1.33448	0.2146	0	0.0547792	0.01738	0
1.33649	0.180724	0	0.0543428	0.0163371	0
1.31161	0.179962	0	0.0505761	0.0163151	0
1.37402	0.183242	0	0.0559659	0.0164833	0
1.17534	0.222159	0	0.0479277	0.0177304	0
1.2727	0.190834	0	0.0519566	0.0168565	0
1.31776	0.219904	0	0.05338	0.0176209	0
1.4019	0.199622	0	0.0573726	0.0170647	0
1.24236	0.203036	0	0.0498857	0.0178936	0
1.32502	0.193248	0	0.0523135	0.017215	0
1.2639	0.221355	0	0.0499957	0.0176219	0
1.36538	0.213506	0	0.0536556	0.0176037	0
1.28922	0.177126	0	0.0521939	0.0166233	0
1.26068	0.218731	0	0.0514261	0.0173718	0
1.4325	0.196781	0	0.0565607	0.0166607	0
1.27715	0.238938	0	0.0525004	0.0178468	0
1.39597	0.202874	0	0.0557881	0.0168539	0
1.31292	0.207056	0	0.0534077	0.0171473	0
1.44574	0.190199	0	0.0593033	0.017259	0
1.3759	0.174469	0	0.057482	0.016524	0
1.30575	0.18271	0	0.0531793	0.0171424	0
1.28425	0.241658	0	0.0521628	0.0184547	0
1.40878	0.222863	0	0.0551335	0.0173123	0
1.2523	0.214381	0	0.0502004	0.01748	0
1.322	0.195314	0	0.0524466	0.0165219	0
1.36365	0.211666	0	0.0563536	0.0175458	0
1.35775	0.194061	0	0.0518129	0.0171909	0
1.27004	0.192367	0	0.0521361	0.016603	0
1.21664	0.2179	0	0.0479489	0.01736	0
1.20722	0.193324	0	0.047937	0.0174981	0
1.27683	0.178026	0	0.0500155	0.016683	0
1.26861	0.200285	0	0.050166	0.0176437	0
1.34789	0.201487	0	0.054388	0.0169288	0
1.28845	0.193708	0	0.051194	0.0171649	0
1.28336	0.208281	0	0.0545376	0.0178865	0
1.33799	0.167331	0	0.0518941	0.016115	0
1.33076	0.203597	0	0.0553726	0.0174923	0
1.31932	0.210143	0	0.052754	0.0176326	0
1.25178	0.196992	0	0.0509047	0.0169715	0
1.33001	0.18889	0	0.0536519	0.0171657	0
1.3775	0.195957	0	0.0546773	0.0167532	0
1.30968	0.18817	0	0.0535929	0.0174389	0
1.3513	0.197225	0	0.0548029	0.0169133	0
1.38455	0.207573	0	0.0540588	0.0171615	0
1.38199	0.211827	0	0.0559042	0.017894	0
1.28608	0.220142	0	0.0520758	0.0177858	0
1.30411	0.227025	0	0.0508087	0.0176034	0
1.30198	0.207018	0	0.0521507	0.0170824	0
1.28144	0.214976	0	0.0521181	0.0174572	0
1.41442	0.211301	0	0.057504	0.0167168	0
1.43332	0.19127	0	0.0576702	0.017314	0
1.29873	0.232	0	0.0525811	0.0176973	0
1.29224	0.190112	0	0.0529234	0.0170137	0
1.36252	0.202154	0	0.0524119	0.0168458	0
1.37009	0.185036	0	0.0573276	0.0165773	0
1.2596	0.220073	0	0.0512105	0.0175223	0
1.41926	0.200185	0	0.0574285	0.0171047	0
1.44998	0.230586	0	0.0590482	0.0182836	0
1.4723	0.187676	0	0.0602626	0.0167224	0
1.52744	0.208068	0	0.063449	0.0173274	0
1.272	0.170994	0	0.047921	0.0162834	0
1.35622	0.208418	0	0.0553628	0.0175961	0
1.19061	0.170667	0	0.046029	0.0161809	0
1.36616	0.178002	0	0.0575853	0.016658	0
1.26483	0.206399	0	0.0493409	0.017067	0
1.33575	0.206192	0	0.0570534	0.0170707	0
1.4001	0.208053	0	0.0557395	0.0173618	0
1.34379	0.18651	0	0.0555507	0.0170615	0
1.42341	0.199864	0	0.0591861	0.0173793	0
1.37932	0.22549	0	0.05355	0.0177826	0
1.32738	0.222434	0	0.052603	0.017883	0
1.31723	0.189149	0	0.0532672	0.0174164	0
1.27862	0.179787	0	0.0522642	0.0168992	0
1.37102	0.206461	0	0.0557661	0.0172759	0
1.35474	0.20263	0	0.0563892	0.0172147	0
1.36726	0.202787	0	0.0571972	0.0175121	0
1.23494	0.190028	0	0.0486534	0.0173079	0
1.30656	0.231159	0	0.0523737	0.0176545	0
1.40685	0.207501	0	0.0567737	0.0171147	0
1.2419	0.202177	0	0.0490738	0.0167702	0
1.21458	0.219512	0	0.0495539	0.0171014	0
1.25707	0.206435	0	0.0494886	0.0179117	0
1.32277	0.229765	0	0.0536623	0.0180235	0
1.45791	0.183284	0	0.0579834	0.0167386	0
1.451	0.188413	0	0.0607696	0.0164458	0
1.3664	0.194838	0	0.0543641	0.0172461	0
1.29713	0.198094	0	0.0522255	0.0174041	0
1.31055	0.203285	0	0.0532299	0.0173055	0
1.30532	0.195318	0	0.0537263	0.0176088	0
1.35329	0.23223	0	0.0543337	0.0181626	0
1.35621	0.237749	0	0.0539411	0.0185156	0
1.31603	0.202679	0	0.0536839	0.0176225	0
1.3971	0.185664	0	0.059141	0.0169537	0
1.41195	0.198331	0	0.0581483	0.0171411	0
1.44684	0.21676	0	0.0588066	0.0180531	0
1.23024	0.20494	0	0.0498859	0.0178932	0
1.27508	0.20651	0	0.052169	0.0177109	0
1.26283	0.201321	0	0.0511212	0.0171452	0
1.30715	0.2075	0	0.0520201	0.0172754	0
1.33766	0.211006	0	0.0543587	0.0178532	0
1.33098	0.177442	0	0.053743	0.0166177	0
1.4291	0.211491	0	0.0578536	0.0173414	0
1.46183	0.190083	0	0.0587764	0.0173596	0
1.33389	0.17526	0	0.0545806	0.0163168	0
1.40833	0.18772	0	0.0567244	0.0167428	0
1.32924	0.182551	0	0.0531455	0.0165285	0
1.57475	0.227572	0	0.064875	0.0177489	0
1.40443	0.182522	0	0.0569008	0.0169222	0
1.35214	0.189747	0	0.0565027	0.016586	0
1.27953	0.204457	0	0.0516988	0.0170281	0
1.24651	0.203027	0	0.0502818	0.0169682	0
1.307	0.193836	0	0.0528673	0.016912	0
1.31424	0.19777	0	0.0537584	0.0179953	0
1.33148	0.182552	0	0.0543539	0.0161409	0
1.35968	0.196437	0	0.0563272	0.0171389	0
1.32403	0.191381	0	0.0505631	0.0168251	0
1.25445	0.198631	0	0.0499371	0.0167625	0
1.27312	0.20065	0	0.0509295	0.0170125	0
1.28255	0.249078	0	0.0521038	0.0180195	0
1.35609	0.197305	0	0.0563018	0.0175691	0
1.44093	0.196565	0	0.0588306	0.0172357	0
1.2682	0.210206	0	0.0536741	0.0176462	0
1.39296	0.191271	0	0.0546826	0.0167971	0
1.37364	0.208146	0	0.0545308	0.0174854	0
1.41068	0.191837	0	0.0559492	0.0166961	0
1.30982	0.171339	0	0.0518116	0.0171709	0
1.3889	0.218995	0	0.0563376	0.0173235	0
1.34988	0.199432	0	0.0545325	0.0171804	0
1.27626	0.215143	0	0.0510388	0.0178451	0
1.3046	0.21976	0	0.0536055	0.0176773	0
1.38988	0.20953	0	0.0574092	0.0173873	0
1.31467	0.188065	0	0.055229	0.0169502	0
1.38253	0.188868	0	0.0542531	0.0167976	0
1.32894	0.21986	0	0.0542149	0.0176435	0
1.24223	0.203379	0	0.0487359	0.0173153	0
1.30495	0.233159	0	0.0552302	0.0181041	0
1.37553	0.199709	0	0.0574074	0.0167096	0
1.30083	0.218667	0	0.0510054	0.0177343	0
1.28551	0.184607	0	0.0537361	0.0168452	0
1.29858	0.200703	0	0.0514779	0.0167659	0
1.3759	0.168213	0	0.0556741	0.0164956	0
1.30178	0.18175	0	0.0501432	0.0167773	0
1.35208	0.186184	0	0.0537967	0.0164185	0
1.36094	0.20543	0	0.0542648	0.0170898	0
1.37139	0.186131	0	0.0556824	0.0160125	0
1.29077	0.203536	0	0.0519208	0.0171804	0
1.2941	0.197052	0	0.053125	0.0173148	0
1.38182	0.17154	0	0.0562325	0.0160353	0
1.27355	0.208983	0	0.0513946	0.0170392	0
1.28434	0.220385	0	0.0519378	0.0176111	0
1.24905	0.192754	0	0.0492583	0.0166912	0
1.45494	0.189287	0	0.0567007	0.0168574	0
1.36854	0.213238	0	0.0568126	0.0177586	0
1.37919	0.20615	0	0.0563168	0.0172447	0
1.40225	0.187675	0	0.0566881	0.0166858	0
1.37777	0.191426	0	0.053593	0.0164113	0
1.23957	0.2113	0	0.0494053	0.0173726	0
1.29073	0.193197	0	0.052538	0.0166612	0
1.35199	0.186488	0	0.0542801	0.0169579	0
1.31489	0.205876	0	0.0513371	0.0170174	0
1.26719	0.186441	0	0.0532196	0.0171999	0
1.42631	0.220851	0	0.0575761	0.0176074	0
1.30531	0.187689	0	0.0524999	0.0170364	0
1.43318	0.205884	0	0.0578197	0.0174483	0
1.30763	0.189597	0	0.0537069	0.0169867	0
1.3673	0.206008	0	0.0556882	0.0178669	0
1.33054	0.208167	0	0.054605	0.0171982	0
1.25969	0.20854	0	0.0505548	0.0173201	0
1.22696	0.212971	0	0.0515349	0.0174798	0
1.26623	0.203699	0	0.0526881	0.0170445	0
1.47009	0.202381	0	0.0585462	0.016899	0
1.39539	0.200931	0	0.056384	0.0173437	0
1.33035	0.187208	0	0.0534555	0.0168888	0
1.33769	0.201485	0	0.0548099	0.0174885	0
1.30524	0.191517	0	0.0514795	0.0166723	0
1.43916	0.195768	0	0.0571035	0.0172627	0
1.38081	0.176928	0	0.0541808	0.0165919	0
1.32152	0.230362	0	0.0538413	0.0180748	0
1.31073	0.210648	0	0.0541903	0.0177813	0
1.30974	0.204722	0	0.0542344	0.0172012	0
1.4256	0.207159	0	0.0583989	0.0172124	0
1.34893	0.190014	0	0.0532126	0.0166434	0
1.30407	0.22671	0	0.0527497	0.0180531	0
1.3387	0.19585	0	0.0536584	0.0169266	0
1.40559	0.204949	0	0.057547	0.0167264	0
1.37729	0.222375	0	0.0540065	0.0172899	0
1.31755	0.197413	0	0.052394	0.0172059	0
1.43891	0.18353	0	0.0601859	0.0174113	0
1.26746	0.188495	0	0.0510904	0.0173436	0
1.27553	0.205064	0	0.0520196	0.0174711	0
1.37503	0.212614	0	0.0573614	0.0174022	0
1.36316	0.184567	0	0.0528289	0.0167305	0
1.34597	0.221737	0	0.0565855	0.0184005	0
1.30196	0.170819	0	0.0535938	0.0163023	0
1.3475	0.191258	0	0.0579621	0.017291	0
1.31977	0.182027	0	0.0538903	0.0172473	0
1.32716	0.213765	0	0.0534237	0.0175368	0
1.29105	0.183339	0	0.0526837	0.0164272	0
1.46563	0.216827	0	0.0582804	0.01772	0
1.37687	0.168612	0	0.0557645	0.0166224	0
1.38995	0.202212	0	0.0574275	0.0172346	0
1.37754	0.218595	0	0.0550242	0.0175704	0
1.46511	0.197666	0	0.0597293	0.0166798	0
1.26076	0.193291	0	0.0509183	0.0172013	0
1.34675	0.160446	0	0.0537204	0.0162564	0
1.29184	0.190009	0	0.0536824	0.0173843	0
1.25959	0.179488	0	0.0515755	0.0175566	0
1.36235	0.21358	0	0.0561321	0.0179523	0
1.32577	0.177167	0	0.0522128	0.0163772	0
1.3943	0.227986	0	0.0568832	0.0176437	0
1.31178	0.178708	0	0.0527624	0.0168235	0
1.37408	0.225211	0	0.0561165	0.0174412	0
1.3262	0.187852	0	0.05225	0.0169806	0
1.4058	0.215661	0	0.059025	0.016816	0
1.34903	0.199321	0	0.0557973	0.0175602	0
1.26562	0.226751	0	0.04928	0.0182863	0
1.46341	0.168031	0	0.0576855	0.0168716	0
1.33214	0.196164	0	0.0538289	0.0167342	0
1.29889	0.189772	0	0.0527759	0.0168992	0
1.32165	0.222259	0	0.0541632	0.0178082	0
1.3312	0.207491	0	0.054603	0.0178363	0
1.33499	0.190371	0	0.0533078	0.0169752	0
1.28384	0.17895	0	0.051142	0.0165484	0
1.39962	0.191712	0	0.0566374	0.0168652	0
1.32628	0.197665	0	0.0535162	0.0175327	0
1.33471	0.206936	0	0.0535521	0.0167358	0
1.3857	0.188422	0	0.055635	0.0171467	0
1.33666	0.211536	0	0.0558917	0.0182228	0
1.29314	0.211354	0	0.0520824	0.0172633	0
1.406	0.200474	0	0.0572674	0.0172382	0
1.32226	0.215301	0	0.0531617	0.0178265	0
1.43094	0.197933	0	0.0576283	0.0174838	0
1.33175	0.229055	0	0.0533556	0.0177127	0
1.42659	0.20191	0	0.057092	0.0173757	0
1.4161	0.202097	0	0.0554599	0.0169219	0
1.33029	0.178044	0	0.052827	0.0161386	0
1.34423	0.185474	0	0.0532419	0.0172588	0
1.52911	0.238505	0	0.0616891	0.0178537	0
1.38286	0.212094	0	0.0565137	0.0175266	0
1.32172	0.226777	0	0.05355	0.0185691	0
1.32453	0.228883	0	0.0546039	0.0179378	0
1.20905	0.19069	0	0.0491745	0.0169623	0
1.26912	0.189935	0	0.051727	0.0166531	0
1.43918	0.206778	0	0.0619396	0.0174979	0
1.3383	0.199421	0	0.0513235	0.0171686	0
1.26748	0.187331	0	0.0519607	0.0169175	0
1.3575	0.230015	0	0.0539156	0.0180345	0
1.33962	0.189352	0	0.0531543	0.0163343	0
1.28342	0.210148	0	0.0509253	0.017019	0
1.39553	0.160447	0	0.0549975	0.0162964	0
1.27478	0.237897	0	0.0504199	0.0182468	0
1.27968	0.195125	0	0.0495005	0.0167953	0
1.38091	0.183433	0	0.0572375	0.0165951	0
1.36134	0.192003	0	0.0576994	0.0172306	0
1.28219	0.210104	0	0.0508615	0.0175761	0
1.33182	0.204896	0	0.0540186	0.0171258	0
1.28754	0.189608	0	0.0510123	0.0170284	0
1.28555	0.185704	0	0.0520977	0.017025	0
1.33473	0.193019	0	0.0562922	0.0172092	0
1.33111	0.227717	0	0.0521972	0.0178925	0
1.31595	0.204663	0	0.0533754	0.0170939	0
1.31481	0.186588	0	0.0525648	0.017095	0
1.32148	0.224202	0	0.0531421	0.0175541	0
1.37194	0.168721	0	0.0562719	0.0163262	0
1.39866	0.194161	0	0.0566824	0.0169993	0
1.35419	0.218079	0	0.0556843	0.017651	0
1.27806	0.177475	0	0.0509937	0.0163202	0
1.32891	0.217277	0	0.0544133	0.0182306	0
1.39459	0.238397	0	0.0545015	0.0179297	0
1.33825	0.206504	0	0.0540377	0.0173291	0
1.33518	0.221129	0	0.0546578	0.0175406	0
1.36131	0.205795	0	0.0565337	0.0166894	0
1.41392	0.194141	0	0.0571794	0.0171509	0
1.28305	0.197704	0	0.0525173	0.0169552	0
1.24034	0.182776	0	0.0518459	0.0166417	0
1.36963	0.208998	0	0.0559287	0.0176123	0
1.32284	0.185092	0	0.0562597	0.0173394	0
1.30998	0.188631	0	0.0541565	0.0175703	0
1.30065	0.162976	0	0.0566912	0.0168471	0
1.44976	0.204097	0	0.0597266	0.0172174	0
1.38791	0.202716	0	0.057882	0.0175445	0
1.38539	0.19022	0	0.0571662	0.0170633	0
