./offlinefitall.sh Cd130 0 10 0.05 0.6441523116 0.032151846784528 285347
./offlinefitall.sh Cd130 0 12 0.05 0.6441523116 0.032151846784528 285347
./offlinefitall.sh Cd130 0 15 0.05 0.6441523116 0.032151846784528 285347
./offlinefitall.sh Cd130 0 16 0.05 0.6441523116 0.032151846784528 285347
./offlinefitall.sh Cd130 0 20 0.05 0.6441523116 0.032151846784528 285347
./offlinefitall.sh Cd130 0 24 0.05 0.6441523116 0.032151846784528 285347
./offlinefitall.sh Cd130 0 30 0.05 0.6441523116 0.032151846784528 285347
./offlinefitall.sh Cd130 0 40 0.05 0.6441523116 0.032151846784528 285347
./offlinefitall.sh Cd130 0 50 0.05 0.6441523116 0.032151846784528 285347
./offlinefitall.sh Cd130 0 60 0.05 0.6441523116 0.032151846784528 285347
./offlinefitall.sh Cd130 0 70 0.05 0.6441523116 0.032151846784528 285347
./offlinefitall.sh Cd130 0 80 0.05 0.6441523116 0.032151846784528 285347
