In135,0.108598,0.00329366,0.755536,0.0294403,0.0955595,0.0113526,0.00573531,0.00754595,0.00111574,472410,600,-10,10
Ag130,0.0542472,0.00324426,0.552164,0.0533418,0.0137635,0.014471,0.00592618,0.0071738,0.000831745,108488,1200,-10,10
In132,0.208365,0.0080972,0.0861104,0.0103749,0.00848699,0.00664227,0.00608487,0.00781463,0.00115024,495634,1200,-10,10
Cd132,0.0922075,0.00194435,0.798224,0.0233673,1.13705e-11,0.00756112,0.00598952,0.00768441,0.00110067,596812,1200,-10,10
Cd133,0.0678263,0.00533492,0.745857,0.0895886,0.0540291,0.0256541,0.00676005,0.00809988,0.000974421,67811.7,600,-10,10
Ag131,0.0500079,0.0080428,0.721165,0.141931,0.0205938,0.0442618,0.0067176,0.00869336,0.000922023,22140.6,600,-10,10
Sn134,0.889303,0.0469856,0.16589,0.0212236,0.0184918,0.00897787,0.00594018,0.00752549,0.00100256,590800,600,-10,10
Sn135,0.429927,0.0289134,0.117917,0.0219486,0.0280976,0.0150668,0.00631593,0.00807719,0.000984793,309490,600,-10,10
In133,0.163491,0.00118499,0.758476,0.00659394,0.00303244,0.00105435,0.00597382,0.00766372,0.00106509,6.47234e+06,1200,-10,10
In131,0.241178,0.00614962,0.0224931,0.00362404,0.00222078,0.00211528,0.00588598,0.0076049,0.00103916,1.54705e+06,1200,-10,10
Cd131,0.100992,0.00136597,0.119046,0.00481441,0.000141727,0.00211185,0.00608906,0.00774128,0.00105797,3.06811e+06,1200,-10,10
In134,0.131195,0.00129773,0.721691,0.0109795,0.111984,0.00476893,0.00608052,0.0077863,0.00109986,2.68399e+06,1200,-10,10
Sn136,0.321235,0.00375962,0.1482,0.00438716,0.00132087,0.000873465,0.0059933,0.00766147,0.00106096,6.23174e+06,1200,-10,10
Sn137,0.216699,0.00422871,0.181653,0.0110553,0.00476161,0.00244074,0.0064398,0.00805203,0.00104643,1.6053e+06,1200,-10,10
Sn138,0.139223,0.0106088,0.157385,0.0424334,0.0238516,0.0179629,0.00587867,0.00779185,0.00121748,114016,600,-10,10
Ag129,0.0689813,0.00139368,0.175241,0.00830896,0.00046532,0.00178179,0.00605455,0.00778621,0.0011227,1.48979e+06,1200,-10,10
Ag129,0.0656939,0.00119805,0.175388,0.00821938,0.000619416,0.00185061,0.00605455,0.00778621,0.0011227,1.4447e+06,1200,-10,10
Ag129,0.0689811,0.00139811,0.175243,0.00835603,0.000465202,0.00178182,0.00605455,0.00778621,0.0011227,1.4898e+06,1200,-10,10
Ag129,0.0656939,0.00119805,0.175388,0.00821938,0.000619416,0.00185061,0.00605455,0.00778621,0.0011227,1.4447e+06,1200,-10,10
Ag129,0.0689813,0.00139801,0.175242,0.00835501,0.000464533,0.0017822,0.00605455,0.00778621,0.0011227,1.48981e+06,1200,-10,10
Ag129,0.0659659,0.00124397,0.17738,0.00857804,0.000622321,0.00186158,0.00605455,0.00778621,0.0011227,1.43936e+06,1200,-10,10
Ag129,0.0689813,0.00139801,0.175242,0.00835501,0.000464533,0.0017822,0.00605455,0.00778621,0.0011227,1.48981e+06,1200,-10,10
Ag129,0.068981,0.00139699,0.175241,0.00827309,0.000464567,0.00188479,0.00605455,0.00778621,0.0011227,1.48979e+06,1200,-10,10
Ag129,0.068981,0.00139699,0.175241,0.00827309,0.000464567,0.00188479,0.00605455,0.00778621,0.0011227,1.48979e+06,1200,-10,10
Ag129,0.0656934,0.0011367,0.175385,0.00838885,0.000619745,0.00183291,0.00605455,0.00778621,0.0011227,1.4447e+06,1200,-10,10
Ag129,0.0669263,0.00129131,0.179459,0.00870577,0.000505859,0.00183338,0.00605455,0.00778621,0.0011227,1.44798e+06,1200,-10,10
Ag129,0.068981,0.00139699,0.175241,0.00827309,0.000464567,0.00188479,0.00605455,0.00778621,0.0011227,1.48979e+06,1200,-10,10
Ag129,0.0656934,0.0011367,0.175385,0.00838885,0.000619745,0.00183291,0.00605455,0.00778621,0.0011227,1.4447e+06,1200,-10,10
Ag130,0.054216,0.00325849,0.546926,0.0528235,0.0135134,0.0141959,0.00592618,0.0071738,0.000831745,108439,1200,-10,10
Ag131,0.0550494,0.00740717,0.678461,0.139358,0.0551004,0.0662105,0.0067176,0.00869336,0.000922023,22331.2,1200,-10,10
Ag130,0.054216,0.00325849,0.546926,0.0528235,0.0135134,0.0141959,0.00592618,0.0071738,0.000831745,108439,1200,-10,10
Ag131,0.0550494,0.00740717,0.678461,0.139358,0.0551004,0.0662105,0.0067176,0.00869336,0.000922023,22331.2,1200,-10,10
Ag131,0.0500275,0.00804512,0.711415,0.140075,0.0198342,0.0427792,0.0067176,0.00869336,0.000922023,22122.2,600,-10,10
Ag131,0.0500291,0.00778068,0.711466,0.13954,0.0198339,0.0427479,0.0067176,0.00869336,0.000922023,22122.3,600,-10,10
Ag131,0.0500291,0.00778068,0.711466,0.13954,0.0198339,0.0427479,0.0067176,0.00869336,0.000922023,22122.3,600,-10,10
Ag130,0.0536964,0.00326095,0.573515,0.0516129,0.00788096,0.010811,0.00592618,0.0071738,0.000831745,108558,600,-10,10
Ag130,0.0542173,0.00323804,0.546952,0.0527504,0.013514,0.014194,0.00592618,0.0071738,0.000831745,108437,1200,-10,10
Ag129,0.0656932,0.00119785,0.175384,0.00821477,0.000620233,0.00184799,0.00605455,0.00778621,0.0011227,1.4447e+06,1200,-10,10
Ag129,0.0647175,0.00121821,0.175759,0.00825857,0.000553998,0.0018282,0.00605455,0.00778621,0.0011227,1.44652e+06,600,-10,10
Ag129,0.0656932,0.00119785,0.175384,0.00821477,0.000620233,0.00184799,0.00605455,0.00778621,0.0011227,1.4447e+06,1200,-10,10
Cd130,0.137526,0.000989992,0.0292411,0.00165456,0.000363438,0.000576555,0.00606004,0.00771956,0.00103087,1.1213e+07,1200,-10,10
Cd131,0.100993,0.0013659,0.123228,0.00501262,0.000161048,0.00215616,0.00608906,0.00774128,0.00105797,3.0682e+06,1200,-10,10
Cd132,0.0921551,0.00194083,0.846194,0.0246903,2.92305e-12,0.00838999,0.00598952,0.00768441,0.00110067,598119,1200,-10,10
Cd133,0.0691348,0.00524816,0.712025,0.0886083,0.06207,0.0283342,0.00676005,0.00809988,0.000974421,67735.9,1200,-10,10
In131,0.24118,0.00610023,0.0228371,0.00370745,0.00230677,0.00218702,0.00588598,0.0076049,0.00103916,1.54706e+06,1200,-10,10
In132,0.208368,0.00809682,0.0901203,0.0113812,0.00951495,0.00744155,0.00608487,0.00781463,0.00115024,495641,1200,-10,10
In133,0.164644,0.00119438,0.791224,0.00680509,0.00332831,0.0011663,0.00597382,0.00766372,0.00106509,6.54554e+06,1200,-10,10
In134,0.132418,0.00130956,0.738996,0.0116007,0.123741,0.00525767,0.00608052,0.0077863,0.00109986,2.72337e+06,1200,-10,10
Sn134,0.92007,0.0495213,0.13911,0.0268819,0.0672126,0.0211618,0.00594018,0.00752549,0.00100256,603963,1200,-10,10
Sn135,0.438823,0.030282,0.0797647,0.0293914,0.0689897,0.0289963,0.00631593,0.00807719,0.000984793,316692,1200,-10,10
Sn136,0.321565,0.0037632,0.157228,0.00467554,0.00148751,0.000985356,0.0059933,0.00766147,0.00106096,6.23951e+06,1200,-10,10
Sn136,0.321565,0.0037632,0.157228,0.00467554,0.00148751,0.000985356,0.0059933,0.00766147,0.00106096,6.23951e+06,1200,-10,10
Sn137,0.216658,0.00418387,0.181346,0.0111327,0.00474512,0.00248088,0.0064398,0.00805203,0.00104643,1.60507e+06,1200,-10,10
Sn138,0.140614,0.0110183,0.140037,0.043622,0.0378019,0.0246638,0.00587867,0.00779185,0.00121748,115216,1200,-10,10
Sn137,0.216658,0.00438059,0.181345,0.0110384,0.00474467,0.00246294,0.0064398,0.00805203,0.00104643,1.60508e+06,1200,-10,10
Sn137,0.216658,0.00425707,0.181344,0.0112215,0.00474496,0.00247172,0.0064398,0.00805203,0.00104643,1.60508e+06,1200,-10,10
Sn137,0.216939,0.00432613,0.182551,0.0111149,0.00350852,0.00224047,0.0064398,0.00805203,0.00104643,1.60603e+06,600,-10,10
Ag131,0.0500275,0.00804512,0.711415,0.140075,0.0198342,0.0427792,0.0067176,0.00869336,0.000922023,22122.2,600,-10,10
Ag131,0.0500275,0.00804512,0.711415,0.140075,0.0198342,0.0427792,0.0067176,0.00869336,0.000922023,22122.2,600,-10,10
