1000 2.5 3.0 1000 35 48
111
1 1 95 Kr 1000 2.63888888888889 36 0.007807 0.523395  0 360 0
1 1 96 Kr 1000 2.66666666666667 36 0.007807 0.523395  0 360 0
1 1 97 Kr 1000 2.69444444444444 36 0.007807 0.523395  0 360 0
1 1 98 Kr 1000 2.72222222222222 36 0.007807 0.523395  0 360 0
1 1 99 Kr 1000 2.75 36 0.007807 0.523395  0 360 0
1 1 100 Kr 1000 2.77777777777778 36 0.007807 0.523395  0 360 0
1 1 101 Kr 1000 2.80555555555556 36 0.007807 0.523395  0 360 0
1 1 102 Kr 1000 2.83333333333333 36 0.007807 0.523395  0 360 0
1 1 103 Kr 1000 2.86111111111111 36 0.007807 0.523395  0 360 0
1 1 104 Kr 1000 2.88888888888889 36 0.007807 0.523395  0 360 0
1 1 97 Rb 1000 2.62162162162162 37 0.007807 0.523395  0 360 0
1 1 98 Rb 1000 2.64864864864865 37 0.007807 0.523395  0 360 0
1 1 99 Rb 1000 2.67567567567568 37 0.007807 0.523395  0 360 0
1 1 100 Rb 1000 2.7027027027027 37 0.007807 0.523395  0 360 0
1 1 101 Rb 1000 2.72972972972973 37 0.007807 0.523395  0 360 0
1 1 102 Rb 1000 2.75675675675676 37 0.007807 0.523395  0 360 0
1 1 103 Rb 1000 2.78378378378378 37 0.007807 0.523395  0 360 0
1 1 104 Rb 1000 2.81081081081081 37 0.007807 0.523395  0 360 0
1 1 105 Rb 1000 2.83783783783784 37 0.007807 0.523395  0 360 0
1 1 106 Rb 1000 2.86486486486486 37 0.007807 0.523395  0 360 0
1 1 101 Sr 1000 2.65789473684211 38 0.007807 0.523395  0 360 0
1 1 102 Sr 1000 2.68421052631579 38 0.007807 0.523395  0 360 0
1 1 103 Sr 1000 2.71052631578947 38 0.007807 0.523395  0 360 0
1 1 104 Sr 1000 2.73684210526316 38 0.007807 0.523395  0 360 0
1 1 105 Sr 1000 2.76315789473684 38 0.007807 0.523395  0 360 0
1 1 106 Sr 1000 2.78947368421053 38 0.007807 0.523395  0 360 0
1 1 107 Sr 1000 2.81578947368421 38 0.007807 0.523395  0 360 0
1 1 108 Sr 1000 2.84210526315789 38 0.007807 0.523395  0 360 0
1 1 109 Sr 1000 2.86842105263158 38 0.007807 0.523395  0 360 0
1 1 110 Sr 1000 2.89473684210526 38 0.007807 0.523395  0 360 0
1 1 103 Y 1000 2.71052631578947 38 0.007807 0.523395  0 360 0
1 1 104 Y 1000 2.66666666666667 39 0.007807 0.523395  0 360 0
1 1 105 Y 1000 2.69230769230769 39 0.007807 0.523395  0 360 0
1 1 106 Y 1000 2.71794871794872 39 0.007807 0.523395  0 360 0
1 1 107 Y 1000 2.74358974358974 39 0.007807 0.523395  0 360 0
1 1 108 Y 1000 2.76923076923077 39 0.007807 0.523395  0 360 0
1 1 109 Y 1000 2.79487179487179 39 0.007807 0.523395  0 360 0
1 1 110 Y 1000 2.82051282051282 39 0.007807 0.523395  0 360 0
1 1 111 Y 1000 2.84615384615385 39 0.007807 0.523395  0 360 0
1 1 112 Y 1000 2.87179487179487 39 0.007807 0.523395  0 360 0
1 1 106 Zr 1000 2.65 40 0.007807 0.523395  0 360 0
1 1 107 Zr 1000 2.675 40 0.007807 0.523395  0 360 0
1 1 108 Zr 1000 2.7 40 0.007807 0.523395  0 360 0
1 1 109 Zr 1000 2.725 40 0.007807 0.523395  0 360 0
1 1 110 Zr 1000 2.75 40 0.007807 0.523395  0 360 0
1 1 111 Zr 1000 2.775 40 0.007807 0.523395  0 360 0
1 1 112 Zr 1000 2.8 40 0.007807 0.523395  0 360 0
1 1 113 Zr 1000 2.825 40 0.007807 0.523395  0 360 0
1 1 114 Zr 1000 2.85 40 0.007807 0.523395  0 360 0
1 1 115 Zr 1000 2.875 40 0.007807 0.523395  0 360 0
1 1 109 Nb 1000 2.65853658536585 41 0.007807 0.523395  0 360 0
1 1 110 Nb 1000 2.68292682926829 41 0.007807 0.523395  0 360 0
1 1 111 Nb 1000 2.70731707317073 41 0.007807 0.523395  0 360 0
1 1 112 Nb 1000 2.73170731707317 41 0.007807 0.523395  0 360 0
1 1 113 Nb 1000 2.75609756097561 41 0.007807 0.523395  0 360 0
1 1 114 Nb 1000 2.78048780487805 41 0.007807 0.523395  0 360 0
1 1 115 Nb 1000 2.80487804878049 41 0.007807 0.523395  0 360 0
1 1 116 Nb 1000 2.82926829268293 41 0.007807 0.523395  0 360 0
1 1 117 Nb 1000 2.85365853658537 41 0.007807 0.523395  0 360 0
1 1 118 Nb 1000 2.8780487804878 41 0.007807 0.523395  0 360 0
1 1 112 Mo 1000 2.66666666666667 42 0.007807 0.523395  0 360 0
1 1 113 Mo 1000 2.69047619047619 42 0.007807 0.523395  0 360 0
1 1 114 Mo 1000 2.71428571428571 42 0.007807 0.523395  0 360 0
1 1 115 Mo 1000 2.73809523809524 42 0.007807 0.523395  0 360 0
1 1 116 Mo 1000 2.76190476190476 42 0.007807 0.523395  0 360 0
1 1 117 Mo 1000 2.78571428571429 42 0.007807 0.523395  0 360 0
1 1 118 Mo 1000 2.80952380952381 42 0.007807 0.523395  0 360 0
1 1 119 Mo 1000 2.83333333333333 42 0.007807 0.523395  0 360 0
1 1 120 Mo 1000 2.85714285714286 42 0.007807 0.523395  0 360 0
1 1 121 Mo 1000 2.88095238095238 42 0.007807 0.523395  0 360 0
1 1 115 Tc 1000 2.67441860465116 43 0.007807 0.523395  0 360 0
1 1 116 Tc 1000 2.69767441860465 43 0.007807 0.523395  0 360 0
1 1 117 Tc 1000 2.72093023255814 43 0.007807 0.523395  0 360 0
1 1 118 Tc 1000 2.74418604651163 43 0.007807 0.523395  0 360 0
1 1 119 Tc 1000 2.76744186046512 43 0.007807 0.523395  0 360 0
1 1 120 Tc 1000 2.7906976744186 43 0.007807 0.523395  0 360 0
1 1 121 Tc 1000 2.81395348837209 43 0.007807 0.523395  0 360 0
1 1 122 Tc 1000 2.83720930232558 43 0.007807 0.523395  0 360 0
1 1 123 Tc 1000 2.86046511627907 43 0.007807 0.523395  0 360 0
1 1 124 Tc 1000 2.88372093023256 43 0.007807 0.523395  0 360 0
1 1 118 Ru 1000 2.68181818181818 44 0.007807 0.523395  0 360 0
1 1 119 Ru 1000 2.70454545454545 44 0.007807 0.523395  0 360 0
1 1 120 Ru 1000 2.72727272727273 44 0.007807 0.523395  0 360 0
1 1 121 Ru 1000 2.75 44 0.007807 0.523395  0 360 0
1 1 122 Ru 1000 2.77272727272727 44 0.007807 0.523395  0 360 0
1 1 123 Ru 1000 2.79545454545455 44 0.007807 0.523395  0 360 0
1 1 124 Ru 1000 2.81818181818182 44 0.007807 0.523395  0 360 0
1 1 125 Ru 1000 2.84090909090909 44 0.007807 0.523395  0 360 0
1 1 126 Ru 1000 2.86363636363636 44 0.007807 0.523395  0 360 0
1 1 127 Ru 1000 2.88636363636364 44 0.007807 0.523395  0 360 0
1 1 128 Ru 1000 2.90909090909091 44 0.007807 0.523395  0 360 0
1 1 121 Rh 1000 2.68888888888889 45 0.007807 0.523395  0 360 0
1 1 122 Rh 1000 2.71111111111111 45 0.007807 0.523395  0 360 0
1 1 123 Rh 1000 2.73333333333333 45 0.007807 0.523395  0 360 0
1 1 124 Rh 1000 2.75555555555556 45 0.007807 0.523395  0 360 0
1 1 125 Rh 1000 2.77777777777778 45 0.007807 0.523395  0 360 0
1 1 126 Rh 1000 2.8 45 0.007807 0.523395  0 360 0
1 1 127 Rh 1000 2.82222222222222 45 0.007807 0.523395  0 360 0
1 1 128 Rh 1000 2.84444444444444 45 0.007807 0.523395  0 360 0
1 1 129 Rh 1000 2.86666666666667 45 0.007807 0.523395  0 360 0
1 1 125 Pd 1000 2.71739130434783 46 0.007807 0.523395  0 360 0
1 1 126 Pd 1000 2.73913043478261 46 0.007807 0.523395  0 360 0
1 1 127 Pd 1000 2.76086956521739 46 0.007807 0.523395  0 360 0
1 1 128 Pd 1000 2.78260869565217 46 0.007807 0.523395  0 360 0
1 1 129 Pd 1000 2.80434782608696 46 0.007807 0.523395  0 360 0
1 1 130 Pd 1000 2.82608695652174 46 0.007807 0.523395  0 360 0
1 1 130 Ag 1000 2.76595744680851 47 0.007807 0.523395  0 360 0
1 1 131 Ag 1000 2.78723404255319 47 0.007807 0.523395  0 360 0
1 1 132 Ag 1000 2.80851063829787 47 0.007807 0.523395  0 360 0
1 1 133 Ag 1000 2.82978723404255 47 0.007807 0.523395  0 360 0
1 1 134 Ag 1000 2.85106382978723 47 0.007807 0.523395  0 360 0
