
1 1 100 71 62.13 
1 1 66.33 
1 1 0 
1 1 0 
1 1 0 
1 1 0 
1 1 0 
1 1 0 
1 1 0 
1 1 0 
1 1 340 110 
1 1 108 
1 1 275.2 
1 1 350 
1 1 200 
1 1 209 300 200 
1 1 234 
1 1 396 
1 1 306 100 200 300 200 
1 1 500 300 600 400 300 400 100 300 500 300 
1 1 200 600 100 200 100 200 200 200 100 400 
1 1 400 200 300 300 200 100 100 300 200 100 
1 1 300 500 200 200 100 200 200 100 200 400 
1 1 200 200 100 500 200 700 200 200 400 200 
1 1 200 200 100 100 300 1100 300 800 400 600 
1 1 300 100 100 500 
1 1 1200 300 800 1200 100 300 200 200 100 100 
1 1 300 100 100 200 500 200 100 300 200 500 
1 1 300 200 200 100 300 100 100 100 200 500 
1 1 200 100 200 200 
1 1 500 300 600 400 300 400 100 300 
1 1 200 
1 1 100 
1 1 100 
1 1 100 
1 1 100 
1 1 100 
1 1 100 
1 1 0 
1 1 0 
1 1 0 
1 1 0 
1 1 0 
1 1 0 
1 1 0 
1 1 100 
1 1 0 
1 1 0.02 
1 1 100 
1 1 1.75 
1 1 100 
1 1 100 
1 1 0 
1 1 100 
1 1 100 
1 1 100 
1 1 100 
1 1 100 
1 1 0 
1 1 0 
1 1 0 
1 1 100 
1 1 100 
1 1 100 
1 1 100 
1 1 0 
1 1 100 
1 1 100 
1 1 100 
1 1 100 
1 1 100 
1 1 100 
1 1 100 
1 1 100 
1 1 100 
1 1 100 
1 1 100 
1 1 100 
1 1 100 
1 1 100 
1 1 100 