0.803709
0.783273
0.804296
0.791647
0.809177
0.789749
0.812782
0.806326
0.795015
0.801669
0.798545
0.802413
0.815738
0.781614
0.818725
0.818535
0.805075
0.792874
0.794033
0.783994
0.784345
0.79443
0.792521
0.782586
0.803772
0.791473
0.789997
0.796592
0.773998
0.797557
0.77202
0.81248
0.794949
0.794476
0.793494
0.799054
0.787509
0.794894
0.798587
0.801411
0.795663
0.79632
0.805891
0.819433
0.793863
0.792303
0.770811
0.793562
0.817277
0.823791
0.785131
0.805941
0.800856
0.809058
0.804484
0.820785
0.787443
0.809783
0.791825
0.800636
0.814334
0.810192
0.804817
0.796753
0.807554
0.777885
0.809065
0.784605
0.792848
0.798993
0.811751
0.79337
0.796997
0.791588
0.787314
0.792123
0.803655
0.799965
0.8033
0.786045
0.784192
0.801097
0.791212
0.789522
0.786669
0.801601
0.799219
0.818652
0.782326
0.786803
0.79682
0.799262
0.805003
0.817664
0.806896
0.805596
0.811189
0.796221
0.804237
0.780573
