0.127312
0.124847
0.125076
0.124694
0.124006
0.122021
0.127306
0.122689
0.124153
0.125633
0.124618
0.124934
0.124712
0.123536
0.125754
0.123911
0.125382
0.1244
0.124575
0.12346
0.123173
0.124579
0.121918
0.123826
0.124385
0.124332
0.123837
0.12673
0.122006
0.121759
0.119966
0.125923
0.122134
0.12211
0.12383
0.125681
0.122328
0.125274
0.123819
0.123589
0.121967
0.125938
0.126429
0.125927
0.12201
0.124074
0.123522
0.125348
0.12409
0.125854
0.123713
0.125947
0.123659
0.124541
0.124032
0.126711
0.120402
0.123714
0.126501
0.129124
0.125401
0.123966
0.126212
0.122277
0.124989
0.123646
0.124969
0.125363
0.126671
0.124348
0.125199
0.123963
0.123115
0.124913
0.124737
0.125072
0.126041
0.12497
0.124716
0.122973
0.124634
0.123524
0.124901
0.123728
0.125826
0.125623
0.128475
0.126797
0.123625
0.126367
0.127764
0.122743
0.126362
0.126426
0.123767
0.125683
0.123002
0.122398
0.126396
0.122559
