0.499684
0.512448
0.499684
0.512448
0.504876
0.506156
0.507652
0.498733
0.510626
0.498089
0.503359
0.509849
0.512696
0.498157
0.489537
0.495676
0.495204
0.508217
0.487016
0.474636
0.509437
0.504125
0.496553
0.506155
0.477947
0.504217
0.501132
0.513123
0.503679
0.495918
0.504478
0.494214
0.502622
0.477286
0.499678
0.487934
0.50536
0.500256
0.504084
0.519507
0.503091
0.498467
0.491221
0.504635
0.514183
0.499382
0.493098
0.505094
0.511926
0.514616
0.504148
0.500421
0.49488
0.505523
0.505449
0.507037
0.49308
0.503608
0.497859
0.494294
0.494937
0.498876
0.498019
0.506247
0.517069
0.494283
0.520805
0.505946
0.491631
0.483198
0.511633
0.497807
0.479791
0.496149
0.503535
0.502656
0.521833
0.503311
0.496983
0.502816
0.523856
0.517408
0.5024
0.521502
0.491848
0.52049
0.519541
0.51177
0.499253
0.493969
0.501533
0.499843
0.488776
0.485587
0.497563
0.503764
0.500276
0.500955
0.495572
0.479927
0.509297
0.497542
