0.818141
0.800342
0.815237
0.805561
0.821468
0.803358
0.829777
0.819252
0.815086
0.824766
0.818443
0.813558
0.825635
0.800581
0.815968
0.832061
0.823108
0.805179
0.791796
0.788363
0.787783
0.799016
0.808619
0.448535
0.99535
0.799453
0.804139
0.797117
0.792211
0.824722
0.795291
0.828064
0.817557
0.816486
0.803976
0.820583
0.598381
0.0400642
0.697617
0.805385
0.129735
0.811622
0.812127
0.822496
0.808
0.798529
0.789659
0.797815
0.830924
0.840098
0.795473
0.435969
0.737836
0.814008
0.83141
0.825787
0.806314
0.829563
0.795181
0.805406
0.791243
0.744663
0.238579
0.816467
0.830468
0.800004
0.819947
0.799491
0.80193
0.811133
0.815873
0.802775
0.813755
0.809727
0.801068
0.800823
0.809839
0.807764
0.803918
0.804177
0.796017
0.816531
0.785967
0.809801
0.798699
0.809514
0.794589
0.815624
0.807994
0.797808
0.794807
0.808465
0.817603
0.824903
0.817962
0.815601
0.823338
0.822327
0.816432
0.807596
