0.805164
0.79039
0.812046
0.801415
0.822084
0.809375
0.815671
0.821946
0.805798
0.807944
0.807808
0.81122
0.823805
0.793065
0.823589
0.832049
0.81398
0.802728
0.804896
0.796025
0.798319
0.803728
0.810252
0.793623
0.812838
0.800467
0.798761
0.801577
0.787694
0.816095
0.793156
0.817784
0.811532
0.812911
0.802738
0.803165
0.802824
0.799042
0.808955
0.809759
0.811107
0.802017
0.813201
0.82489
0.809305
0.80371
0.782693
0.799328
0.829312
0.831834
0.79599
0.811443
0.813279
0.819051
0.816802
0.827682
0.805986
0.822406
0.794391
0.800295
0.82341
0.821009
0.809234
0.811631
0.815335
0.787101
0.815646
0.791545
0.795579
0.807023
0.817578
0.801963
0.810916
0.797598
0.794531
0.798422
0.808898
0.807254
0.812116
0.798177
0.791732
0.812755
0.798493
0.79957
0.791213
0.809689
0.798598
0.825042
0.792212
0.789466
0.798951
0.814284
0.808564
0.823601
0.818579
0.811599
0.825506
0.81337
0.80591
0.794304
