 eu            4096         1         1         1
         4         0         1         0         1         0         2         0
         4         0         2         2         3         5        10        15
        12        15        14        31        18        20        32        39
        29        28        14        32        36        32        58        47
        79       100        96       141       200       282       246       244
       264       333       425       367       385       413       528       541
       624       662       725       746       881       937      1036      1106
      1175      1209      1334      1254      1418      1600      2179      3246
      3558      2768      1626      1101       981       985      1024      1347
      1778      1983      1760      1428      1072       866       896       853
       856       883       907       884       962       922       939       985
       949       947      1051      1045      1062      1082      1098      1142
      1118      1184      1208      1149      1226      1404      1338      1324
      1268      1367      1367      1365      1399      1350      1428      1430
      1398      1487      1551      1527      1735      1969      2499      3838
      4183      3285      3855      5505      4689      2753      1709      1675
      1744      1746      1886      1954      2074      2199      2414      2527
      2642      2711      3209      3953      3855      3016      2653      2658
      2851      2518      2287      2227      2368      2351      2271      2305
      2261      2362      2253      2257      2409      2438      2421      2538
      2566      2635      2634      2615      2830      2835      2919      2929
      3081      3187      3285      3407      3489      3528      3680      3688
      3876      4060      4462      4612      4663      4674      4771      5044
      5219      5528      5662      5992      6250      6960      7680     11243
     32120    136887    375518    482745    266944     64876     10450      3435
      2532      2501      2436      2425      2445      2492      2541      2569
      2493      2506      2472      2383      2531      2518      2415      2484
      2462      2512      2495      2580      2557      2523      2644      2490
      2609      2655      2567      2592      2634      2651      2735      2696
      2793      2871      3025      3332      3660      3685      3563      3373
      3373      3412      3267      3370      3347      3344      3394      3453
      3397      3408      3374      3395      3447      3489      3564      3474
      3522      3317      3382      3396      3472      3521      3465      3443
      3515      3516      3529      3533      3670      3701      3557      3569
      3693      3694      3816      3880      3921      3884      3945      3924
      3985      3953      4084      4058      4085      4082      4156      4086
      4231      4215      4375      4341      4364      4417      4400      4516
      4494      4616      4684      4543      4557      4552      4689      4694
      4702      4844      4781      4807      4997      4971      4873      4934
      5029      4909      4805      4670      4703      4377      4535      4326
      4064      4024      4051      3916      3900      3903      3783      3743
      3896      3840      3888      3899      3929      4040      3898      3951
      3835      3966      4011      4143      4213      3986      3790      3644
      3689      3670      3641      3729      3648      3658      3551      3631
      3599      3683      3535      3611      3526      3536      3483      3518
      3548      3485      3570      3455      3449      3375      3429      3426
      3501      3442      3435      3495      3474      3509      3425      3515
      3522      3530      3639      3516      3636      3597      3539      3546
      3611      3710      3653      3982      5587     16119     60280    132389
    140981     70036     17707      4911      3326      3121      2846      2680
      2758      3157      3669      3884      3118      2719      2543      2542
      2460      2508      2477      2562      2499      2459      2531      2411
      2495      2496      2423      2401      2447      2505      2425      2560
      2453      2417      2413      2457      2373      2458      2392      2666
      3006      3588      3779      3268      2594      2445      2552      2685
      3012      3056      2856      2551      2531      2535      2492      2505
      2448      2475      2496      2461      2479      2389      2369      2416
      2445      2570      2499      2455      2344      2343      2301      2350
      2347      2334      2294      2340      2248      2380      2568      3066
      4900      8521      9380      6182      3300      2448      2301      2221
      2277      2321      2270      2290      2284      2271      2261      2296
      2331      2272      2282      2325      2364      2349      2360      2296
      2260      2324      2338      2391      2384      2428      2427      2609
      3034      3152      2811      2518      2416      2419      2424      2366
      2429      2440      2464      2503      2481      2475      2835      3225
      3670      3313      2729      2574      2605      2948      3668      4662
      4267      3458      2882      2781      2780      2782      2806      2918
      2785      2869      2829      2845      2884      2875      2885      3165
      3346      3664      4024      6146     21572     92683    263260    392365
    287196    102232     20127      3880      1657      1228      1257      1257
      1252      1265      1413      1555      1456      1271      1171      1250
      1184      1184      1281      1270      1281      1235      1207      1244
      1237      1206      1235      1255      1236      1251      1230      1198
      1215      1467      2470      5785     11094     12530      7658      3017
      1498      1191      1176      1191      1133      1168      1202      1234
      1146      1184      1246      1172      1190      1166      1119      1218
      1252      1205      1119      1151      1168      1147      1149      1223
      1190      1271      1218      1223      1188      1181      1232      1193
      1188      1249      1169      1310      1266      1220      1233      1197
      1215      1151      1138      1160      1220      1210      1193      1245
      1250      1215      1306      1217      1276      1209      1270      1188
      1235      1191      1210      1217      1211      1292      1535      2853
      8355     20272     28710     21294      8587      2560      1415      1230
      1568      2109      2465      1895      1369      1202      1193      1135
      1144      1108      1139      1119      1161      1178      1176      1106
      1101      1164      1135      1166      1127      1158      1183      1168
      1124      1165      1148      1195      1126      1142      1161      1195
      1115      1160      1214      1126      1148      1138      1130      1229
      1207      1229      1407      2134      5733     17097     32510     34617
     19831      6288      1875      1184      1090      1053      1083       977
      1043      1098      1069      1058      1068      1055      1048      1049
      1039      1045      1040      1039       994      1037      1036      1027
      1055      1044      1128      1128      1063      1084      1156      1135
      1060      1088      1073      1086      1061      1142      1042      1135
      1076      1078      1117      1088      1050      1092      1145      1117
      1149      1173      1146      1205      1139      1173      1159      1163
      1112      1167      1196      1368      1422      1340      1246      1101
      1171      1179      1210      1444      2216      3975      5325      4547
      2539      1431      1160      1153      1205      1380      1536      1485
      1276      1246      1199      1257      1251      1154      1102      1122
      1119      1136      1166      1383      1692      2466      2726      2170
      1499      1182      1150      1190      1185      1224      1235      1315
      1496      1542      1628      1568      1481      1326      1208      1221
      1152      1211      1185      1145      1186      1176      1283      1476
      1611      1687      1500      1296      1268      1271      1393      1283
      1199      1230      1313      1347      1323      1256      1336      1237
      1265      1268      1269      1256      1292      1336      1592      1652
      1621      1386      1332      1269      1351      1336      1336      1348
      1422      1298      1359      1350      1316      1407      1368      1325
      1402      1335      1397      1393      1467      1393      1378      1407
      1412      1469      1416      1429      1398      1442      1499      1439
      1519      1582      1643      1637      1604      1589      1566      1504
      1548      1534      1613      1678      2220      3606      5477      5790
      4301      2822      2742      2730      2172      1667      1667      1725
      1733      1581      1675      1661      1638      1690      1631      1587
      1564      1625      1665      1550      1674      1659      1700      1686
      1650      1719      1725      1751      1759      1763      1835      1961
      2547      4046      5518      4830      3099      1922      1602      1531
      1438      1561      1532      1530      1490      1401      1448      1393
      1364      1398      1320      1335      1339      1332      1356      1364
      1384      1360      1368      1400      1356      1343      1348      1399
      1288      1277      1371      1261      1363      1437      1431      1450
      1458      1426      1331      1412      1348      1372      1413      1434
      1403      1422      1424      1464      1368      1340      1423      1357
      1309      1371      1356      1411      1333      1385      1329      1393
      1306      1440      1402      1365      1324      1341      1413      1313
      1371      1373      1358      1394      1504      1543      1489      1438
      1419      1389      1430      1430      1450      1395      1402      1448
      1327      1304      1392      1380      1386      1380      1470      1476
      1390      1465      1396      1372      1419      1400      1472      1418
      1374      1413      1384      1385      1434      1382      1469      1444
      1632      2057      2476      2432      2095      1637      1443      1476
      1396      1457      1449      1467      1384      1379      1476      1445
      1509      1479      1474      1388      1418      1482      1390      1427
      1446      1467      1586      1519      1510      1582      2066      2622
      2666      2228      1810      1753      2600      4021      4768      3825
      2399      1586      1355      1329      1357      1324      1281      1335
      1351      1449      1552      2007      3517      5992      7499      6043
      3390      1838      1359      1396      1330      1354      1314      1314
      1341      1255      1295      1328      1350      1328      1354      1337
      1302      1303      1261      1324      1429      1372      1389      1387
      1387      1331      1362      1373      1388      1391      1418      1365
      1422      1435      1569      1713      2073      2072      1850      1567
      1443      1481      1499      1507      1639      2216      3129      3774
      3289      2331      1722      1663      1720      1859      1875      1747
      1588      1599      1556      1581      1603      1654      1575      1534
      1546      1583      1562      1541      1444      1519      1573      1622
      1696      1581      1594      1553      1608      1567      1617      1567
      1599      1611      1621      1571      1586      1606      1661      1631
      1645      1594      1710      1778      1734      1781      1681      1697
      1573      1582      1666      1715      1703      1719      1713      1705
      1739      1754      1848      1912      1857      1757      1723      1669
      1697      1754      1751      1666      1626      1745      2034      2523
      2848      2682      1976      1721      1687      1913      2097      2166
      1877      1551      1521      1502      1456      1439      1562      1591
      1630      1810      3035      7341     21498     49694     77469     75328
     44062     15788      4346      1700      1308      1223      1201      1237
      1186      1200      1258      1153      1261      1183      1249      1148
      1159      1197      1163      1206      1258      1263      1306      1361
      1411      1369      1268      1244      1204      1175      1202      1160
      1225      1162      1163      1201      1233      1179      1239      1240
      1272      1221      1302      1290      1238      1286      1508      2045
      2813      3360      2852      1944      1459      1345      1290      1212
      1241      1279      1260      1243      1246      1257      1177      1235
      1241      1288      1204      1256      1285      1315      1189      1318
      1299      1352      1289      1323      1258      1306      1280      1307
      1332      1350      1383      1309      1310      1338      1346      1350
      1344      1340      1341      1320      1356      1398      1456      1533
      1684      1946      2214      2280      2049      1598      1421      1469
      1425      1442      1515      1501      1511      1386      1422      1426
      1443      1436      1496      1420      1480      1497      1440      1576
      1514      1447      1569      1579      1483      1447      1542      1574
      1569      1516      1596      1571      1625      1583      1677      1831
      2685      4933     10924     19771     24614     19870     10452      4218
      2153      1582      1620      1556      1669      1809      1735      1663
      1649      1608      1562      1632      1598      1585      1615      1648
      1490      1528      1557      1552      1472      1489      1448      1488
      1438      1423      1484      1443      1464      1473      1414      1398
      1461      1337      1426      1461      1510      1490      1483      1492
      1457      1516      1511      1510      1568      1598      1487      1541
      1651      1716      1851      1767      1618      1549      1373      1403
      1391      1389      1372      1284      1255      1276      1262      1237
      1273      1241      1266      1317      1243      1252      1141      1219
      1164      1191      1239      1283      1526      2053      2802      3236
      3094      2209      1484      1293      1183      1222      1220      1323
      1612      2122      2529      2424      1819      1446      1242      1259
      1462      1476      1455      1394      1167      1155      1126      1180
      1145      1164      1151      1140      1149      1119      1153      1141
      1153      1137      1105      1093      1160      1150      1160      1122
      1153      1110      1143      1145      1138      1089      1117      1095
      1176      1100      1124      1069      1192      1157      1145      1215
      1131      1137      1173      1190      1243      1237      1332      1324
      1438      1705      2914      6838     17586     39944     64709     70817
     49067     22143      7014      2099      1066       991       952       976
       892       847       882       878       855       907       881      1036
       891       873       833       811       849       820       834       804
       847       821       804       834       810       842       876       857
       818       781       755       740       785       798       799       892
       896       938       881       778       749       734       766       828
       798       860       948       845       818       719       725       772
       741       753       778       765       823      1098      1666      2800
      3727      3938      2726      1447       934       728       661       650
       646       637       648       656       620       640       641       625
       635       608       645       657       652       595       690       615
       676       596       606       649       669       646       661       623
       632       614       637       625       686       607       642       647
       656       565       628       663       614       641       620       620
       599       685       627       620       649       630       651       624
       631       626       676       616       608       615       621       631
       585       520       647       639       641       654       610       652
       663       631       654       615       606       635       631       604
       656       652       643       616       629       626       591       650
       620       647       644       642       692       659       698       663
       656       666       603       580       644       655       617       639
       597       614       643       658       603       677       654       624
       665       671       658       727       694       731       731       691
       712       771       835       856      1287      2355      5529     13334
     26789     40306     42218     28722     13650      5983      5148      7230
      7863      6038      3262      1473       693       550       510       484
       478       491       486       527       502       525       505       550
       559       485       547       572       602       559       605       570
       598       634       679       699       933      1338      2066      3742
      7802     17638     35852     53161     54115     36908     16618      5255
      1421       586       445       441       429       422       464       448
       459       539       513       509       487       503       517       491
       458       481       434       500       494       486       493       463
       490       471       494       472       489       527       546       545
       564       513       542       512       523       524       522       559
       539       573       586       575       590       572       601       597
       587       591       608       588       613       637       609       607
       606       623       627       624       679       628       671       703
       644       699       648       689       637       711       730       736
       640       700       662       733       728       670       695       704
       781       715       719       707       739       717       722       788
       806       870       904       817       876       780       795       827
       786       813       797       784       786       783       786       741
       810       813       848       810       854       838       813       870
       808       869       847       905       873       848       872       822
       831       839       836       802       795       708       698       657
       693       635       623       640       621       565       626       571
       573       605       565       562       545       550       565       545
       559       621       582       547       550       549       562       627
       743      1079      1891      3404      5117      5767      4609      2705
      1282       748       550       534       526       545       541       525
       538       499       525       526       517       515       527       537
       501       494       529       472       547       503       511       482
       478       496       538       545       544       499       512       516
       562       530       523       535       537       565       570       601
       569       519       499       514       509       517       508       521
       533       488       544       503       558       660       827      1077
      1168      1026       826       585       499       499       500       489
       458       479       450       448       476       443       477       507
       542       585       657       557       585       506       483       462
       438       461       506       471       484       429       485       488
       445       405       469       479       514       627       712       841
       835       697       517       471       451       404       412       412
       388       372       406       459       420       382       386       416
       378       373       382       410       382       400       382       382
       415       381       495       581       646       715       579       488
       397       457       578       971      1974      3539      5218      5786
      4627      2655      1188       514       323       267       282       307
       289       292       289       258       290       290       274       271
       264       252       288       283       269       302       275       251
       291       273       281       239       248       227       243       239
       230       230       229       242       227       236       220       212
       244       223       227       199       234       209       226       196
       228       252       195       239       206       227       238       219
       218       201       189       207       215       208       200       193
       200       219       250       187       221       204       198       200
       222       217       228       229       261       232       259       237
       204       194       206       207       215       215       193       198
       196       199       220       189       190       169       196       204
       199       204       202       220       224       300       322       295
       261       203       203       178       187       207       190       217
       194       170       198       183       172       175       167       171
       191       188       185       191       214       208       187       192
       176       184       185       191       181       190       174       172
       153       177       206       189       187       208       194       199
       189       203       193       205       200       209       198       157
       194       199       200       190       228       235       227       253
       310       253       332       340       361       522       812      1551
      3241      7311     16365     32558     52466     63266     55725     34288
     15320      4828      1178       255        60        23        15        13
         9        14        14        17        13        18        12        14
        19        17        22        15        12        17        10        12
        15        11        19         8        12        15        16         8
        16        21        17        12        15        18        25        18
        19        15        15         9         9        15        10         7
        12        14        15        11        19        14        20        10
        15        22        12        12        14        12        18         8
        18         7        15        24        23        25        39        68
       159       275       609      1019      1371      1441      1087       721
       501       442       418       332       167        71        30         7
         8         3         6         7         5         8         4         2
         7         5         5         4         5         7         4        10
         8         9         5         4        11         5         5         5
        11        11         6         7         4         6         6         6
         7        11         9         5         3         9         6         8
         5         5         9         9         7         8         6        20
        12         6        11         6         6         7        10         6
         5        10         6         5         9         5         9         6
         9         6         8         6        11         7        17        13
         8         8         8         6         5         8         6         5
         6         9        11         7         9         9        14         9
         9         6         5        11         7        14        15        22
        34        77       186       320       544       695       678       515
       235       131        45        16        12        15        12        13
         3         3         5         6         4         4         8         0
         3         7         3         6         4         3         3         4
         4         1         3         4         1         2         4         5
         2         3         5         7         1         2         1         5
         2         3         2         8         5         6         7         3
         4         2         4         1         3         4         3         4
         3         4         2         4         1         5         5         3
         6         4         1         3         6         3         2         5
         3         2         1         3         4         8         3         2
         9         4         7         6         8         5         3         4
         7         5         4         7         5         9         7        10
         5         6         2         4         6         3         4         8
         7        10        16        18        20        15        12         2
         3         1         5         5         6         7         9        10
        23        28        32        19        24        13        19        12
        12         9         3         4         4         3         2         5
         2         1         1         1         4         0         7         3
         4         5         7         8         3         5         8         0
         3         1         2         7         4         4         1         7
         1         8         6         4         7         7         6         5
         3         2         4         2         3         1         3         3
         0         4         5         2         4         6        10         8
         8         9        14        13        12        16        11        10
         8         6         2         3         3         3         5         0
         4         5         5         7         6         4         8         2
         3         5         8         6         5         2         3         4
         5         4         5         2         4         3         3         2
         1         0         4         3         3         0         2         3
         5         0         2         4         5         1         0         2
         1         1         6         2         1         2         5         1
         6         2         5         2         3         4         1         5
         9         8         9        11        10        10         3         1
         1         3         3         3         1         3         1         2
         2         2         1         2         5         0         4         0
         1         1         2         3         1         3         2         2
         2         1         2         1         2         2         0         0
         2         2         2         2         2         0         1         3
         5         0         3         2         3         2         4         3
         2         1         4         1         3         1         2         7
        10         8         4         1         6         2         5         2
         1         3         3         0         1         2         4         2
         2         3         1         2         2         4         4         3
         0         4         2         1         3         4         2         2
         2         1         3         4         1         1         3         1
         2         3         0         2         4         4         2         2
         5         1         1         6         6        19        19        37
        43        29        25         7        18         7        23        18
        29        26        19        23        12         6         6         4
         3         2         3         3         1         1         0         3
         0         0         4         0         2         3         3         1
         0         1         3         1         3         1         3         0
         3         1         1         2         1         2         2         1
         1         2         1         3         2         1         1         4
         1         2         0         1         1         1         2         2
         2         2         3         0         2         2         0         3
         0         4         2         0         3         1         1         1
         2         2         1         2         0         5         0         5
         0         0         1         1         2         0         1         0
         0         3         0         0         1         1         3         2
         1         1         1         1         4         3         6         4
         6        11        13        13         4         5         8         2
         4         1         3         2         2         1         1         3
         0         1         4         6         2         8         5         4
         3         2         0         2         1         4         1         0
         0         0         2         3         1         0         1         2
         0         1         3         1         2         3         4         0
         2         1         2         0         2         1         3         1
         1         2         1         2         3         0         1         2
         1         0         2         0         0         2         2         1
         1         2         0         0         1         1         1         0
         3         1         3         2         3         0         3         2
         1         3         3         2         1         1         1         2
         4         3         1         0         1         2         2         2
         2         1         2         2         0         0         1         1
         2         0         1         0         0         2         1         3
         3         0         2         0         0         1         0         0
         1         1         0         1         0         1         0         1
         3         7         0         0         4         4         0         0
         0         1         1         2         2         1         0         0
         1         0         1         3         1         3         1         1
         0         2         1         0         0         0         0         1
         2         0         1         4         2         1         1         0
         2         1         0         1         0         3         2         0
         1         1         4         2         0         1         1         1
         1         2         0         1         1         3         1         0
         1         0         1         2         0         3         2         2
         5         1         1         5         0         2         1         2
         0         0         5         3         0         0         0         1
         2         1         0         1         2         0         2         1
         0         2         1         0         1         1         2         1
         0         0         2         1         1         0         2         1
         0         0         1         3         2         3         1         0
         1         3         1         1         2         0         2         3
         2         4         2         2         1         0         0         1
         2         0         0         0         1         2         1         2
         2         0         2         2         0         1         1         2
         4         3         5         1         2         1         2         3
         1         1         0         1         3         0         2         4
         2         0         2         1         1         1         0         1
         1         1         2         1         3         3         3         8
         7         9         6         4         2         3         2         1
         1         1         0         0         0         2         1         2
         0         2         2         1         1         2         2         0
         0         1         0         1         1         0         5         1
         1         2         2         2         3         1         0         1
         1         2         0         0         1         0         0         1
         0         3         1         0         0         0         3         3
         0         1         0         2         0         1         1         1
         2         2         0         0         1         2         4         3
         1         0         0         2         0         1         1         3
         0         0         1         2         3         1         4         2
         1         1         3         1         1         2         2         0
         3         2         1         0         1         0         0         1
         0         1         1         2         0         3         6         4
         2         0         1         2         2         2         3         1
         1         0         0         0         0         2         2         1
         1         2         0         1         2         1         0         1
         5         5         0         2         2         1         4         0
         2         1         1         0         0         0         0         1
         1         0         0         2         2         1         0         0
         0         2         1         1         0         1         0         1
         0         2         1         0         1         0         1         1
         3         0         0         1         1         1         1         2
         1         2         0         1         1         3         0         2
         1         2         0         2         2         1         2         3
         1         0         1         0         0         0         2         0
         1         0         1         1         0         1         2         0
         3         0         0         0         0         2         0         3
         0         0         2         4         1         0         1         0
         0         1         1         0         0         1         0         1
         1         2         2         0         0         0         1         0
         0         0         1         1         0         0         1         3
         0         0         0         1         0         1         2         0
         2         0         1         2         1         6        12         6
         9         9         6         5         3         4         3         1
         2         1         0         0         0         1         0         2
         0         1         0         1         0         3         2         2
         0         1         0         0         0         1         0         0
         0         0         0         3         0         0         0         1
         2         0         0         1         0         0         1         0
         0         0         1         1         2         0         1         2
         1         0         1         2         1         2         0         1
         0         1         0         0         2         1         1         1
         3         1         0         1         0         1         1         1
         1         1         0         2         0         1         0         1
         2         3         0         1         0         2         0         2
         1         1         0         1         0         0         1         1
         3         0         2         2         0         0         0         0
         0         2         0         2         1         0         3         1
         0         2         1         0         0         0         1         0
         1         0         3         3         2         1         1         0
         0         1         1         3         2         2         1         0
         1         0         1         1         2         1         0         1
         1         1         0         2         0         0         1         1
         0         0         0         1         2         1         0         2
         0         1         0         1         1         1         0         0
         2         1         0         0         0         0         0         3
         1         0         1         0         1         0         2         1
         0         0         2         2         0         0         0         2
         0         0         2         0         2         2         0         1
         1         2         1         1         3         0         1         1
         1         0         0         0         1         0         0         0
         2         1         0         2         0         1         1         1
         0         3         0         1         2         1         1         0
         2         1         0         2         2         1         0         0
         0         1         1         1         1         2         1         2
         0         2         2         2         3         0         1         6
         0         0         1         2         2         1         3         2
         1         0         2         2         1         0         1         3
         0         0         2         1         2         0         1         2
         0         1         0         0         0         0         0         1
         2         0         1         0         0         0         2         0
         1         1         0         0         1         1         0         0
         3         0         1         0         0         0         0         0
         1         1         1         1         0         0         0         0
         0         1         0         1         0         1         0         0
         0         0         1         0         1         0         2         0
         2         1         0         0         1         0         0         0
         0         0         1         1         0         0         0         0
         0         0         0         0         0         0         0         0
         0         0         0         0         0         0         0         0
         0         0         0         0         0         0         0         0
         0         0         0         0         0         0         0         0
         0         0         0         0         0         0         0         0
         0         0         0         0         0         0         0         0
         0         0         0         0         0         0         0         0
         0         0         0         0         0         0         0         0
         0         0         0         0         0         0         0         0
         0         0         0         0         0         0         0         0
         0         0         0         0         0         0         0         0
         0         0         0         0         0         0         0         0
         0         0         0         0         0         0         0         0
         0         0         0         0         0         0         0         0
         0         0         0         0         0         0         0         0
         0         0         0         0         0         0         0         0
         0         0         0         0         0         0         0         0
         0         0         0         0         0         0         0         0
         0         0         0         0         0         0         0         0
         0         0         0         0         0         0         0         0
         0         0         0         0         0         0         0         0
         0         0         0         0         0         0         0         0
         0         0         0         0         0         0         0         0
         0         0         0         0         0         0         0         0
         0         0         0         0         0         0         0         0
         0         0         0         0         0         0         0         0
