5.10997	0.515173	0.22917	0.156413	0.025643	0.0158239
5.07439	0.471034	0.26107	0.161779	0.0263938	0.0166629
4.87621	0.525349	0.229238	0.150544	0.0250269	0.0153357
5.15513	0.505268	0.257224	0.158661	0.0261642	0.0163518
4.94623	0.514262	0.246354	0.155396	0.0264064	0.0164239
4.71755	0.553158	0.237816	0.148889	0.0258862	0.0157535
4.67756	0.502705	0.260816	0.144916	0.0260946	0.0162836
4.81944	0.510679	0.221993	0.150294	0.0252218	0.015478
5.13669	0.476973	0.268683	0.168519	0.0265776	0.0167953
4.78229	0.501894	0.254707	0.149794	0.026006	0.01623
4.61553	0.50376	0.226493	0.148705	0.0260109	0.0159367
5.2179	0.474983	0.263471	0.161574	0.0265348	0.0167302
4.90366	0.486963	0.250744	0.149747	0.0257081	0.0160976
4.96931	0.450111	0.267386	0.156613	0.0265587	0.0170129
4.88069	0.507022	0.244158	0.154466	0.0261624	0.016211
4.75446	0.468062	0.257984	0.146115	0.0256772	0.0161696
5.12003	0.514481	0.249981	0.159994	0.0272004	0.0170638
4.65881	0.456751	0.261928	0.144973	0.0258957	0.0164454
5.1341	0.517276	0.22897	0.157132	0.0251981	0.0154562
4.90686	0.582704	0.225456	0.151524	0.0256633	0.0156019
4.881	0.527017	0.239055	0.150239	0.0258171	0.0159007
5.14718	0.538058	0.225078	0.161608	0.02548	0.0155562
4.89424	0.525599	0.249123	0.147743	0.0261953	0.0163075
4.98321	0.474394	0.266658	0.153946	0.0265307	0.0167872
4.8696	0.480112	0.24684	0.150509	0.0255659	0.0160572
5.06672	0.515596	0.207436	0.163909	0.0253785	0.0154587
5.22063	0.487057	0.25289	0.163957	0.0260584	0.0163206
4.90819	0.500547	0.266105	0.152199	0.0268477	0.0168762
5.05627	0.528765	0.24648	0.1546	0.0254932	0.0157673
4.83117	0.478879	0.282748	0.147177	0.0265318	0.0167909
4.91522	0.512166	0.243808	0.152713	0.0260885	0.0163308
5.07324	0.451095	0.268962	0.161833	0.02637	0.0168002
5.12009	0.4869	0.263484	0.161592	0.0265204	0.0168088
4.91646	0.530662	0.237822	0.155943	0.0263149	0.0160729
4.98032	0.492941	0.241477	0.154786	0.0258484	0.0161796
4.7472	0.448165	0.275037	0.144702	0.0261284	0.016719
5.30646	0.415596	0.293189	0.168887	0.027045	0.0175798
5.04165	0.499562	0.248955	0.158144	0.0263227	0.0164637
4.96483	0.48113	0.26276	0.15405	0.0263761	0.0166436
4.70352	0.549031	0.228541	0.139491	0.0253442	0.0154461
5.00663	0.523796	0.242248	0.152131	0.0258763	0.0161573
4.92044	0.543338	0.225528	0.150784	0.0256682	0.0156755
5.31767	0.530603	0.242895	0.163416	0.026343	0.0161589
4.90688	0.518047	0.238391	0.157316	0.0263258	0.0163611
5.28612	0.49112	0.270784	0.172884	0.0265583	0.0168023
4.98596	0.474999	0.283766	0.15647	0.0266403	0.0170574
4.59413	0.502283	0.238275	0.141255	0.0260641	0.0162375
4.5734	0.531116	0.230122	0.144015	0.0257318	0.0157455
4.87561	0.543268	0.223138	0.148609	0.0252191	0.0153828
5.01683	0.503605	0.259201	0.154714	0.0259143	0.016144
4.79209	0.509917	0.266044	0.146432	0.026381	0.0165738
4.72605	0.475387	0.280157	0.145851	0.0265814	0.0168568
4.83271	0.482374	0.243742	0.148994	0.0254648	0.0158677
4.82459	0.517414	0.256126	0.154532	0.026351	0.01627
4.91129	0.50664	0.235298	0.156134	0.0261968	0.0161898
5.01216	0.476932	0.260952	0.158018	0.0260922	0.0164755
4.77628	0.513444	0.243215	0.146543	0.0258552	0.0160739
5.15685	0.479634	0.247009	0.165697	0.0261935	0.0164806
4.82196	0.511715	0.221214	0.152328	0.0254773	0.015566
4.7579	0.471177	0.252415	0.148637	0.0258829	0.0163711
4.95954	0.503625	0.266603	0.159017	0.026824	0.0168436
4.92362	0.518699	0.243097	0.152352	0.0260274	0.0161425
5.10899	0.481893	0.266795	0.163041	0.0265493	0.0168398
4.80185	0.48518	0.256544	0.15006	0.0258377	0.0162409
4.63356	0.485117	0.242925	0.149215	0.0259088	0.0160926
4.73003	0.529496	0.24304	0.147486	0.0259706	0.0161607
5.05752	0.512181	0.237806	0.156493	0.0260728	0.0161752
4.95968	0.487518	0.235367	0.153205	0.0254924	0.0158364
4.92953	0.503899	0.266908	0.149749	0.0261302	0.0163983
4.91156	0.477492	0.256419	0.154568	0.0265774	0.0167211
4.8833	0.528658	0.239655	0.153579	0.0260514	0.0160584
4.66276	0.502244	0.279071	0.14439	0.0269685	0.0170661
4.71675	0.50165	0.244907	0.148867	0.0257835	0.0160807
4.96983	0.546417	0.228098	0.156591	0.0259193	0.0158512
5.03723	0.491333	0.231371	0.160297	0.025776	0.0159793
4.85572	0.555744	0.223684	0.148444	0.0262228	0.0159359
5.05599	0.480101	0.272142	0.157339	0.0266083	0.0167346
5.14473	0.52327	0.253947	0.159048	0.0264078	0.0165826
4.93992	0.476281	0.272708	0.154218	0.0263986	0.0166569
4.86363	0.496199	0.242505	0.151355	0.0257927	0.0160664
4.77804	0.549191	0.244192	0.143489	0.0262994	0.0162346
5.01394	0.544423	0.202578	0.157501	0.0254656	0.015478
4.83261	0.463804	0.275422	0.151834	0.0262927	0.0167642
5.03278	0.461644	0.288807	0.157076	0.0268731	0.0172816
4.91704	0.476074	0.255158	0.161216	0.0261465	0.0163984
4.75515	0.471673	0.265565	0.150928	0.0261458	0.0165199
4.90278	0.485794	0.257216	0.155065	0.0262065	0.0164356
5.19045	0.529487	0.230773	0.164033	0.026141	0.0160655
4.93434	0.502063	0.231481	0.152227	0.0254151	0.0157273
4.89589	0.473941	0.2902	0.152075	0.0272844	0.0173723
4.95559	0.524569	0.251268	0.154239	0.0261455	0.0161634
4.89874	0.442264	0.281502	0.1558	0.0263367	0.0168923
4.90895	0.528896	0.249955	0.151432	0.0264757	0.0163282
4.85669	0.527126	0.232623	0.152095	0.0255672	0.0156548
4.75888	0.526284	0.236838	0.153055	0.0261711	0.0159433
4.76875	0.444346	0.301821	0.145998	0.0269125	0.0174226
4.74389	0.500935	0.25696	0.148028	0.0258817	0.0161287
4.86563	0.483305	0.257723	0.149564	0.0258222	0.0162905
4.87173	0.553266	0.214441	0.1502	0.0251164	0.0153029
5.0323	0.54514	0.218416	0.155125	0.0257037	0.0156477
4.8176	0.512714	0.259568	0.15039	0.0266525	0.0167174
5.11138	0.476048	0.283514	0.156791	0.0267606	0.0170398
4.68976	0.516435	0.253122	0.148563	0.02618	0.0161878
5.09042	0.492464	0.270228	0.162008	0.0264853	0.0166149
4.89954	0.470002	0.27947	0.153747	0.0261517	0.0165404
5.07357	0.545638	0.235459	0.15456	0.0260913	0.0159207
4.95957	0.483472	0.264955	0.149588	0.0257472	0.0163199
5.14658	0.517687	0.251748	0.160611	0.0262514	0.0162785
4.56363	0.538643	0.217172	0.144085	0.0258361	0.0157128
4.95578	0.500826	0.245374	0.157737	0.0259489	0.0161525
4.99186	0.505474	0.249537	0.157207	0.0266649	0.0165935
5.04943	0.544177	0.22724	0.15757	0.025338	0.0154491
5.05652	0.514512	0.270954	0.155265	0.0265765	0.0167012
4.70144	0.496086	0.262047	0.142843	0.0261281	0.0164247
4.85884	0.493867	0.257811	0.154629	0.0259624	0.0163332
5.18763	0.519941	0.241334	0.159377	0.0261541	0.0161682
4.99882	0.455776	0.273889	0.15589	0.0264463	0.0169085
4.97677	0.461767	0.265973	0.160389	0.0261024	0.0165064
5.0284	0.46568	0.287084	0.15158	0.0261844	0.0168005
5.01909	0.474024	0.266963	0.156965	0.0262758	0.0166501
5.14735	0.509653	0.247996	0.158582	0.0256029	0.016
5.0049	0.51091	0.233902	0.154327	0.0255223	0.0156679
4.81464	0.514147	0.255172	0.148459	0.0259788	0.0161615
5.33761	0.481486	0.259243	0.163621	0.026121	0.0165136
4.69969	0.530095	0.231935	0.143889	0.0253831	0.0155089
4.92832	0.496899	0.260365	0.153718	0.0266603	0.0168236
4.97791	0.550469	0.239747	0.149402	0.0261129	0.0160796
5.02713	0.524907	0.225497	0.158846	0.0253954	0.0155828
4.74146	0.462272	0.256278	0.153963	0.0262963	0.0166339
4.92869	0.492872	0.265675	0.151697	0.0261432	0.0164395
5.05088	0.515754	0.252083	0.153425	0.0261809	0.0164075
5.19373	0.506132	0.241281	0.162713	0.0259533	0.016097
4.90517	0.484077	0.240315	0.144919	0.025032	0.0155759
4.9964	0.50865	0.248901	0.152265	0.0260722	0.0162792
4.94753	0.53385	0.238157	0.154655	0.0258973	0.0158742
4.82613	0.513206	0.245205	0.147982	0.0256962	0.0159549
4.98395	0.517866	0.242934	0.158032	0.0260156	0.0160259
5.06788	0.494839	0.233295	0.160589	0.0260365	0.0161576
4.84365	0.486567	0.230307	0.15056	0.0253566	0.0157696
4.84065	0.507596	0.259731	0.148791	0.0262362	0.0164067
4.89752	0.540436	0.233126	0.15025	0.0255541	0.0157331
5.36767	0.495646	0.249112	0.161527	0.0255266	0.0159575
4.72885	0.507935	0.244697	0.144888	0.0257307	0.0159507
4.89822	0.500028	0.235548	0.151285	0.0254759	0.0157755
5.03914	0.45964	0.26062	0.154944	0.0262038	0.0167832
4.97781	0.531745	0.233319	0.154972	0.0263426	0.0162316
5.27683	0.486097	0.24859	0.165325	0.0256154	0.0161506
4.83669	0.497763	0.27537	0.150709	0.026662	0.0167011
5.10478	0.509641	0.241331	0.158372	0.0257155	0.016024
5.24189	0.47902	0.246361	0.165791	0.0259385	0.0163162
4.75339	0.486779	0.268768	0.150009	0.0266502	0.0168038
4.99327	0.486172	0.247821	0.154354	0.026007	0.0162878
4.92821	0.49827	0.236488	0.157191	0.025731	0.0159401
4.78857	0.523598	0.22426	0.150232	0.0256099	0.0156486
4.89455	0.47277	0.250394	0.154603	0.0261196	0.0164197
5.01124	0.540284	0.216592	0.157858	0.025586	0.0155727
4.82408	0.490181	0.258237	0.151104	0.0264379	0.0165266
4.96776	0.456583	0.280564	0.155862	0.0268955	0.0171097
4.85364	0.538216	0.243384	0.150797	0.025966	0.0159784
4.76787	0.506031	0.226323	0.151301	0.025604	0.0157801
4.96045	0.507482	0.262403	0.151998	0.0259868	0.0162081
4.76498	0.514829	0.252755	0.145077	0.0261079	0.0163579
4.8252	0.505522	0.257713	0.153214	0.0266849	0.0166229
4.83955	0.499569	0.259298	0.15415	0.0265899	0.0166204
4.96591	0.47546	0.259126	0.15671	0.0262566	0.0165228
4.73753	0.526938	0.212257	0.147879	0.0252628	0.0153489
4.92242	0.454639	0.280351	0.156969	0.0265788	0.0169785
4.90338	0.508534	0.256353	0.150136	0.0261196	0.0162291
4.93016	0.470412	0.262415	0.154717	0.0258976	0.0164009
5.09169	0.509517	0.242473	0.161056	0.0262064	0.0163887
4.64021	0.526897	0.227305	0.146551	0.0257476	0.0157852
4.73497	0.510737	0.245106	0.149211	0.0265222	0.0164919
4.92807	0.528589	0.245588	0.153955	0.0265263	0.0164159
4.77368	0.486449	0.277009	0.145174	0.0263837	0.0167434
4.72707	0.503532	0.249859	0.149634	0.0256765	0.0160776
4.75669	0.500398	0.240922	0.148484	0.0256985	0.0159457
4.96966	0.521564	0.233178	0.152382	0.0256514	0.0158973
4.90908	0.49976	0.245326	0.15052	0.0255909	0.0159172
4.90966	0.469785	0.266976	0.151396	0.0263248	0.0166615
5.11017	0.526705	0.245665	0.154989	0.0265991	0.0165127
5.03805	0.456562	0.285123	0.14906	0.0259888	0.0166198
4.93059	0.451806	0.27436	0.157059	0.0268619	0.0170951
5.01441	0.518427	0.242314	0.155265	0.0257921	0.0159395
4.62454	0.501012	0.251683	0.145978	0.0261288	0.0162275
5.05521	0.525771	0.227921	0.152329	0.0256489	0.0157745
4.76966	0.542901	0.223804	0.148809	0.0260414	0.0158313
4.78821	0.499719	0.249465	0.147051	0.0258644	0.0161105
4.85161	0.460772	0.267955	0.147964	0.0258517	0.016385
4.9641	0.485974	0.2587	0.154381	0.026259	0.0165344
4.9926	0.511489	0.249209	0.156932	0.0258389	0.0161163
5.49293	0.49767	0.253331	0.169024	0.026263	0.0164599
5.01794	0.495027	0.243144	0.158353	0.0257777	0.0160252
4.65029	0.47011	0.266697	0.14333	0.0257987	0.01614
5.19964	0.516096	0.240523	0.160527	0.0258145	0.0158938
5.00016	0.519085	0.225849	0.157622	0.0255321	0.015547
4.99284	0.469685	0.251225	0.156596	0.0259833	0.0163433
4.63509	0.41127	0.306312	0.143626	0.0262042	0.017016
5.04418	0.501944	0.245206	0.157174	0.025828	0.0161241
4.85172	0.520079	0.238638	0.146766	0.0264209	0.0164604
5.16207	0.543241	0.218566	0.15908	0.025528	0.0155665
4.82442	0.530553	0.258207	0.145527	0.0259514	0.016228
4.9237	0.473991	0.261852	0.158979	0.026524	0.0166757
4.86952	0.469589	0.250322	0.151907	0.0256291	0.0160694
4.85077	0.506235	0.240517	0.154841	0.0259941	0.0160545
4.68876	0.497665	0.261395	0.143876	0.0259488	0.0163138
5.10883	0.521369	0.244702	0.154346	0.0258445	0.0160764
4.98432	0.465761	0.249661	0.15586	0.0255976	0.0161837
4.76305	0.463354	0.257226	0.14827	0.0258009	0.016206
5.01934	0.527169	0.228334	0.160852	0.025857	0.0157946
4.97531	0.525123	0.201713	0.155492	0.0249555	0.0149164
5.13579	0.486288	0.262011	0.15862	0.0260629	0.0164327
5.12843	0.516796	0.234833	0.154398	0.0254242	0.0156394
4.93496	0.48158	0.266557	0.15096	0.026163	0.016443
4.81923	0.502249	0.249075	0.152216	0.025995	0.0161514
5.09192	0.509954	0.253066	0.162076	0.0263774	0.0163822
4.90309	0.476865	0.280347	0.1568	0.0270962	0.0172222
4.97078	0.496979	0.254546	0.156325	0.0267902	0.0168471
4.87941	0.502126	0.241805	0.153236	0.0265173	0.0164849
4.93757	0.481564	0.25918	0.150419	0.0255548	0.0161286
5.03375	0.499652	0.236551	0.157644	0.0257889	0.0159614
4.94353	0.543704	0.242471	0.151939	0.02628	0.016132
5.1498	0.532565	0.234368	0.160487	0.0259863	0.0160305
4.83811	0.5667	0.239322	0.150102	0.0262205	0.0159534
4.89177	0.546724	0.218899	0.153994	0.0261723	0.0158747
5.03883	0.547882	0.218822	0.154896	0.025968	0.0158292
4.94305	0.432323	0.281018	0.157538	0.0266591	0.0171678
5.01053	0.460768	0.239951	0.156206	0.0258884	0.016383
4.74169	0.472732	0.248104	0.150155	0.0258434	0.0161941
4.92814	0.499582	0.238664	0.152363	0.0254751	0.015723
4.79595	0.538065	0.243969	0.147842	0.0258788	0.015923
4.93048	0.500177	0.265262	0.157491	0.0268128	0.0169286
4.94172	0.493273	0.252385	0.157369	0.0260008	0.0162053
5.17768	0.46456	0.273534	0.159738	0.0260771	0.0166735
4.88872	0.451007	0.267339	0.151566	0.0255894	0.0162022
4.89085	0.5192	0.230986	0.156169	0.0262953	0.0162437
5.05606	0.543689	0.235844	0.153235	0.0260935	0.0159803
4.86476	0.534858	0.234951	0.154109	0.0261176	0.0160035
4.66004	0.486594	0.25733	0.148586	0.0264896	0.016656
4.77315	0.540897	0.231787	0.145259	0.0262898	0.0161287
4.87016	0.557874	0.226658	0.146618	0.0256838	0.0157149
4.7454	0.489836	0.258409	0.149254	0.0263248	0.0164295
5.18245	0.516753	0.243679	0.163821	0.026166	0.0162523
4.97449	0.512086	0.268036	0.154917	0.0265427	0.0167527
4.61461	0.498617	0.254948	0.147485	0.0265914	0.0166655
4.92332	0.534972	0.230538	0.161291	0.0265097	0.0162129
4.8614	0.502921	0.247035	0.148359	0.0259609	0.0161329
4.90916	0.516156	0.260496	0.152016	0.0265449	0.0164945
4.96213	0.477979	0.25432	0.153728	0.0255165	0.0161009
4.72016	0.429153	0.266784	0.147177	0.025942	0.0167863
4.99379	0.498459	0.243699	0.154837	0.025831	0.0161057
4.86752	0.54502	0.228993	0.14971	0.0256035	0.0157599
4.71339	0.475511	0.279141	0.143739	0.0264821	0.0167778
4.91409	0.472775	0.25616	0.15424	0.0258288	0.016303
4.94197	0.499606	0.248187	0.14862	0.0254186	0.0158342
4.92561	0.484549	0.250264	0.155669	0.0260807	0.0163457
4.82263	0.501748	0.261617	0.153329	0.0266797	0.0165657
5.16266	0.510047	0.245021	0.162447	0.0260484	0.0162111
4.94537	0.509751	0.23149	0.155551	0.025466	0.0156354
5.11542	0.53679	0.232389	0.154569	0.0260819	0.0160632
4.9684	0.508253	0.251102	0.152342	0.0266237	0.0166586
5.09694	0.517553	0.23781	0.156911	0.0252772	0.0156312
5.19832	0.551954	0.216123	0.158803	0.0254558	0.0153863
4.94181	0.514352	0.259994	0.154282	0.0261963	0.0163537
4.82654	0.517995	0.253411	0.148195	0.0258146	0.0159676
4.80211	0.502396	0.253352	0.157567	0.026633	0.0166067
4.90105	0.525424	0.245398	0.158823	0.0262101	0.0161764
4.69658	0.508938	0.243019	0.149841	0.026271	0.016384
4.64949	0.451831	0.297871	0.148275	0.0271569	0.0173297
4.99119	0.495575	0.231522	0.157763	0.025966	0.0161666
4.97416	0.503716	0.245252	0.153168	0.0263935	0.016516
5.00377	0.517283	0.259531	0.154345	0.026697	0.0165852
5.06657	0.496207	0.244642	0.156475	0.0259618	0.0161818
4.71445	0.47965	0.272699	0.144656	0.0258843	0.0163221
5.07873	0.518266	0.234997	0.158285	0.0261699	0.0160994
4.92252	0.525448	0.244953	0.153388	0.0259673	0.0160588
4.9293	0.502107	0.263969	0.156304	0.026696	0.0167471
4.93029	0.503134	0.253615	0.15602	0.0262056	0.0164153
4.87374	0.45116	0.271738	0.15086	0.02604	0.0166654
4.71502	0.55622	0.223729	0.149696	0.0262039	0.0159333
5.15894	0.496635	0.24577	0.160478	0.0263811	0.0165299
4.96078	0.496412	0.226921	0.157754	0.0257013	0.0157565
4.92685	0.526741	0.232759	0.150733	0.0259527	0.0159856
5.03605	0.550595	0.235994	0.154481	0.0266252	0.0164179
4.88866	0.462922	0.277922	0.147385	0.0261384	0.0166446
4.73486	0.46949	0.262729	0.150405	0.0262315	0.0166875
4.85908	0.471063	0.270996	0.151314	0.0267134	0.0169506
4.86929	0.470406	0.271136	0.151626	0.0266951	0.0169718
4.88549	0.516258	0.233054	0.1491	0.0253795	0.0156397
4.99931	0.510682	0.243896	0.158196	0.0260574	0.0161519
5.25878	0.508877	0.246336	0.162244	0.0259698	0.0160872
4.67183	0.505294	0.243116	0.143755	0.0255579	0.0159368
4.81866	0.491496	0.271911	0.143972	0.0264086	0.0166897
5.13612	0.52311	0.247506	0.153676	0.0259203	0.0160713
5.09121	0.53252	0.239814	0.155544	0.026015	0.0161078
5.00438	0.519044	0.247592	0.152399	0.0259992	0.0161448
4.79469	0.51428	0.232982	0.152736	0.0262248	0.0161919
4.94476	0.513321	0.244967	0.149547	0.0256694	0.0159205
5.17355	0.52688	0.238803	0.159329	0.0262124	0.016303
4.95754	0.547733	0.232041	0.154617	0.0258185	0.0157896
4.63231	0.534181	0.232184	0.144637	0.0258204	0.0158443
4.90859	0.479544	0.256287	0.15151	0.0259143	0.0162035
4.72172	0.48179	0.249846	0.148744	0.0264169	0.0165488
4.84264	0.465959	0.267038	0.151948	0.0262148	0.0166391
4.71505	0.46043	0.280382	0.149329	0.0269109	0.0170734
4.54648	0.523417	0.227168	0.143471	0.0254855	0.0156028
4.96716	0.501119	0.254474	0.155159	0.0258443	0.0161763
4.88315	0.474685	0.25443	0.154938	0.0258942	0.0162943
4.95933	0.503738	0.23416	0.159507	0.0256915	0.0159487
4.89404	0.490957	0.256628	0.154143	0.0260853	0.0163343
4.79105	0.436575	0.291398	0.147011	0.0269945	0.0174945
5.12949	0.456096	0.260442	0.160663	0.0261476	0.016702
4.87135	0.504236	0.255784	0.150392	0.0260232	0.0162841
5.09985	0.489444	0.246279	0.157051	0.0255136	0.01603
4.88142	0.529483	0.219079	0.153513	0.0251363	0.0153643
5.07058	0.465811	0.265262	0.159187	0.0260467	0.016605
4.95419	0.473768	0.272123	0.15267	0.02648	0.0169168
5.02729	0.506522	0.252953	0.160722	0.0262486	0.0163446
4.87884	0.527585	0.222187	0.152067	0.0255121	0.015638
4.67185	0.478453	0.254263	0.148904	0.0260413	0.0161558
4.98096	0.526289	0.240762	0.155641	0.0261249	0.016185
4.89375	0.45743	0.260277	0.158585	0.0265888	0.0169215
5.10078	0.496111	0.228501	0.157408	0.0250852	0.0153756
5.05359	0.503001	0.264178	0.162495	0.0267485	0.0167803
4.83139	0.574157	0.237459	0.147834	0.0263712	0.016173
5.11486	0.477964	0.275091	0.155256	0.0263162	0.0167998
4.97584	0.47055	0.264991	0.15775	0.0266364	0.0168171
5.0904	0.505271	0.242929	0.160272	0.0255749	0.0159078
5.01259	0.527908	0.222654	0.158931	0.0258051	0.0157764
4.87967	0.476836	0.248148	0.155344	0.0257567	0.0161643
4.66158	0.508067	0.243789	0.141797	0.0257099	0.0160506
4.63003	0.525234	0.26349	0.13811	0.0264614	0.0165593
5.02367	0.501067	0.252292	0.157184	0.0258791	0.0161153
4.90169	0.491924	0.283096	0.149583	0.026449	0.0166896
4.73512	0.520757	0.249538	0.146998	0.0259341	0.0160366
4.57251	0.462106	0.266557	0.146563	0.0265619	0.0168418
5.12434	0.49516	0.247538	0.158122	0.0261874	0.0163357
4.8645	0.493385	0.26849	0.149029	0.0261026	0.0164896
5.04046	0.472777	0.26024	0.156898	0.026257	0.0165425
4.84442	0.482287	0.258344	0.154763	0.0267129	0.0168646
4.90496	0.532971	0.251275	0.147198	0.0259841	0.0160279
4.99248	0.507181	0.232158	0.158907	0.0258182	0.0159252
4.93988	0.510823	0.237124	0.152708	0.0257177	0.0158185
4.77894	0.486085	0.260074	0.148151	0.0260727	0.0165474
4.73941	0.471614	0.259242	0.145086	0.0264685	0.0167385
4.95629	0.505689	0.237747	0.155477	0.0257157	0.0158305
5.0991	0.485443	0.255375	0.156247	0.0256127	0.0160793
5.23957	0.482683	0.260319	0.156732	0.0267002	0.016897
4.68774	0.509598	0.241475	0.146915	0.0256768	0.0158988
4.86434	0.494396	0.258495	0.149026	0.0260938	0.016371
4.80243	0.512851	0.259244	0.149222	0.0265601	0.0164419
4.9537	0.497606	0.256395	0.155447	0.0263843	0.0164903
4.95221	0.477195	0.257376	0.153961	0.0261216	0.0164201
5.05395	0.428804	0.30158	0.16095	0.0268365	0.0173278
4.98041	0.471662	0.261696	0.151526	0.0262941	0.0165635
5.03784	0.477683	0.254795	0.158256	0.0260303	0.0163646
5.00539	0.49678	0.250677	0.159273	0.0261257	0.0163158
4.47711	0.488134	0.239832	0.143672	0.0261532	0.0162899
4.96001	0.474624	0.262389	0.153543	0.0259662	0.0163929
5.09104	0.496963	0.254766	0.156382	0.0262681	0.0163897
5.02503	0.478808	0.260272	0.15622	0.026378	0.0166141
4.95032	0.476337	0.26064	0.151252	0.0256499	0.0162629
5.05341	0.463869	0.284104	0.157818	0.0269301	0.0171132
4.73825	0.514199	0.241623	0.14508	0.0257558	0.0158315
4.82536	0.471826	0.2709	0.153341	0.0265139	0.0167906
4.80017	0.521631	0.241767	0.145152	0.0258485	0.015874
4.95175	0.47456	0.252094	0.157958	0.0259019	0.0162023
4.98954	0.47417	0.260129	0.155627	0.0261344	0.0164101
4.87215	0.513327	0.223617	0.149555	0.0253789	0.0155438
4.61119	0.477585	0.270605	0.143196	0.0264059	0.0167013
4.99812	0.495543	0.238573	0.154804	0.0253225	0.0156952
4.85978	0.457977	0.26821	0.151699	0.0261909	0.0167491
5.10065	0.484963	0.262945	0.152719	0.0262198	0.016473
4.81776	0.4674	0.265232	0.151496	0.0266169	0.0168548
4.86589	0.475868	0.260741	0.154943	0.0265739	0.0166808
5.1196	0.468543	0.255177	0.165008	0.0259425	0.0164191
4.54264	0.500724	0.255138	0.144077	0.0258152	0.0160682
4.88004	0.487811	0.249009	0.155491	0.0265034	0.0166508
4.97716	0.540105	0.215184	0.155984	0.0256547	0.0156566
4.74401	0.48567	0.259201	0.152681	0.0263345	0.0164695
5.08996	0.538727	0.226609	0.159027	0.0257834	0.0157396
4.75204	0.470702	0.277083	0.153644	0.0263877	0.01692
5.09857	0.515105	0.256712	0.161532	0.0266398	0.0166042
4.99288	0.501796	0.239799	0.158154	0.026194	0.0162226
5.21158	0.507767	0.258715	0.164922	0.0264766	0.0166416
5.02293	0.546479	0.243305	0.14866	0.0254971	0.0157644
4.83107	0.50537	0.267531	0.150414	0.0267208	0.0166914
5.00315	0.515714	0.250971	0.152356	0.0263872	0.0163557
5.03524	0.492307	0.257246	0.157735	0.0262132	0.0163802
4.92643	0.47474	0.266307	0.151981	0.0261391	0.0166459
4.90341	0.501513	0.259494	0.152997	0.0262641	0.0165
4.7439	0.532205	0.229563	0.146243	0.0257108	0.0157518
4.93671	0.494326	0.254829	0.158605	0.0260187	0.0162046
4.85986	0.495722	0.26276	0.148855	0.026217	0.0164891
4.74952	0.458327	0.273491	0.146582	0.0261042	0.0165119
4.9125	0.473422	0.275696	0.148502	0.0266147	0.0168925
4.86268	0.474799	0.268614	0.152397	0.0264165	0.0166855
4.79226	0.529769	0.237758	0.151538	0.0259549	0.0159434
5.00904	0.52138	0.250246	0.155202	0.026121	0.0162873
4.93207	0.437811	0.271436	0.15788	0.0257977	0.0165
4.62278	0.535499	0.245317	0.14343	0.0264309	0.0162702
4.98845	0.463268	0.276699	0.157739	0.0266626	0.0169952
5.13888	0.465995	0.261377	0.161934	0.0261415	0.0164543
5.14713	0.509234	0.258859	0.15611	0.0259729	0.0162489
4.75246	0.531437	0.236014	0.148498	0.0261073	0.0160405
4.87727	0.516608	0.270474	0.153106	0.0268454	0.0168559
4.96382	0.497082	0.242311	0.154562	0.0256233	0.0159593
5.10726	0.463301	0.259844	0.158928	0.0263115	0.0166742
5.02324	0.513141	0.224976	0.15863	0.0257101	0.0157834
4.84436	0.49919	0.26029	0.146347	0.0261231	0.0162108
4.82599	0.556226	0.211581	0.148093	0.0252287	0.0152056
4.96456	0.462122	0.270429	0.153559	0.0257919	0.0165384
4.87316	0.535517	0.22185	0.151986	0.025559	0.0155908
4.69552	0.538249	0.238987	0.142998	0.0260316	0.0160903
4.99374	0.477643	0.245261	0.155333	0.0255806	0.0161287
4.76131	0.447285	0.269201	0.144473	0.0254934	0.0162321
5.04671	0.506889	0.246919	0.158948	0.0264024	0.0163834
4.79955	0.542683	0.218825	0.148305	0.0256662	0.0156558
4.88289	0.458963	0.266928	0.153758	0.0263262	0.016685
5.11076	0.52341	0.242351	0.158171	0.0261506	0.0162484
5.06307	0.490692	0.25125	0.151397	0.025711	0.0161691
4.78883	0.491814	0.251962	0.148403	0.0260923	0.016226
4.99339	0.470268	0.256096	0.157447	0.0259755	0.0163465
4.9904	0.510643	0.21868	0.155498	0.0254636	0.0157238
4.9741	0.485667	0.269151	0.153268	0.0264497	0.0166833
5.00838	0.50899	0.243166	0.155033	0.0259095	0.0160045
4.66544	0.463941	0.295325	0.144599	0.0260017	0.0166785
5.14144	0.550361	0.222286	0.157263	0.0257057	0.015867
4.94631	0.496682	0.235653	0.153723	0.0256135	0.0158962
4.93088	0.470624	0.301189	0.151325	0.0270132	0.017432
4.92214	0.521503	0.242303	0.160634	0.0267474	0.0165004
5.00134	0.441598	0.293657	0.156623	0.0268866	0.0173745
4.59778	0.463072	0.273547	0.142195	0.0258543	0.0162788
4.83614	0.537489	0.232848	0.148676	0.0261511	0.0160462
4.79579	0.503904	0.237151	0.152976	0.0259405	0.0159205
4.85396	0.5031	0.239392	0.14818	0.0259837	0.0163068
4.80399	0.461147	0.25285	0.150836	0.0259328	0.0163705
4.85888	0.477857	0.242141	0.149701	0.025866	0.0161605
4.99732	0.499142	0.23548	0.154277	0.0256123	0.0159535
4.99233	0.482923	0.257582	0.156591	0.0260537	0.01643
5.10952	0.560253	0.226756	0.159063	0.0260736	0.0158007
5.04165	0.48992	0.238848	0.156805	0.0258515	0.0161103
5.00924	0.497277	0.250612	0.157653	0.026101	0.0162079
5.05839	0.486376	0.247806	0.162272	0.0256817	0.0160991
5.09829	0.528842	0.226782	0.159321	0.0261395	0.0159808
5.41539	0.544837	0.241084	0.162809	0.0259493	0.0159963
4.70671	0.512362	0.265716	0.147327	0.0269929	0.0168282
4.90671	0.470964	0.255258	0.153962	0.0258051	0.0161484
4.96858	0.527501	0.237236	0.154616	0.0263112	0.0162748
4.95801	0.471565	0.254098	0.154479	0.0261038	0.0164199
5.16395	0.502624	0.22984	0.165307	0.0256352	0.015783
4.80389	0.513024	0.252333	0.151413	0.0265481	0.016535
5.05896	0.46883	0.261214	0.154607	0.0261463	0.0166049
4.88321	0.469835	0.266004	0.15561	0.0262516	0.0165772
4.98118	0.560318	0.226855	0.154073	0.0265997	0.0161863
5.04406	0.479857	0.258125	0.157636	0.0260967	0.0164307
4.89979	0.46477	0.290262	0.149069	0.0264267	0.0169399
4.71777	0.46484	0.270533	0.149962	0.0262644	0.0166538
5.02526	0.493525	0.236541	0.158598	0.0259256	0.0159557
4.89675	0.522953	0.235086	0.151177	0.0259286	0.015833
4.73256	0.50263	0.256972	0.148654	0.0259951	0.0162805
4.8648	0.513148	0.229866	0.148716	0.0259961	0.016102
4.94044	0.51613	0.243641	0.157731	0.0264208	0.0164357
4.8595	0.475507	0.255424	0.148958	0.0260248	0.0163915
5.2153	0.461101	0.253632	0.162365	0.0255861	0.0161909
4.90469	0.503822	0.247425	0.152484	0.0260051	0.0162631
4.76335	0.490864	0.263443	0.14727	0.0264666	0.0166012
4.89622	0.514279	0.228075	0.149875	0.0257074	0.0158502
4.7796	0.500761	0.252872	0.14876	0.0256316	0.015943
5.09329	0.460246	0.262093	0.162061	0.0257166	0.0162584
4.88952	0.522615	0.228281	0.152247	0.0258792	0.015891
5.01266	0.486652	0.26082	0.153739	0.0259461	0.0163061
4.88747	0.502256	0.260055	0.149587	0.0262386	0.0164654
4.89185	0.523517	0.238356	0.157701	0.0264252	0.0162444
4.77389	0.501084	0.263928	0.150503	0.0265848	0.0166317
5.01511	0.484634	0.238985	0.164171	0.0257631	0.0161337
4.95701	0.530469	0.249191	0.156139	0.0262626	0.0163444
4.82997	0.506267	0.252451	0.155397	0.0266081	0.0167141
4.95453	0.516751	0.253306	0.152936	0.0258061	0.0160958
4.829	0.482206	0.279378	0.152501	0.0272012	0.0172199
5.01248	0.485138	0.259568	0.156919	0.0263917	0.0165568
4.49757	0.526349	0.209933	0.141395	0.0256609	0.0155708
4.91157	0.493233	0.237916	0.150455	0.0255561	0.0159165
4.80041	0.500098	0.254169	0.152467	0.0263311	0.0164139
5.13183	0.531748	0.265912	0.156852	0.0269035	0.0166984
4.75194	0.509442	0.224295	0.149058	0.0252086	0.0154782
4.84011	0.500868	0.250066	0.148728	0.0258061	0.0160118
4.99085	0.512413	0.207332	0.155238	0.0250664	0.0151074
4.83127	0.491949	0.255737	0.148684	0.0261122	0.0163542
5.06313	0.520433	0.256152	0.160568	0.0269161	0.0168335
4.72977	0.522283	0.25897	0.146179	0.0263231	0.0163051
4.95626	0.547844	0.227604	0.153943	0.0260257	0.0158292
4.94551	0.490216	0.25124	0.151344	0.0258503	0.0161108
5.04313	0.493681	0.246554	0.159567	0.025914	0.0162131
4.744	0.514634	0.237318	0.145531	0.0256159	0.0157429
5.06229	0.491767	0.23615	0.156659	0.0257267	0.016089
5.12025	0.528822	0.225094	0.161149	0.0254196	0.0156764
4.81898	0.479301	0.25592	0.155309	0.0263745	0.0165886
5.00948	0.539578	0.23322	0.152884	0.0255947	0.0158281
4.85993	0.490914	0.252572	0.152825	0.0259533	0.016084
4.73169	0.498125	0.240772	0.145865	0.0254024	0.0157906
4.82503	0.536617	0.230836	0.152821	0.0260414	0.0159875
5.35512	0.515667	0.264028	0.165211	0.0264525	0.0167007
4.6402	0.469344	0.267763	0.144201	0.0268899	0.0169664
5.09381	0.521673	0.255951	0.155549	0.0261437	0.0162273
4.72547	0.509049	0.243996	0.14807	0.0260442	0.0161062
4.91949	0.496707	0.260652	0.152026	0.0263181	0.0164725
4.93069	0.487859	0.266215	0.156083	0.026578	0.0167507
5.41706	0.470551	0.255316	0.169013	0.0259881	0.016504
4.99275	0.504058	0.24151	0.158354	0.026013	0.0160859
4.96204	0.475404	0.268219	0.158031	0.0263025	0.0166863
5.08646	0.500621	0.251098	0.160397	0.0261482	0.0163432
4.87378	0.537727	0.22613	0.157386	0.026359	0.0161425
4.95048	0.497017	0.25467	0.155491	0.0266052	0.0167636
5.18351	0.523873	0.234857	0.160839	0.0259487	0.0159863
4.8415	0.51447	0.206779	0.154175	0.0252289	0.0153441
4.94619	0.492138	0.24971	0.156908	0.0262163	0.0163421
4.99603	0.489685	0.240214	0.155441	0.0256718	0.0160382
5.02156	0.475812	0.241819	0.159319	0.0256998	0.01603
4.94218	0.479046	0.25829	0.150492	0.025646	0.0161046
4.7088	0.540004	0.222919	0.146972	0.0259075	0.0157813
4.55327	0.494492	0.27425	0.140172	0.0266033	0.0168661
5.09614	0.522068	0.24652	0.158296	0.0263482	0.0164007
5.19123	0.506551	0.241245	0.163536	0.0258683	0.0160033
5.07166	0.49684	0.250746	0.155376	0.0257814	0.016261
5.08965	0.487172	0.272659	0.155374	0.0263679	0.0167979
5.07779	0.525841	0.241216	0.155651	0.0257876	0.0160148
4.82871	0.516968	0.242687	0.153823	0.0258441	0.0159473
4.95523	0.507155	0.240625	0.1529	0.0257286	0.015962
4.78699	0.493998	0.23956	0.148124	0.0256344	0.0159353
4.86741	0.50227	0.267157	0.14359	0.0260024	0.0163001
5.11419	0.516575	0.237173	0.157958	0.0260056	0.0160959
5.15945	0.504666	0.22947	0.159214	0.0256337	0.0158711
4.88788	0.470833	0.245597	0.152029	0.025616	0.0159748
5.27865	0.497567	0.248138	0.164879	0.0259934	0.0162603
4.65938	0.481097	0.271373	0.146132	0.0259836	0.0163568
5.07456	0.499677	0.241843	0.163072	0.0265828	0.0165608
4.90238	0.450188	0.28804	0.152897	0.0260826	0.0166578
5.0187	0.502353	0.255863	0.155829	0.0261343	0.0162791
4.8463	0.49977	0.252949	0.151188	0.0262742	0.0164145
4.76605	0.506062	0.243357	0.150916	0.0257915	0.0160505
4.82704	0.541471	0.230454	0.150038	0.0256336	0.0156104
4.96876	0.478997	0.256354	0.159179	0.0259685	0.0163109
5.14555	0.490058	0.234033	0.15897	0.0252145	0.0157588
4.81887	0.546134	0.220705	0.152236	0.0255993	0.0155913
5.01938	0.477648	0.266092	0.151734	0.0256476	0.0162042
4.85808	0.505708	0.240583	0.150006	0.0263805	0.0166553
4.96774	0.476178	0.260087	0.154862	0.0262026	0.0165637
4.98814	0.503854	0.250679	0.154611	0.0259714	0.0161643
4.82576	0.518285	0.241985	0.143468	0.0254797	0.0157763
5.18761	0.531867	0.246535	0.15791	0.02599	0.016211
4.99234	0.428588	0.28847	0.157022	0.0268247	0.0172912
5.13632	0.475945	0.284265	0.161283	0.0269311	0.0170882
5.10223	0.493132	0.255381	0.160981	0.0261231	0.0163497
5.09099	0.556693	0.221022	0.154536	0.0261335	0.0159336
4.48738	0.478455	0.251223	0.138363	0.0252597	0.0157878
4.71484	0.470679	0.252167	0.150403	0.0265429	0.0165896
5.07804	0.563893	0.20892	0.159783	0.0257996	0.0154671
4.80424	0.473718	0.248666	0.149585	0.0259524	0.0162773
4.64447	0.524199	0.254813	0.145113	0.0268351	0.0166976
4.95418	0.500982	0.242646	0.15182	0.0263684	0.0163965
4.81306	0.480769	0.262678	0.1522	0.0260104	0.0164137
4.72037	0.50635	0.254403	0.148591	0.0264784	0.0165548
4.9608	0.496289	0.250433	0.154632	0.0260897	0.016259
4.91267	0.476397	0.268323	0.154704	0.0263678	0.0165824
4.88921	0.548015	0.223501	0.153986	0.0266869	0.0163024
4.95324	0.464934	0.264292	0.157684	0.0263452	0.0166669
4.95917	0.470126	0.27222	0.157201	0.0260754	0.0165145
5.04802	0.54799	0.229583	0.156148	0.0258563	0.0158041
4.88431	0.529444	0.245059	0.157769	0.0262452	0.0161427
5.09663	0.514921	0.242947	0.158674	0.026239	0.0162872
4.96765	0.529569	0.23916	0.145574	0.0257998	0.016056
4.94309	0.471083	0.265162	0.150022	0.0261661	0.0165407
4.84745	0.534997	0.228632	0.154441	0.0258319	0.0158391
5.1209	0.508793	0.264208	0.158829	0.0266547	0.0167334
4.88433	0.48359	0.243601	0.149392	0.0248968	0.0155796
4.90039	0.52139	0.243389	0.156905	0.0266423	0.0163544
4.80544	0.502892	0.238392	0.148874	0.0260178	0.0160678
4.79224	0.541356	0.223525	0.149146	0.0256195	0.0154629
4.80608	0.48853	0.25086	0.146674	0.0260691	0.0162708
4.70183	0.476565	0.248685	0.143977	0.0260682	0.0163766
4.91894	0.506298	0.219193	0.153349	0.0249755	0.0152364
5.01342	0.540725	0.225744	0.156387	0.0259636	0.0158406
5.09581	0.532879	0.239229	0.15673	0.0258929	0.0159934
4.93829	0.467047	0.270268	0.155135	0.026251	0.016615
5.01842	0.460085	0.239729	0.160522	0.0258346	0.0162004
4.90767	0.493953	0.26411	0.154017	0.0266296	0.0167632
4.82632	0.541816	0.22805	0.155242	0.0259973	0.0159659
4.77732	0.521877	0.251079	0.143479	0.0260505	0.016315
4.83505	0.473331	0.27676	0.150743	0.0265154	0.0168464
5.14342	0.471968	0.259906	0.161274	0.0261705	0.0165884
4.72171	0.514421	0.231894	0.156359	0.026549	0.0163034
5.05302	0.488216	0.259485	0.157026	0.0263071	0.0166234
5.10532	0.498055	0.256723	0.157668	0.0263757	0.0165141
5.02369	0.52525	0.209687	0.156489	0.0250536	0.0150832
4.82858	0.489217	0.247831	0.147813	0.0261537	0.0163715
5.21061	0.487123	0.248208	0.16307	0.0260009	0.0163015
4.92388	0.507	0.241016	0.151299	0.0256719	0.0159442
4.8376	0.459412	0.258056	0.156907	0.0259565	0.0164533
4.94145	0.468319	0.266281	0.150094	0.0256615	0.0163414
4.85748	0.473686	0.267219	0.148892	0.0265127	0.0168716
5.11611	0.440582	0.268366	0.16914	0.0263743	0.0167631
4.75595	0.480346	0.244173	0.151294	0.0257659	0.0160278
5.09874	0.517635	0.226364	0.156652	0.0255271	0.015788
4.85797	0.475437	0.247164	0.16083	0.0261564	0.0164686
5.11171	0.482695	0.264799	0.157957	0.0263662	0.0165511
5.06443	0.49163	0.251178	0.155782	0.0257052	0.0161333
4.9487	0.458607	0.261021	0.159889	0.0263235	0.0166072
4.76431	0.467821	0.28415	0.153308	0.0272496	0.0173544
5.08701	0.480139	0.266967	0.155415	0.0265797	0.01681
4.8057	0.462757	0.275038	0.145121	0.0258294	0.0164309
5.09433	0.509086	0.246773	0.158973	0.0258915	0.0161445
4.85147	0.502675	0.240441	0.151318	0.0259048	0.0161527
4.68945	0.501339	0.252952	0.142954	0.0260619	0.0162932
4.65239	0.496722	0.254116	0.141907	0.0260619	0.0162148
5.07173	0.522579	0.225083	0.160686	0.0257008	0.0156416
4.81715	0.489467	0.248111	0.145756	0.0248423	0.0154681
4.82807	0.52861	0.236094	0.152142	0.025756	0.0158004
5.08841	0.527733	0.240174	0.155055	0.02629	0.0161681
5.18666	0.499479	0.268676	0.157284	0.0266088	0.0168203
4.64107	0.515266	0.227865	0.144847	0.025692	0.0157744
5.08696	0.549008	0.209732	0.158655	0.025424	0.0153427
4.92641	0.504869	0.252813	0.158206	0.0265202	0.0164907
4.94682	0.500612	0.246103	0.149065	0.0251974	0.0156659
5.05768	0.481988	0.263937	0.157937	0.0266471	0.0168144
4.94488	0.509232	0.244643	0.158579	0.0265899	0.0164258
4.57333	0.487813	0.24787	0.145422	0.0262266	0.0163219
5.24682	0.488655	0.27331	0.159158	0.0266373	0.0168314
5.08778	0.478273	0.244668	0.161932	0.0260365	0.0162304
5.02098	0.523735	0.243975	0.156292	0.0261665	0.0162108
4.86986	0.443731	0.268257	0.157824	0.0262358	0.016735
5.08307	0.484991	0.252945	0.157119	0.0258043	0.0162353
5.02007	0.531309	0.2472	0.156507	0.0257062	0.0157966
5.09433	0.514245	0.249699	0.15668	0.0262238	0.0163073
5.09495	0.534782	0.247609	0.161641	0.0265079	0.0164112
4.78802	0.541216	0.239967	0.147872	0.0261754	0.0161154
5.02366	0.519242	0.234059	0.159749	0.0263645	0.0163255
4.91381	0.479259	0.271073	0.148377	0.0259824	0.0164322
5.22773	0.462106	0.260915	0.163895	0.0257163	0.0161517
5.1031	0.479826	0.265852	0.160407	0.026199	0.0164781
5.20492	0.496452	0.230327	0.166217	0.0256086	0.0158472
4.96777	0.503016	0.244419	0.151735	0.0258536	0.0160398
4.90977	0.521033	0.245405	0.153249	0.0260667	0.0161702
4.91748	0.502287	0.280483	0.152617	0.026688	0.0168889
4.85922	0.508101	0.249878	0.152082	0.0257853	0.0160223
5.193	0.497134	0.255717	0.161419	0.0262637	0.0165626
4.77189	0.498221	0.251021	0.145646	0.0263581	0.0164401
4.85858	0.50624	0.262646	0.148374	0.0265536	0.0165047
4.81618	0.495756	0.259239	0.149415	0.0258919	0.0161959
4.67625	0.510476	0.23019	0.147211	0.0256681	0.0158269
5.10285	0.529986	0.228287	0.152867	0.0258267	0.0160267
4.8237	0.539301	0.241326	0.149753	0.0263899	0.0161757
4.79993	0.498819	0.257165	0.152139	0.0260652	0.016379
5.08087	0.447724	0.296597	0.156416	0.026416	0.0170193
5.14424	0.508026	0.254465	0.157959	0.0259883	0.0161796
4.95501	0.470364	0.270886	0.155741	0.0263878	0.0166161
4.92944	0.491089	0.274192	0.153083	0.0265234	0.0168052
4.69948	0.470528	0.260576	0.144106	0.0258532	0.0164233
4.76271	0.479774	0.26772	0.145499	0.0260642	0.0165462
5.09468	0.519534	0.256309	0.158709	0.02692	0.0167503
4.9908	0.541422	0.248418	0.153348	0.0263717	0.0163647
5.278	0.513005	0.227845	0.168767	0.0257586	0.015859
4.70494	0.538382	0.218906	0.150091	0.0256842	0.0155381
4.91219	0.495113	0.259634	0.152123	0.0260452	0.016362
4.9382	0.454957	0.264388	0.157856	0.0255893	0.0162533
4.85594	0.500116	0.236625	0.155332	0.0260111	0.0161557
4.93764	0.483067	0.249985	0.152694	0.0257021	0.0161392
4.87404	0.475227	0.262859	0.15383	0.0266991	0.0168911
4.8674	0.445139	0.263886	0.152775	0.0258486	0.0164627
5.0286	0.451983	0.273906	0.152045	0.0265267	0.0169752
5.08414	0.538825	0.228845	0.158273	0.0259981	0.0159698
5.15763	0.517074	0.250086	0.158106	0.0258514	0.016072
4.84054	0.524045	0.24113	0.147538	0.0260428	0.0161531
4.88673	0.537702	0.235279	0.15282	0.0261651	0.0161149
5.10261	0.512451	0.236404	0.15992	0.0263939	0.0163744
5.13836	0.530032	0.237542	0.156347	0.0257338	0.015731
5.01053	0.472496	0.254142	0.158771	0.0256078	0.0160781
5.24236	0.508435	0.238343	0.163371	0.0252547	0.0156305
5.01674	0.489997	0.260796	0.162374	0.0264997	0.0166284
4.92903	0.556789	0.21762	0.153056	0.0255295	0.01547
4.84673	0.535043	0.229933	0.150386	0.0258577	0.0158345
4.82989	0.484749	0.249251	0.15252	0.0258665	0.0161327
4.78833	0.510926	0.217633	0.151525	0.0254731	0.0154768
5.01768	0.473048	0.256676	0.162231	0.0260932	0.0164451
4.95949	0.482223	0.257026	0.150061	0.0258798	0.0163367
4.88994	0.496154	0.252163	0.155941	0.0263947	0.016366
4.68593	0.496372	0.233284	0.144682	0.025511	0.0157742
4.96296	0.489167	0.256791	0.151689	0.0258003	0.0162191
5.16844	0.528996	0.234863	0.165237	0.0260435	0.0159648
5.00261	0.518071	0.258456	0.151377	0.0263681	0.0164879
4.80317	0.509233	0.237437	0.144536	0.0255347	0.0157498
4.95473	0.505582	0.261055	0.159091	0.0270878	0.0169867
4.81507	0.508511	0.246674	0.154426	0.0262142	0.0162584
4.60804	0.494055	0.264293	0.143239	0.0264521	0.0165112
4.97278	0.531076	0.227262	0.155186	0.0254555	0.0155445
4.96883	0.568966	0.211734	0.15422	0.0256794	0.0154474
4.95798	0.4758	0.282509	0.148943	0.0270435	0.0172833
4.90278	0.52776	0.217724	0.157559	0.0254351	0.0154435
4.55066	0.487882	0.274956	0.137596	0.0261082	0.0165281
4.77917	0.514051	0.243652	0.151147	0.0266982	0.0165212
4.85027	0.488271	0.268381	0.152488	0.0261709	0.0164947
4.93319	0.530169	0.21645	0.156585	0.0256104	0.0157161
5.00011	0.513778	0.218061	0.156728	0.025523	0.0156408
5.03195	0.455581	0.286636	0.155196	0.0265964	0.0170902
5.05982	0.47845	0.300462	0.155937	0.0269871	0.0172679
4.86073	0.475043	0.26152	0.154028	0.0262439	0.0165817
4.71521	0.456548	0.2771	0.153133	0.0263327	0.0166986
5.00598	0.514417	0.238721	0.156477	0.0260952	0.0161342
5.07767	0.479847	0.264577	0.160744	0.0266006	0.0169447
5.09353	0.496361	0.254629	0.161478	0.026288	0.0165378
5.18209	0.524137	0.230772	0.160003	0.0255878	0.0157329
4.75294	0.468485	0.270495	0.147132	0.025937	0.0164738
4.88116	0.504807	0.245251	0.157067	0.0259459	0.016256
5.03197	0.517498	0.229457	0.154168	0.0254198	0.0156239
4.65163	0.502779	0.236499	0.144661	0.0254904	0.0156853
5.09733	0.487246	0.246802	0.160469	0.0264147	0.0164967
4.95011	0.497553	0.242088	0.158486	0.0263424	0.0164387
4.86724	0.493172	0.243387	0.15212	0.0259424	0.0161118
5.0414	0.474246	0.263832	0.155834	0.0256728	0.0161585
4.78209	0.474419	0.261176	0.152131	0.0263382	0.0165614
4.73	0.518436	0.232613	0.145566	0.0253808	0.0156032
4.9486	0.492228	0.247472	0.154131	0.0259139	0.0161409
4.86427	0.495762	0.261146	0.157228	0.0264192	0.0165826
4.77843	0.518791	0.223772	0.147668	0.024924	0.0151139
4.86205	0.504367	0.27228	0.149079	0.026988	0.0170185
5.0083	0.4972	0.248803	0.162709	0.0263898	0.0164348
5.05872	0.516533	0.228866	0.155101	0.0256879	0.0157793
5.05283	0.476468	0.267311	0.158026	0.0263916	0.016726
4.99834	0.519037	0.225699	0.15303	0.0252041	0.0155107
4.77424	0.486823	0.263786	0.144972	0.0260024	0.0163854
4.74722	0.508937	0.252758	0.147482	0.026265	0.0162579
4.96841	0.502666	0.25912	0.150963	0.0266332	0.0167801
5.06393	0.470615	0.258452	0.153338	0.0261462	0.0165558
5.00177	0.469677	0.257014	0.155558	0.0260407	0.0163368
4.67756	0.471487	0.269228	0.141696	0.026025	0.0164483
4.88562	0.486366	0.268278	0.153275	0.0260254	0.0165454
4.89418	0.516495	0.23487	0.153713	0.02568	0.0158418
4.97272	0.510365	0.258393	0.151664	0.0261514	0.0163331
4.83824	0.506504	0.241684	0.155715	0.0257435	0.0159784
4.76881	0.514168	0.237646	0.148805	0.0260032	0.0161449
4.79904	0.512331	0.235193	0.145963	0.0255716	0.0158054
4.7233	0.515932	0.237935	0.149845	0.025544	0.0157983
4.96053	0.454529	0.251099	0.155542	0.0252556	0.0159901
4.9409	0.486502	0.265785	0.155191	0.0261409	0.0164379
5.01412	0.508505	0.254401	0.152047	0.0260411	0.0161859
4.71563	0.450645	0.270429	0.147708	0.026036	0.0166121
5.03178	0.54275	0.226615	0.155131	0.0258864	0.0158457
4.73672	0.483	0.268031	0.148947	0.0267376	0.0169019
4.67809	0.490887	0.258457	0.148197	0.0259375	0.0161394
5.03706	0.520849	0.232439	0.155842	0.0261382	0.016251
5.0284	0.484952	0.253285	0.158462	0.0261459	0.0164439
4.9906	0.452789	0.271101	0.153575	0.0265169	0.0169996
5.18692	0.48182	0.250297	0.166993	0.0263565	0.0165609
4.8279	0.510762	0.250365	0.15104	0.0262805	0.0163435
4.92504	0.498317	0.255697	0.151609	0.0261825	0.0164477
4.91106	0.487614	0.250073	0.157595	0.0259348	0.0161434
5.06218	0.470891	0.244855	0.160838	0.025905	0.016234
4.76083	0.460793	0.259196	0.145715	0.0263294	0.0166009
5.08793	0.474223	0.286044	0.15735	0.0267491	0.0170916
4.95187	0.530565	0.233679	0.155956	0.0262114	0.0161812
4.84903	0.487582	0.241997	0.157239	0.0266801	0.0166041
5.09978	0.46799	0.234329	0.160385	0.025795	0.0160544
4.8143	0.484015	0.273276	0.148896	0.026414	0.0166365
4.82565	0.492602	0.238172	0.154924	0.0254727	0.0158743
4.96322	0.465618	0.265927	0.150039	0.0256689	0.0162642
5.05482	0.475227	0.276879	0.159625	0.0262907	0.016644
4.87728	0.472339	0.271518	0.154163	0.0267032	0.0170352
5.11532	0.508058	0.234348	0.159307	0.0256654	0.0159955
4.86873	0.508461	0.24762	0.151097	0.0265287	0.0165267
4.8371	0.525136	0.258209	0.150475	0.0262499	0.0163606
4.69471	0.5086	0.236812	0.150696	0.0259215	0.0159723
5.11453	0.498988	0.241756	0.158253	0.0258134	0.0160961
5.21111	0.52988	0.234309	0.16607	0.0255517	0.0157232
5.00641	0.575104	0.228387	0.157531	0.0261197	0.0158172
4.91411	0.515342	0.218608	0.157739	0.0256142	0.0156716
4.84602	0.520133	0.240867	0.147833	0.0257242	0.0159122
5.22563	0.536931	0.241863	0.162273	0.0264166	0.0164071
5.13215	0.49958	0.248158	0.157609	0.0254139	0.0158815
5.03082	0.486056	0.249378	0.158167	0.0260547	0.0162768
5.03432	0.51008	0.269493	0.157372	0.0269766	0.0170946
5.17713	0.521008	0.262844	0.154917	0.0265153	0.0166535
5.08446	0.48937	0.23662	0.159794	0.0259554	0.0161046
5.23789	0.507073	0.242724	0.163934	0.0260228	0.0162939
4.95925	0.521865	0.250529	0.154092	0.0264412	0.0163205
4.98415	0.491792	0.251265	0.152969	0.0258617	0.0162278
5.04967	0.458801	0.27856	0.156371	0.0266745	0.0171675
4.88274	0.472426	0.257376	0.153712	0.0256863	0.0162998
5.00549	0.471398	0.257015	0.15568	0.0258514	0.0163256
4.75328	0.47876	0.254848	0.147413	0.0258757	0.0163754
4.87962	0.536428	0.245761	0.150153	0.0267556	0.0166004
4.98592	0.519553	0.232949	0.157983	0.0259654	0.0159164
4.91996	0.492752	0.243506	0.157519	0.0262145	0.0163744
4.83766	0.450594	0.270428	0.152609	0.0262747	0.0167592
5.09644	0.484347	0.250795	0.155892	0.0259156	0.0162811
5.19959	0.474309	0.256804	0.1609	0.0257125	0.0162088
4.75904	0.479045	0.252334	0.151748	0.0263003	0.0164819
4.77534	0.555991	0.203166	0.152337	0.0254769	0.0153021
5.24216	0.488265	0.261879	0.161998	0.0259684	0.0163692
4.90762	0.470593	0.261405	0.154297	0.0258804	0.0163405
4.90085	0.463867	0.270864	0.149295	0.026054	0.0166128
5.23524	0.492463	0.252875	0.162116	0.0256303	0.0161131
4.92695	0.480328	0.2586	0.155335	0.0261274	0.0165342
4.68929	0.508574	0.242612	0.147018	0.0258469	0.0160395
4.91216	0.465807	0.293113	0.153587	0.0267736	0.0171333
4.79541	0.501242	0.244077	0.151856	0.0259794	0.016041
5.30636	0.527831	0.242552	0.168226	0.0269663	0.016706
4.91654	0.531595	0.25064	0.152416	0.0259796	0.0160564
5.01925	0.488956	0.244908	0.155525	0.0257399	0.015948
4.96481	0.482415	0.236428	0.153742	0.0257101	0.0159675
4.92558	0.516442	0.242865	0.158555	0.0263728	0.0162397
4.91592	0.517781	0.244744	0.15555	0.0260979	0.0162142
5.0112	0.539386	0.247502	0.149071	0.0264771	0.0164107
4.97569	0.518172	0.218938	0.150943	0.0251982	0.0154259
5.13121	0.498441	0.262597	0.15558	0.0261084	0.0164634
4.95032	0.517921	0.228236	0.15295	0.025072	0.0154015
4.98636	0.546292	0.231973	0.160308	0.0264052	0.0161078
4.94849	0.517531	0.244117	0.155871	0.0262087	0.0162478
4.84852	0.50344	0.248813	0.148222	0.0260454	0.0162274
4.95756	0.496317	0.260008	0.155345	0.0259987	0.0161887
4.77531	0.50903	0.250793	0.147783	0.0262282	0.0163974
4.99079	0.526091	0.242377	0.155302	0.0258995	0.0160859
4.91442	0.50688	0.241998	0.153237	0.0262532	0.0164013
5.02876	0.488886	0.244314	0.152433	0.0260304	0.0163106
5.27388	0.499831	0.25961	0.164542	0.0262706	0.0164533
4.92397	0.493706	0.250745	0.152718	0.0256392	0.016052
5.15283	0.445826	0.295798	0.157197	0.0266689	0.0172274
5.21971	0.502528	0.252885	0.165304	0.026793	0.0168038
4.93428	0.498328	0.25734	0.149659	0.0264448	0.0165109
4.78929	0.525907	0.234894	0.151176	0.0262555	0.016213
5.03188	0.534085	0.232669	0.155339	0.0254512	0.0155641
5.04704	0.520806	0.251807	0.157957	0.0262161	0.0162831
4.92547	0.429312	0.292673	0.158073	0.0266545	0.0172399
4.81925	0.490077	0.222679	0.154685	0.025135	0.0155106
5.1786	0.486034	0.245206	0.162877	0.0259971	0.0161767
5.12122	0.517036	0.244635	0.162491	0.0262061	0.0162792
5.04513	0.537045	0.197731	0.163683	0.0253657	0.015304
5.03853	0.49135	0.236793	0.155774	0.0254148	0.0158175
4.89454	0.463788	0.261151	0.151709	0.025896	0.016381
5.17205	0.475021	0.259862	0.159883	0.025805	0.0164039
4.60852	0.460447	0.256278	0.145741	0.0260805	0.0163422
4.87913	0.525163	0.230734	0.157059	0.0267501	0.0165359
4.6906	0.47185	0.277083	0.145376	0.0265898	0.0169553
4.78425	0.436678	0.276343	0.148477	0.0261466	0.0167855
4.91724	0.540978	0.237419	0.151783	0.0259316	0.0158127
4.77641	0.538671	0.223139	0.147698	0.0258335	0.0157901
5.01247	0.522966	0.240641	0.156454	0.0263585	0.016181
4.86652	0.527141	0.214055	0.150031	0.0252371	0.0152794
4.95406	0.443463	0.290952	0.153662	0.0262765	0.0168324
4.91486	0.530029	0.251773	0.154989	0.0267546	0.0165971
4.87336	0.51552	0.239176	0.151617	0.0256269	0.0157756
5.03021	0.475711	0.26425	0.155056	0.0262305	0.0167435
4.80376	0.533848	0.233285	0.14977	0.0258317	0.0157854
5.19737	0.508444	0.249133	0.15836	0.0261608	0.0163392
4.93566	0.473287	0.254784	0.149982	0.0256441	0.0161532
4.88648	0.48146	0.237521	0.155824	0.0254759	0.0158002
4.85749	0.527519	0.252978	0.153506	0.026606	0.0165157
4.90032	0.516794	0.252101	0.153128	0.0266739	0.0165917
4.76533	0.448912	0.276478	0.149288	0.0264129	0.0168192
4.80748	0.482708	0.272835	0.148824	0.026187	0.0165458
4.84979	0.495887	0.241703	0.153864	0.0254959	0.0158247
4.8312	0.47105	0.26111	0.153558	0.0260514	0.0165652
4.85737	0.489624	0.254386	0.146147	0.0254056	0.0159062
5.09969	0.507581	0.231523	0.156549	0.0257231	0.0158871
5.01831	0.495629	0.255061	0.154923	0.0260718	0.0162912
5.0769	0.499937	0.243608	0.156297	0.0256834	0.0159703
5.12446	0.527756	0.231176	0.15783	0.0256549	0.015881
4.97344	0.516592	0.246039	0.161679	0.0268336	0.0166938
5.14764	0.518953	0.246765	0.1594	0.0260462	0.0162181
5.02037	0.485366	0.256139	0.154669	0.0261248	0.0165256
4.9793	0.491494	0.273731	0.152001	0.0262518	0.0166312
4.76103	0.495227	0.26644	0.143484	0.0259975	0.0162219
4.8964	0.524411	0.253098	0.154386	0.0263636	0.0163945
4.76562	0.480154	0.244148	0.150866	0.0257703	0.0159986
4.83884	0.466356	0.261746	0.151105	0.0259382	0.0163946
5.07522	0.516096	0.221699	0.156232	0.0252925	0.0154836
4.96311	0.479384	0.252482	0.154872	0.0258368	0.0161958
4.65106	0.495439	0.269678	0.143153	0.0261713	0.0164069
4.93545	0.525397	0.256738	0.150325	0.026784	0.0167265
5.14703	0.540668	0.249581	0.15628	0.026509	0.0165282
4.99651	0.496742	0.252721	0.154064	0.0261675	0.0164777
4.95672	0.501216	0.231426	0.155951	0.025612	0.0158463
4.54799	0.450365	0.284876	0.141481	0.0264443	0.0168738
4.86412	0.551695	0.231604	0.153539	0.0263169	0.0159417
4.97944	0.516565	0.242693	0.150347	0.0253033	0.0157344
5.01366	0.535954	0.238109	0.155319	0.026003	0.0159415
5.15767	0.523472	0.247166	0.161652	0.0262766	0.0163861
4.84744	0.494843	0.24971	0.154013	0.0263777	0.0165006
4.98791	0.484215	0.256136	0.155681	0.0265186	0.0166124
5.07561	0.471184	0.258144	0.158327	0.0258647	0.0163618
4.95796	0.518557	0.254264	0.152883	0.0261926	0.0162584
5.10409	0.530333	0.228253	0.155216	0.0259104	0.0160095
5.16294	0.456961	0.2554	0.164658	0.0259314	0.016525
4.71484	0.497429	0.25022	0.143686	0.0254051	0.0157423
5.25383	0.528131	0.246266	0.17001	0.0268123	0.0165928
4.82314	0.509225	0.259949	0.150985	0.0266454	0.0167051
5.00225	0.5446	0.24694	0.151438	0.0261163	0.0161464
4.74641	0.459628	0.258571	0.14702	0.0254139	0.0160203
4.83835	0.522233	0.238598	0.14841	0.0258903	0.015859
4.90506	0.462642	0.266417	0.151841	0.0260167	0.0165015
4.79446	0.518681	0.260748	0.14893	0.0264996	0.0165687
5.14301	0.493512	0.274424	0.161405	0.0267964	0.0168784
4.81719	0.509422	0.256144	0.151874	0.0265703	0.016551
4.89132	0.547373	0.22906	0.148524	0.0255485	0.0156098
5.10627	0.468814	0.27098	0.157025	0.0261474	0.0165335
5.00768	0.51098	0.239204	0.156038	0.0257647	0.0158686
5.21837	0.460668	0.272631	0.165317	0.0263042	0.016846
4.94967	0.513965	0.238889	0.156104	0.026199	0.016232
5.11113	0.472116	0.25026	0.159522	0.0253921	0.0159023
4.68158	0.546798	0.230734	0.144238	0.0259497	0.0158589
4.92386	0.515208	0.229239	0.156919	0.0260051	0.0160249
4.84567	0.551781	0.219926	0.150965	0.0259777	0.0157447
4.62045	0.506095	0.237332	0.146663	0.0260584	0.0159934
4.91627	0.485108	0.272923	0.151368	0.025993	0.0163643
5.01449	0.503686	0.233848	0.158377	0.0259432	0.0161132
4.9878	0.488312	0.259496	0.156409	0.0263325	0.016484
4.71304	0.478041	0.260334	0.147568	0.0263718	0.0166515
4.83481	0.495023	0.269389	0.151841	0.0265468	0.0167457
5.07233	0.497305	0.252312	0.15731	0.0262334	0.0164161
4.92201	0.530461	0.223492	0.156092	0.025802	0.015769
4.94342	0.496163	0.249765	0.157191	0.0266097	0.0166788
4.84597	0.499046	0.22733	0.150411	0.0254654	0.0156629
5.07012	0.473384	0.260622	0.157285	0.0261596	0.0166236
4.9589	0.470325	0.273652	0.154025	0.0262149	0.016619
4.89249	0.521456	0.244248	0.152148	0.0260082	0.0161619
5.1335	0.467774	0.284287	0.160381	0.0270432	0.0172917
5.10227	0.516269	0.247126	0.162217	0.0266207	0.0165081
4.75908	0.489506	0.249883	0.149611	0.0259624	0.0163282
5.28221	0.496399	0.258509	0.162949	0.0260662	0.016411
4.87813	0.498077	0.280948	0.150371	0.0266486	0.016898
4.85612	0.524197	0.249485	0.152241	0.0262849	0.0162651
4.73631	0.542125	0.232598	0.146593	0.0260872	0.0159348
5.07664	0.498279	0.253554	0.154189	0.0260121	0.0162874
4.78463	0.526211	0.252972	0.149963	0.0260936	0.0162089
4.67209	0.491864	0.233946	0.143132	0.0253006	0.0156799
4.96402	0.487425	0.261135	0.153422	0.0260708	0.0163245
4.85431	0.498522	0.259353	0.150817	0.0264089	0.0164865
4.84141	0.479446	0.255541	0.153291	0.0263163	0.0165282
4.72777	0.547203	0.20202	0.148298	0.0251805	0.0150397
5.08446	0.48926	0.254222	0.161552	0.0266395	0.0167452
4.76532	0.484826	0.255421	0.149248	0.0258583	0.0162189
4.89468	0.533826	0.226868	0.154898	0.0258796	0.0157664
4.87392	0.514791	0.245866	0.152624	0.0259096	0.0159888
4.89833	0.525049	0.22911	0.1512	0.0252817	0.0156285
5.03298	0.462927	0.284138	0.161879	0.0268732	0.0171115
4.82929	0.522084	0.236136	0.152724	0.0260646	0.0160752
4.90004	0.498764	0.25602	0.152432	0.0264479	0.0165152
4.94316	0.503	0.251836	0.154759	0.0260698	0.0162857
4.66446	0.518513	0.243083	0.147554	0.0263125	0.0162103
5.13775	0.505394	0.253903	0.157019	0.0263752	0.0165874
5.16299	0.464031	0.269939	0.157666	0.0261024	0.0166769
4.99542	0.526876	0.239659	0.156244	0.0254984	0.0157609
4.83538	0.512063	0.255392	0.148771	0.0260072	0.0161708
4.92074	0.482227	0.245408	0.159291	0.0258639	0.0160485
5.02678	0.510468	0.242772	0.155752	0.0259412	0.0161382
4.92871	0.496536	0.248433	0.151928	0.025803	0.0161102
4.98724	0.522766	0.229705	0.158143	0.026197	0.0161896
4.99439	0.5475	0.20155	0.155216	0.0254199	0.015195
4.75995	0.558097	0.224039	0.147863	0.0258761	0.0158187
4.63741	0.504031	0.214825	0.143121	0.0252078	0.0154235
5.01231	0.454448	0.268008	0.155207	0.0260159	0.0165417
5.02118	0.524801	0.249348	0.156767	0.0263848	0.0163749
5.07306	0.463123	0.277791	0.157702	0.0265164	0.0168568
4.71263	0.460868	0.273882	0.147498	0.0263597	0.0167428
4.95112	0.528459	0.240574	0.153081	0.0261436	0.0162816
5.09594	0.514899	0.232008	0.158222	0.0255549	0.0157627
4.97619	0.475164	0.250702	0.153651	0.0256376	0.0162815
5.33556	0.471329	0.244844	0.165522	0.0255015	0.0161242
4.91061	0.488681	0.23993	0.154202	0.026204	0.0163127
5.22596	0.451229	0.249369	0.165084	0.025723	0.0163469
5.07219	0.503348	0.259519	0.153126	0.0260832	0.0164422
4.80587	0.524406	0.245647	0.147611	0.0262744	0.0162918
4.79563	0.513189	0.23777	0.144854	0.0255907	0.0157925
4.85855	0.530078	0.232476	0.153675	0.0258825	0.0158607
5.07662	0.497223	0.256679	0.155987	0.026738	0.0168529
4.75748	0.471074	0.262215	0.156697	0.0265938	0.0168013
4.57821	0.517766	0.256024	0.14209	0.0266154	0.016569
4.82603	0.519065	0.24791	0.150001	0.0262348	0.0162018
4.80991	0.523092	0.246082	0.1474	0.0257573	0.0159378
4.75623	0.463475	0.250835	0.15541	0.0259993	0.0163762
4.97283	0.505445	0.244785	0.150782	0.0253082	0.0156781
5.00601	0.501681	0.26396	0.157174	0.0264735	0.0166433
4.94833	0.489042	0.271356	0.151061	0.0263311	0.0165296
5.06646	0.506003	0.250947	0.154827	0.026046	0.0162611
4.99923	0.465245	0.260826	0.159177	0.0264622	0.0167755
4.88081	0.529939	0.226186	0.154976	0.0259887	0.01604
4.74648	0.50393	0.257845	0.147959	0.0262699	0.0164213
4.89107	0.50522	0.265973	0.157002	0.0266692	0.0166045
4.86898	0.54999	0.229753	0.146395	0.0253554	0.0154934
4.80488	0.481656	0.252369	0.150802	0.0258184	0.0162097
5.34961	0.503989	0.23562	0.165406	0.0264212	0.0164461
4.94553	0.489146	0.241501	0.157896	0.0257682	0.0160495
4.87677	0.558046	0.255318	0.143775	0.0257772	0.0158733
4.76169	0.512066	0.236904	0.148547	0.0259553	0.0160587
5.11848	0.54865	0.237752	0.158623	0.0256154	0.0156268
4.81351	0.486669	0.236614	0.149982	0.026063	0.016164
4.93608	0.511939	0.241469	0.157757	0.0262308	0.0163892
4.9489	0.518552	0.247635	0.153813	0.0259497	0.0161275
4.83484	0.49415	0.262274	0.149821	0.0270185	0.0170133
4.83012	0.479057	0.257125	0.150784	0.0261212	0.0163926
5.01654	0.456965	0.285516	0.154555	0.0266863	0.0170025
4.86296	0.535682	0.22018	0.154271	0.0259555	0.0157023
4.91841	0.501616	0.242048	0.151705	0.0258901	0.0160796
4.88188	0.560428	0.214127	0.152425	0.0258617	0.0157319
4.60264	0.46574	0.262551	0.142811	0.0261102	0.0166289
5.30637	0.523176	0.249613	0.162353	0.0261995	0.0163757
5.03184	0.49228	0.265075	0.159131	0.0264517	0.0165976
4.93675	0.491853	0.26845	0.152694	0.0267083	0.0168737
4.97044	0.483377	0.271424	0.152626	0.0264202	0.0168493
4.93803	0.480393	0.249566	0.150421	0.0260839	0.0164675
4.8284	0.541588	0.232849	0.146184	0.0253557	0.0155155
4.97342	0.494598	0.253837	0.156125	0.0262383	0.0164847
4.91157	0.514708	0.253553	0.14983	0.0262144	0.0162904
4.89591	0.413751	0.302131	0.147937	0.0256041	0.016639
4.78751	0.499333	0.2591	0.147371	0.0258271	0.0161489
5.02045	0.501917	0.256835	0.154611	0.0260039	0.0162557
5.1181	0.534087	0.222337	0.165914	0.0260373	0.0158881
5.1664	0.496973	0.243426	0.159088	0.025684	0.0161004
4.65362	0.468806	0.268365	0.144724	0.0258248	0.0161452
4.64115	0.481576	0.254592	0.143862	0.0257791	0.016119
4.68444	0.520663	0.249074	0.142334	0.0257405	0.0160723
5.05558	0.511717	0.239016	0.156756	0.0260711	0.0161888
4.96085	0.496174	0.254377	0.149502	0.0262984	0.0164556
4.80442	0.505429	0.260514	0.150978	0.0264927	0.0165841
4.8999	0.488233	0.256876	0.1525	0.0263039	0.016628
5.04763	0.518004	0.239062	0.155564	0.025351	0.0156383
4.83081	0.489966	0.277858	0.147146	0.0263266	0.0165715
4.80507	0.537422	0.235884	0.147588	0.0260623	0.0159552
4.9125	0.524435	0.224738	0.155822	0.0253613	0.0156144
5.01946	0.508924	0.23713	0.155299	0.0260115	0.0160536
4.81559	0.482232	0.268398	0.149423	0.0258038	0.016324
4.6855	0.52178	0.232035	0.147847	0.0259251	0.0160173
4.89623	0.481411	0.264073	0.149448	0.0259373	0.0164435
4.7271	0.485561	0.264764	0.146233	0.0258423	0.0163014
4.84343	0.476481	0.245742	0.153716	0.0261103	0.0163107
5.04457	0.549066	0.223044	0.162239	0.026607	0.0162706
4.94898	0.46531	0.263607	0.155194	0.0262374	0.0166263
5.10613	0.481704	0.269368	0.150989	0.0264116	0.0167835
5.01498	0.475659	0.264133	0.159621	0.0260802	0.0165532
5.01188	0.478441	0.265185	0.158427	0.0269355	0.0168638
4.85039	0.448257	0.258256	0.152281	0.0263855	0.0167134
5.05501	0.465035	0.278139	0.157838	0.0265893	0.0169016
4.83999	0.516448	0.234375	0.152705	0.0262246	0.0162523
4.85014	0.540842	0.208798	0.148879	0.0253539	0.0154293
4.94929	0.545033	0.238006	0.152534	0.0258583	0.0158578
5.06842	0.523872	0.234853	0.158406	0.0259032	0.0159835
4.97298	0.510312	0.229361	0.154692	0.025482	0.0156959
5.10313	0.506384	0.244217	0.153566	0.0254049	0.0156709
4.86662	0.4974	0.253491	0.154355	0.026517	0.0166152
4.82917	0.466649	0.245898	0.149914	0.0257296	0.0161301
5.2295	0.507052	0.226041	0.165443	0.0254	0.0156078
4.8295	0.511915	0.23971	0.151317	0.0257776	0.0159112
5.09738	0.530558	0.227947	0.15945	0.0257947	0.0157783
4.89501	0.534036	0.23415	0.155303	0.0261768	0.0160664
4.73955	0.49004	0.283193	0.152267	0.0269475	0.0170566
5.12098	0.511352	0.24625	0.156346	0.025753	0.0160305
4.91409	0.488448	0.263778	0.154808	0.0264698	0.0166131
4.89147	0.540922	0.229796	0.154286	0.025436	0.0155866
4.886	0.585174	0.213863	0.152421	0.0260692	0.0157228
4.91337	0.517149	0.241259	0.156012	0.0260851	0.016268
4.80839	0.504944	0.231072	0.151217	0.0259484	0.0160718
5.04713	0.515541	0.223538	0.153276	0.0252441	0.0154619
5.06055	0.534046	0.197847	0.157732	0.0246951	0.0146678
5.04621	0.480635	0.256183	0.15532	0.0255184	0.0160421
4.81695	0.484183	0.259952	0.154283	0.0264557	0.016715
5.1293	0.48864	0.267975	0.158073	0.0269574	0.0170817
5.04959	0.529798	0.248564	0.160126	0.0265898	0.0164404
4.85074	0.544744	0.237508	0.152674	0.026277	0.01611
4.79158	0.484791	0.269255	0.146788	0.0266041	0.0168386
4.89804	0.506758	0.236704	0.154415	0.0262685	0.0163039
4.98596	0.517699	0.239161	0.15308	0.0256238	0.0158921
4.84933	0.526085	0.232999	0.154087	0.0262331	0.0160741
4.64204	0.509255	0.227488	0.149819	0.0255904	0.0157208
4.81244	0.457586	0.26946	0.147123	0.0258	0.0164272
5.23081	0.555278	0.241484	0.160118	0.0258922	0.0158509
4.86181	0.484741	0.236139	0.154274	0.0255407	0.0160577
4.83487	0.493548	0.240672	0.155907	0.0256789	0.0158538
4.78164	0.483009	0.234591	0.149926	0.0253341	0.0157959
4.75814	0.487977	0.247122	0.148382	0.0258682	0.0161667
4.94499	0.519232	0.225907	0.155773	0.0257221	0.015725
5.00606	0.539402	0.223447	0.15855	0.0261096	0.0160005
4.99137	0.481104	0.253249	0.152745	0.0259316	0.0163354
5.12072	0.499021	0.25567	0.158933	0.0260069	0.0162887
4.78823	0.481087	0.259793	0.147271	0.0262631	0.0165924
4.89559	0.492434	0.272742	0.155355	0.026474	0.0167815
4.74054	0.516459	0.240126	0.14666	0.026045	0.0161185
5.00456	0.52565	0.248188	0.156986	0.0260813	0.0161023
5.08108	0.478287	0.255447	0.158125	0.0259121	0.0163162
5.10696	0.512585	0.26349	0.163768	0.02636	0.016482
4.91346	0.480691	0.266442	0.155757	0.02587	0.0162635
5.11513	0.472322	0.267605	0.162137	0.0264372	0.0168724
4.74404	0.519588	0.245051	0.147998	0.0259568	0.0159835
4.92085	0.481892	0.25202	0.15409	0.0258909	0.0162457
5.21373	0.520013	0.211574	0.162164	0.0250179	0.0152062
5.31087	0.470042	0.269661	0.16748	0.0264381	0.0168353
4.95839	0.499142	0.245385	0.15137	0.0253941	0.0157668
4.79701	0.490517	0.238426	0.151191	0.0256243	0.0159138
5.21739	0.489167	0.269306	0.164619	0.0266024	0.0167632
5.13478	0.501653	0.255191	0.158129	0.0263185	0.0164717
4.70801	0.490256	0.247808	0.147721	0.0259828	0.016179
4.84872	0.518256	0.252344	0.148835	0.0264287	0.0163892
5.1581	0.480529	0.257035	0.161568	0.02641	0.0167308
4.94596	0.503814	0.25187	0.151288	0.0259545	0.0161308
5.00283	0.535467	0.218467	0.157354	0.0258485	0.0157733
5.0982	0.516165	0.244258	0.156328	0.0259139	0.0161004
4.93332	0.471642	0.263408	0.149242	0.0259253	0.0163169
4.92784	0.515895	0.251247	0.150611	0.025853	0.0160531
5.01429	0.475073	0.268393	0.160735	0.0261587	0.0165139
4.9669	0.508784	0.247349	0.148669	0.0259108	0.0162172
5.1047	0.56066	0.218124	0.155752	0.0252004	0.0153128
4.7967	0.51554	0.237704	0.149917	0.0255612	0.0158564
4.75683	0.444685	0.287781	0.146634	0.0264384	0.0169605
5.08761	0.474905	0.268941	0.16146	0.0265157	0.0167686
4.7304	0.48691	0.23843	0.157249	0.0262555	0.0162928
4.8653	0.521913	0.235492	0.151737	0.0256129	0.0157227
4.93547	0.545045	0.196319	0.159073	0.0249266	0.0149368
4.82373	0.515546	0.247905	0.146554	0.0259605	0.016178
4.85516	0.549166	0.229203	0.152023	0.0256836	0.0156494
4.76558	0.46861	0.260916	0.147583	0.0260084	0.0163933
5.06608	0.512659	0.241699	0.154546	0.0256425	0.0158534
5.04761	0.500197	0.233569	0.158759	0.025834	0.0160467
5.03205	0.492773	0.235927	0.159439	0.0259695	0.0161042
4.99782	0.472085	0.271458	0.154998	0.0270151	0.0172232
5.0292	0.534532	0.247272	0.157108	0.0263075	0.016286
4.96844	0.489933	0.264766	0.157029	0.0262752	0.016464
5.0202	0.457229	0.276262	0.156562	0.0262667	0.0167886
5.12647	0.512388	0.2494	0.16241	0.0264181	0.0165288
4.8562	0.518763	0.230107	0.156404	0.0260181	0.0159417
4.93641	0.482492	0.236888	0.157269	0.0261236	0.0162594
5.11172	0.532076	0.236376	0.156793	0.0257674	0.0159166
5.16171	0.511918	0.231578	0.157976	0.0258714	0.0160205
4.77525	0.522077	0.240737	0.150607	0.0259595	0.0160691
5.11461	0.495525	0.263292	0.159554	0.0262469	0.016568
4.93457	0.48836	0.255891	0.149615	0.0259123	0.0163318
4.76949	0.522021	0.222332	0.152027	0.0255025	0.0155323
4.80431	0.519448	0.249103	0.147732	0.0263707	0.0163032
4.90104	0.536264	0.23503	0.158994	0.0263565	0.0161919
5.25822	0.528033	0.226512	0.163616	0.0258945	0.0159444
5.08727	0.465417	0.275597	0.16056	0.0269398	0.0171616
4.66064	0.495737	0.264858	0.142064	0.0263667	0.0165333
4.91148	0.504241	0.234294	0.153813	0.0256009	0.0158229
4.91164	0.456135	0.268451	0.14975	0.0255919	0.0162381
5.08643	0.454394	0.28599	0.162298	0.0268757	0.0171806
5.26123	0.50572	0.232404	0.163048	0.0258312	0.0160106
4.84577	0.486573	0.236089	0.154302	0.025554	0.0158655
5.03174	0.491219	0.251029	0.156685	0.0257959	0.0161052
4.8726	0.503901	0.249595	0.152938	0.0262513	0.0164671
5.13018	0.504054	0.249308	0.16026	0.0262762	0.016349
5.05586	0.509659	0.253977	0.152996	0.0260812	0.016292
5.05052	0.484707	0.251032	0.15877	0.0258166	0.0162191
5.21569	0.444338	0.282363	0.167124	0.026602	0.0170533
4.87984	0.469971	0.275156	0.152212	0.0265134	0.0166525
4.74306	0.52087	0.228607	0.152227	0.0254776	0.0156036
4.93289	0.481133	0.235341	0.158089	0.0258396	0.016061
4.88693	0.4813	0.244883	0.151129	0.0256502	0.0161083
5.09073	0.483077	0.266693	0.158316	0.026514	0.0169157
4.97017	0.500077	0.227701	0.157554	0.0253694	0.0155115
4.91553	0.459694	0.269137	0.152037	0.0261807	0.0165557
5.22812	0.485748	0.259817	0.160316	0.0263364	0.0166206
4.95368	0.449363	0.279576	0.150052	0.0260485	0.0167233
4.92594	0.534033	0.226525	0.15941	0.025894	0.0157783
4.95793	0.541075	0.225915	0.155069	0.0258599	0.0158302
4.94996	0.579077	0.201882	0.151431	0.0250839	0.0148235
4.6449	0.527661	0.222919	0.143543	0.0256056	0.015685
4.95966	0.464314	0.266745	0.152528	0.0256873	0.0162522
5.25181	0.52601	0.230936	0.162954	0.026525	0.0163307
4.90715	0.526885	0.247983	0.149895	0.0258383	0.0160682
4.77551	0.535266	0.237696	0.146975	0.0260134	0.0160303
4.78307	0.46586	0.27393	0.149834	0.0267217	0.0169885
4.69346	0.507244	0.248748	0.144364	0.0258845	0.0160036
5.00821	0.476904	0.259823	0.154361	0.025896	0.0163622
4.82548	0.495934	0.255958	0.145686	0.0260708	0.0162649
5.07681	0.508919	0.255836	0.160494	0.0267416	0.0168592
5.04026	0.469279	0.26653	0.15779	0.0264223	0.0167556
5.10122	0.510638	0.245185	0.156927	0.0256619	0.0159053
4.78207	0.502648	0.260751	0.147083	0.0262779	0.0164545
5.32648	0.493993	0.234168	0.169023	0.0255733	0.0159469
5.14678	0.517413	0.242972	0.162018	0.0265552	0.0165388
4.82831	0.494646	0.236317	0.156994	0.0259051	0.0160654
4.83005	0.529846	0.240311	0.15172	0.0262373	0.016223
4.77748	0.473646	0.256858	0.152458	0.026367	0.0165374
5.02436	0.484465	0.24716	0.156413	0.0258659	0.0162829
4.77797	0.550593	0.228108	0.148894	0.0267686	0.0164388
4.96723	0.515404	0.239013	0.153225	0.0256303	0.015864
4.63466	0.537849	0.239152	0.144949	0.0263039	0.0162159
4.81602	0.462438	0.263164	0.157429	0.0261273	0.0164581
4.9597	0.468496	0.250826	0.157048	0.0259787	0.01628
4.81802	0.482631	0.263988	0.150924	0.0261409	0.016415
4.98263	0.479182	0.248811	0.153776	0.0254685	0.0158674
4.91946	0.499474	0.264202	0.148947	0.0262337	0.0164412
4.97029	0.523599	0.24277	0.153834	0.0258686	0.0159689
4.96436	0.500299	0.254178	0.157186	0.0259071	0.0161031
5.0324	0.485795	0.252402	0.152697	0.0259412	0.0162382
4.91665	0.514183	0.242133	0.152725	0.026547	0.0164543
4.97155	0.4755	0.265281	0.154736	0.0265169	0.016742
5.02605	0.488803	0.23936	0.158503	0.0255951	0.0159316
5.05593	0.52231	0.250179	0.155913	0.026509	0.016505
4.79103	0.504807	0.270337	0.15023	0.0266733	0.0167492
5.12428	0.508199	0.244894	0.158981	0.0261499	0.0162903
4.79365	0.496326	0.242459	0.150246	0.025675	0.0158911
4.99915	0.4905	0.25267	0.159077	0.0258119	0.0162193
4.76958	0.487317	0.256214	0.153918	0.0262617	0.0164173
4.63093	0.51565	0.23059	0.149596	0.025839	0.0158758
5.10817	0.467083	0.269177	0.154974	0.0262873	0.016726
4.88112	0.52143	0.249992	0.155896	0.0267157	0.0165092
4.84918	0.461038	0.25908	0.160281	0.0262589	0.0165931
4.98683	0.502319	0.251157	0.153686	0.0259124	0.016234
5.07841	0.489671	0.247515	0.1555	0.0258006	0.0161238
4.83352	0.484872	0.253807	0.151048	0.0260863	0.0163562
4.96873	0.500122	0.24828	0.15525	0.0263376	0.0165162
5.04998	0.472733	0.269479	0.156536	0.0271373	0.0172834
5.1258	0.476168	0.274381	0.161953	0.0271903	0.017275
4.79405	0.521481	0.233503	0.150489	0.0265257	0.0165478
5.18323	0.496317	0.255906	0.160605	0.0260664	0.0164494
4.82377	0.507617	0.248917	0.153947	0.0264769	0.0164194
4.86358	0.517514	0.23702	0.154708	0.0261939	0.0161552
5.13885	0.542507	0.221998	0.153742	0.0254966	0.0155539
4.71697	0.533989	0.241365	0.144663	0.0257096	0.0157955
4.76129	0.475246	0.259475	0.146181	0.0259811	0.0164074
4.8006	0.521439	0.251152	0.148909	0.0261605	0.0162278
4.71227	0.510661	0.241993	0.147146	0.0259073	0.0160828
4.89791	0.515031	0.270045	0.148573	0.0266153	0.0167053
4.9112	0.534518	0.218519	0.157947	0.0263517	0.0160528
4.79048	0.501307	0.258328	0.150654	0.0259953	0.0162457
4.87395	0.506909	0.254468	0.155932	0.0259108	0.01608
5.0439	0.486819	0.252023	0.158005	0.0258384	0.0162387
4.90006	0.49674	0.255174	0.152432	0.0264315	0.0165302
4.89837	0.491629	0.255443	0.151079	0.0261813	0.0165134
4.84442	0.557899	0.199883	0.147996	0.0254991	0.0152852
4.99035	0.533166	0.231315	0.155244	0.0258718	0.0158595
5.20689	0.489879	0.244732	0.163756	0.0262201	0.016422
4.92483	0.514091	0.24364	0.148726	0.025561	0.0158615
4.69546	0.514695	0.238847	0.149017	0.0261744	0.0161087
5.05604	0.448498	0.279379	0.1598	0.0268547	0.0172028
4.85306	0.520831	0.227289	0.151031	0.0257721	0.0158226
4.92916	0.475468	0.253291	0.152229	0.0255182	0.015987
4.96502	0.493974	0.260961	0.153656	0.0264244	0.0165979
4.84035	0.533059	0.238542	0.157825	0.0265872	0.0163414
5.08241	0.489782	0.239708	0.164487	0.0260962	0.0162885
4.8742	0.484932	0.256831	0.151993	0.0259791	0.0163361
4.79766	0.532223	0.233475	0.14653	0.0260778	0.0160213
4.90884	0.508171	0.246815	0.152525	0.0262112	0.0162537
5.04412	0.488284	0.260291	0.153816	0.0260579	0.0165593
4.9094	0.480218	0.272981	0.153888	0.0265647	0.0168093
4.70257	0.489219	0.255651	0.14756	0.0261298	0.0164763
4.91987	0.506169	0.26607	0.151853	0.0260558	0.016218
4.91285	0.556392	0.218828	0.153423	0.0255669	0.0154653
4.89121	0.465824	0.272168	0.151129	0.0261373	0.0166372
5.09801	0.514835	0.229531	0.159283	0.0255388	0.0157263
4.82244	0.495605	0.247158	0.156422	0.0260437	0.0162367
4.88979	0.529416	0.23218	0.153583	0.0258669	0.0158463
4.86986	0.551837	0.212776	0.155446	0.0259236	0.015605
4.80453	0.466403	0.265898	0.153173	0.0263796	0.0166824
4.991	0.468223	0.251831	0.153727	0.0254619	0.0160981
4.9227	0.444371	0.290792	0.149132	0.0265853	0.0171617
4.43015	0.542317	0.245015	0.139857	0.0265185	0.016456
4.9505	0.513879	0.233734	0.15937	0.0255814	0.015839
4.84944	0.524895	0.237677	0.150318	0.0265746	0.016454
4.59661	0.493946	0.258306	0.142777	0.0262165	0.0164554
5.45205	0.495221	0.251034	0.172473	0.0259254	0.0162381
4.77428	0.493097	0.254428	0.145597	0.0255218	0.0160119
5.24555	0.497719	0.241839	0.17265	0.0265865	0.0164342
4.76817	0.509616	0.245663	0.146535	0.0260887	0.0162395
4.84502	0.486487	0.274828	0.153084	0.0269999	0.0171934
4.78169	0.494262	0.242717	0.150843	0.026094	0.0162879
5.04856	0.497096	0.256741	0.155851	0.0257024	0.0160649
5.14127	0.496292	0.230014	0.1616	0.0258122	0.0160231
4.78774	0.469325	0.266858	0.14665	0.0259982	0.0165205
4.67537	0.468159	0.253432	0.145479	0.0261194	0.0164529
4.96493	0.521435	0.229168	0.150556	0.0251789	0.0154695
5.20946	0.549125	0.248368	0.161956	0.0263634	0.0163941
4.91077	0.525573	0.22485	0.153239	0.0257014	0.0157363
4.69511	0.490695	0.270541	0.147465	0.0265273	0.016617
5.10215	0.524906	0.229324	0.162569	0.0260299	0.0159138
4.97472	0.503595	0.254339	0.156338	0.0263615	0.0164838
5.01244	0.507842	0.256975	0.154741	0.0261021	0.0164345
4.8513	0.510214	0.252262	0.151146	0.0263043	0.0163414
5.04188	0.5463	0.215024	0.159099	0.0259059	0.0156284
4.89768	0.489652	0.263866	0.150242	0.0261396	0.0164021
5.02263	0.505577	0.251811	0.158861	0.0259102	0.0162028
4.9606	0.49595	0.244458	0.155493	0.0253679	0.0157455
4.92596	0.503317	0.244893	0.152255	0.0255623	0.0159069
4.83531	0.526726	0.232326	0.150621	0.0259269	0.0159403
4.80507	0.536979	0.23153	0.151879	0.0260621	0.0159819
5.12138	0.546951	0.237883	0.158152	0.0262099	0.0161034
4.60848	0.467674	0.272711	0.142955	0.0262577	0.0165591
4.80526	0.456898	0.288318	0.148266	0.0267224	0.0172266
5.0203	0.514677	0.254959	0.152075	0.0259781	0.0161273
5.01575	0.449431	0.268395	0.157887	0.0258634	0.0164303
5.16668	0.515429	0.264968	0.158151	0.0262765	0.0165083
4.85806	0.442308	0.275	0.15441	0.0262151	0.0167634
5.04642	0.532701	0.240701	0.150404	0.0259018	0.0159799
4.71662	0.47219	0.261934	0.143281	0.0262322	0.0166059
5.04958	0.514655	0.24791	0.155655	0.0262805	0.016319
4.8504	0.499496	0.243753	0.149377	0.0260716	0.0162868
5.01806	0.499429	0.254447	0.159545	0.0260455	0.0162349
4.79223	0.514578	0.254359	0.148369	0.0259272	0.0160948
4.75983	0.489434	0.253029	0.15259	0.0258017	0.016035
5.00916	0.518667	0.234089	0.150755	0.0256892	0.0158268
4.76921	0.504959	0.235116	0.147223	0.0257805	0.015758
4.89787	0.49839	0.266038	0.152578	0.0264198	0.0166289
4.83628	0.504355	0.228967	0.15121	0.0257773	0.0157973
5.01491	0.474855	0.263438	0.15561	0.0261985	0.0165546
4.7652	0.438734	0.28611	0.149904	0.0266943	0.0172275
4.99329	0.514241	0.240834	0.148888	0.0257483	0.0159952
4.93491	0.438924	0.282045	0.15526	0.0262765	0.0169044
5.10213	0.505277	0.231475	0.159644	0.0256896	0.0159444
5.08177	0.506266	0.242071	0.155901	0.0262141	0.0163028
4.96252	0.501315	0.241603	0.157466	0.0258721	0.0161343
4.97646	0.493663	0.246834	0.158857	0.0263035	0.0165706
5.0891	0.492227	0.245813	0.155594	0.0256095	0.0160526
4.92652	0.542974	0.256702	0.15245	0.026561	0.016454
4.89151	0.522277	0.233322	0.1501	0.0258025	0.0159001
4.75527	0.470415	0.26642	0.153706	0.0261671	0.0166191
4.93211	0.516788	0.242373	0.152494	0.0258662	0.0160641
4.89051	0.508714	0.249553	0.153883	0.0259495	0.0161589
5.0741	0.46778	0.251596	0.161575	0.0259405	0.0163073
5.17679	0.505149	0.257771	0.157704	0.0264642	0.0165809
4.56215	0.518082	0.258239	0.142313	0.0263219	0.0164049
4.85751	0.498365	0.244543	0.152717	0.0258995	0.0161659
5.51677	0.48648	0.237472	0.177639	0.0262988	0.0163897
5.12388	0.485276	0.250896	0.161662	0.0263513	0.0164941
4.99835	0.515455	0.263048	0.153773	0.0267031	0.0168179
4.84329	0.49376	0.246083	0.154885	0.0259046	0.0160816
4.76619	0.477024	0.267896	0.149606	0.0260815	0.0165113
4.54868	0.520227	0.223038	0.144169	0.0254583	0.0155478
5.19779	0.515639	0.249866	0.160244	0.0259236	0.0161025
4.61968	0.482908	0.260125	0.142768	0.0260061	0.0163674
5.22699	0.510266	0.240031	0.161973	0.0254538	0.0156524
5.12086	0.480168	0.250823	0.157483	0.0257813	0.016258
4.90136	0.479322	0.254567	0.157049	0.0259385	0.0162714
4.83515	0.5062	0.251546	0.1498	0.0265615	0.0167028
4.71517	0.455768	0.275796	0.148562	0.0259834	0.0165508
4.94526	0.54086	0.23648	0.156541	0.0261569	0.0160385
4.8506	0.520829	0.248558	0.150337	0.0262702	0.0164196
4.63619	0.495857	0.256312	0.143986	0.0261878	0.0163538
5.32105	0.522653	0.243218	0.161764	0.026016	0.0160825
5.05493	0.491641	0.253729	0.154085	0.0260813	0.0164141
4.75121	0.485669	0.250784	0.148534	0.0255395	0.0159187
4.91185	0.455418	0.271298	0.154803	0.0260979	0.0165654
4.98158	0.533043	0.214988	0.153988	0.0251897	0.0152682
5.03057	0.532421	0.222344	0.156043	0.0255107	0.0156258
4.92962	0.520044	0.258219	0.151718	0.0262613	0.0164162
5.05673	0.475206	0.260088	0.158086	0.0258857	0.0162712
4.78188	0.510461	0.244794	0.150942	0.0262272	0.0162369
4.89143	0.493608	0.251714	0.153923	0.0264394	0.0165213
4.68581	0.494221	0.252139	0.144919	0.0263447	0.0165137
4.93291	0.498522	0.235509	0.151508	0.0253843	0.0157182
5.28958	0.500687	0.239881	0.169766	0.0263019	0.016345
5.1764	0.469597	0.263114	0.165867	0.0259554	0.016407
4.86035	0.514201	0.268952	0.150813	0.0269293	0.0168178
4.82275	0.563767	0.207256	0.151729	0.0255838	0.0153361
4.90936	0.49922	0.257798	0.151632	0.0255136	0.0159268
5.19266	0.479122	0.254988	0.167622	0.0262633	0.0165804
5.15433	0.502788	0.239157	0.158403	0.0258121	0.0159642
4.66398	0.514019	0.250964	0.14707	0.0260629	0.0162287
5.09496	0.525351	0.229803	0.157912	0.0256777	0.0158213
4.75922	0.496528	0.27364	0.143719	0.0263259	0.0165916
4.79116	0.533518	0.248329	0.144534	0.0262791	0.0163779
4.93604	0.48547	0.282797	0.154813	0.0265629	0.0169562
4.71994	0.515739	0.226315	0.144954	0.0254826	0.0157098
4.55723	0.492638	0.250938	0.142513	0.0259172	0.0162382
5.01503	0.487613	0.247231	0.161639	0.0266689	0.0165716
4.97199	0.501522	0.249604	0.147482	0.0254888	0.0158947
4.87734	0.522071	0.250704	0.154592	0.0263922	0.0163253
4.90406	0.463413	0.264346	0.150302	0.0257218	0.0162842
5.02979	0.455043	0.268746	0.152691	0.0259033	0.0165015
4.98879	0.528409	0.24256	0.151913	0.0263781	0.0163542
4.69596	0.493472	0.270716	0.147687	0.0269749	0.0170327
4.95397	0.466404	0.270504	0.154554	0.0265554	0.0168134
4.86506	0.516405	0.250583	0.148155	0.0265087	0.0165258
4.92098	0.509906	0.24365	0.152579	0.026051	0.0162755
4.74262	0.510695	0.247054	0.14676	0.0257817	0.0159502
5.03061	0.528802	0.250803	0.154857	0.0262254	0.0162556
4.96747	0.483951	0.257742	0.154834	0.0259397	0.0164221
4.87979	0.499603	0.260633	0.151221	0.0264352	0.0166188
5.0179	0.494668	0.24531	0.151881	0.0255169	0.0159703
5.09706	0.524648	0.236894	0.158001	0.0256938	0.0158574
5.00154	0.438367	0.262092	0.15428	0.0265161	0.0170291
5.33878	0.499209	0.23493	0.169738	0.0258209	0.0161713
4.79807	0.433617	0.276916	0.152642	0.0260379	0.016621
4.69893	0.508771	0.257302	0.149627	0.0264927	0.0164877
4.78015	0.547896	0.234809	0.150189	0.0262232	0.0159908
4.99295	0.490974	0.251991	0.161689	0.0264834	0.0166343
4.9292	0.511414	0.265568	0.152725	0.0269735	0.0168281
4.90634	0.493489	0.272877	0.15528	0.0270627	0.0171164
4.75796	0.488613	0.269282	0.145647	0.0257964	0.0161652
4.87332	0.500559	0.255678	0.150948	0.026396	0.0165711
5.11092	0.482183	0.262002	0.157501	0.0263407	0.0165139
4.51956	0.49828	0.2501	0.143824	0.026017	0.0161856
4.93721	0.471122	0.255002	0.151987	0.0256667	0.0162014
4.91796	0.478313	0.261861	0.154443	0.0259053	0.0163024
4.84478	0.510948	0.248834	0.153611	0.026197	0.0164152
4.953	0.510959	0.235458	0.157617	0.026032	0.0161288
4.86899	0.505444	0.246928	0.150079	0.0259337	0.0162354
4.68317	0.481693	0.250943	0.151717	0.0262946	0.0165222
4.78898	0.49615	0.269671	0.148858	0.0263092	0.0165594
4.75875	0.524877	0.238885	0.147238	0.0257293	0.0158581
4.88856	0.432841	0.293251	0.150971	0.0270891	0.0175284
4.93263	0.46068	0.267957	0.152264	0.0267025	0.0170142
5.21342	0.510056	0.251341	0.158225	0.0257813	0.0160757
5.00261	0.504565	0.257697	0.156528	0.0262348	0.0163564
5.04356	0.465058	0.27489	0.157264	0.0260494	0.0165611
5.09099	0.470793	0.246067	0.158886	0.0253969	0.0158701
4.73028	0.51603	0.253024	0.148439	0.0260264	0.0161361
4.77012	0.461501	0.254984	0.152601	0.0260728	0.0165184
5.16408	0.471009	0.264469	0.154447	0.0256747	0.0161599
4.80364	0.484223	0.271053	0.15182	0.0266155	0.0166444
5.02296	0.536353	0.238499	0.153287	0.0256229	0.0157676
4.88187	0.496167	0.23376	0.151733	0.0256395	0.0158531
4.99291	0.52222	0.251619	0.156241	0.0267602	0.0166129
5.2185	0.502119	0.250594	0.16664	0.0264308	0.016426
4.85531	0.482434	0.261724	0.153809	0.0258031	0.0162074
4.58935	0.485277	0.239994	0.141454	0.0254394	0.0158309
4.91538	0.476716	0.268563	0.15701	0.0269193	0.0170452
4.82638	0.476159	0.259847	0.149654	0.0262742	0.0165464
4.9425	0.491572	0.244155	0.149422	0.0258743	0.0161045
5.16634	0.505599	0.254819	0.161205	0.0260211	0.0163172
5.24033	0.521622	0.23983	0.164275	0.0263986	0.0163086
4.83816	0.502537	0.253814	0.147003	0.0260791	0.0163525
4.91652	0.487364	0.24375	0.155074	0.0259504	0.0160769
4.81163	0.527392	0.242528	0.14699	0.0261107	0.0161187
5.0525	0.512158	0.232252	0.157092	0.0255932	0.0158643
4.96964	0.536648	0.230924	0.155177	0.0259595	0.015872
4.74891	0.513448	0.248912	0.147701	0.0263663	0.0163069
4.93761	0.517099	0.236814	0.154186	0.0260467	0.0161018
4.96127	0.514224	0.233517	0.150894	0.0252602	0.0155921
4.88082	0.499504	0.262419	0.149055	0.0263468	0.0165324
5.10092	0.484308	0.245089	0.156216	0.0255013	0.0159264
4.92071	0.501764	0.258141	0.154217	0.026529	0.0166564
5.04746	0.551695	0.208937	0.163119	0.0255126	0.0153002
4.95496	0.514735	0.226683	0.15186	0.0252691	0.0155531
5.15426	0.535237	0.255337	0.15795	0.0265315	0.0166208
4.8819	0.473151	0.273837	0.151827	0.0266759	0.0168943
4.85577	0.492788	0.273873	0.151278	0.0269205	0.0170778
4.7684	0.469966	0.264382	0.150897	0.0267274	0.0168955
4.81645	0.510435	0.241003	0.146065	0.0256766	0.0160027
5.16091	0.524214	0.227285	0.158313	0.0254319	0.0156428
5.35437	0.518915	0.234702	0.16446	0.0255092	0.0157093
5.13379	0.518225	0.250659	0.154956	0.0261356	0.0161825
5.0134	0.516048	0.244941	0.156415	0.0260099	0.0160574
4.67316	0.493193	0.251764	0.147007	0.0260936	0.016313
4.81685	0.498826	0.225529	0.147863	0.0254397	0.0156862
4.71587	0.488116	0.265071	0.143425	0.0265322	0.0168255
4.98753	0.431463	0.272233	0.151759	0.0255509	0.0163608
4.85199	0.501468	0.256321	0.150506	0.0262308	0.0164452
4.92727	0.519804	0.246869	0.153481	0.0258551	0.0161258
5.10258	0.478442	0.260528	0.165618	0.0260812	0.0165376
4.78428	0.463506	0.274339	0.147776	0.0260225	0.0165329
4.82146	0.503341	0.259365	0.155331	0.0265229	0.0165262
4.97291	0.526693	0.228629	0.153858	0.0257212	0.0158473
5.00405	0.492226	0.264343	0.15459	0.0267501	0.0168732
5.0907	0.480361	0.269531	0.156864	0.0262062	0.016587
4.74057	0.527742	0.240434	0.145618	0.0264608	0.0163607
4.94909	0.508594	0.234051	0.1575	0.0260967	0.0161217
4.93407	0.494918	0.267422	0.154492	0.026428	0.0166615
5.14205	0.528002	0.236582	0.153304	0.025519	0.0158387
4.9831	0.559561	0.209168	0.157244	0.0252972	0.0151827
4.94518	0.50243	0.252468	0.160862	0.0266107	0.0166581
5.07948	0.491456	0.24544	0.159055	0.0260136	0.0162205
4.84233	0.49375	0.270938	0.146661	0.0262151	0.0165225
4.92274	0.527322	0.246267	0.155707	0.0259344	0.0159397
4.96327	0.519874	0.220606	0.155166	0.0253305	0.015383
4.78155	0.493831	0.259454	0.148294	0.0259603	0.0161648
4.99655	0.503245	0.259176	0.151018	0.0259372	0.0161737
4.90973	0.531922	0.239933	0.156465	0.0258872	0.0158806
5.36559	0.519687	0.241301	0.165807	0.0258849	0.0160084
5.10345	0.476282	0.258086	0.163025	0.0261132	0.0164724
5.00569	0.479551	0.25054	0.15893	0.026272	0.0165441
4.85635	0.439423	0.278593	0.15476	0.0264034	0.0169461
5.06087	0.549173	0.23088	0.156606	0.0252694	0.0154255
4.85062	0.480642	0.248598	0.151088	0.0258523	0.0162633
4.61785	0.521782	0.246637	0.145616	0.0263488	0.0164102
5.00064	0.474933	0.281901	0.155142	0.0268103	0.0170259
5.23557	0.48256	0.250437	0.163679	0.0261928	0.0165011
4.81721	0.530168	0.256556	0.149165	0.0260564	0.0161428
5.04689	0.494813	0.249044	0.152635	0.0256292	0.0160708
5.01074	0.494566	0.253366	0.151537	0.0259615	0.0163811
4.78552	0.470958	0.272572	0.144282	0.0259061	0.0164902
5.0303	0.513175	0.249274	0.153598	0.0259643	0.0160555
4.8342	0.506463	0.219509	0.153198	0.0255585	0.0156288
5.07781	0.464328	0.281778	0.158865	0.0263147	0.0167845
5.1712	0.520164	0.228994	0.157575	0.0253842	0.0156254
4.9661	0.488691	0.222918	0.158675	0.0256124	0.0158544
4.58367	0.520195	0.253458	0.144371	0.0264429	0.0164036
5.0988	0.502034	0.230878	0.159051	0.0255707	0.0159388
4.95582	0.514379	0.245699	0.150052	0.0259976	0.0160489
4.76088	0.508143	0.254631	0.141928	0.025964	0.0161376
4.75569	0.47238	0.263151	0.148347	0.0262388	0.0165899
5.05866	0.492733	0.244268	0.162743	0.0268029	0.0167971
5.04535	0.520434	0.240067	0.155795	0.0258314	0.0159527
4.86468	0.54772	0.230867	0.154375	0.0262758	0.0161503
4.79329	0.48363	0.254305	0.150565	0.0258277	0.0161957
4.92732	0.513653	0.234378	0.159146	0.0260757	0.0160157
4.98418	0.510614	0.21542	0.156608	0.0253053	0.0155137
4.77368	0.531158	0.226682	0.150331	0.0256472	0.0155557
5.01892	0.466481	0.276619	0.154282	0.0263446	0.0166932
4.78043	0.473995	0.271101	0.152187	0.0265757	0.0168579
4.86032	0.502973	0.253519	0.150688	0.0262626	0.0163534
4.80203	0.49401	0.245854	0.146585	0.0256952	0.0160021
4.89888	0.479918	0.262301	0.152013	0.0266976	0.0166902
4.64426	0.510486	0.255019	0.140484	0.0261203	0.016312
4.72904	0.479018	0.237188	0.151943	0.0259347	0.016229
4.97911	0.524514	0.235285	0.154837	0.0259069	0.0160577
4.82607	0.51483	0.237098	0.157274	0.0261313	0.0162258
4.71116	0.473237	0.27405	0.146614	0.0266813	0.0169513
4.84976	0.513151	0.253606	0.148021	0.0259326	0.0162153
5.07646	0.530417	0.234021	0.157815	0.0260434	0.0161014
4.86345	0.474753	0.259446	0.147254	0.0259158	0.0163937
5.15743	0.561097	0.207856	0.161883	0.0254267	0.0153739
4.97441	0.504809	0.251031	0.157198	0.0263495	0.0164006
4.73344	0.522772	0.250487	0.144057	0.0256001	0.015878
5.0251	0.523474	0.244306	0.154335	0.0264457	0.0163967
5.23699	0.460815	0.268465	0.163769	0.0264988	0.0169808
4.54004	0.45516	0.265483	0.142499	0.0259113	0.0163195
4.72904	0.474136	0.259388	0.147089	0.0263358	0.016637
4.75419	0.523152	0.257526	0.147214	0.0271311	0.0170082
4.60891	0.541016	0.248042	0.142871	0.0263138	0.0161476
4.76165	0.494966	0.243282	0.147694	0.0261049	0.0161459
4.73015	0.512523	0.261528	0.149541	0.0264516	0.0165453
5.13858	0.56782	0.212808	0.156171	0.0256766	0.0155633
4.82577	0.567818	0.209473	0.150316	0.0258003	0.0155749
4.6451	0.56106	0.226081	0.146633	0.0261173	0.0158038
4.91767	0.460882	0.268233	0.159561	0.0270247	0.0172554
5.04496	0.53918	0.212848	0.155439	0.025391	0.01535
4.87134	0.496031	0.257548	0.148521	0.0260526	0.0162711
4.9021	0.49937	0.253887	0.159286	0.0265531	0.0166278
4.75979	0.525198	0.232836	0.151713	0.0257225	0.0158018
5.13299	0.531279	0.25934	0.160239	0.0269207	0.0168137
5.10289	0.515467	0.232433	0.158566	0.0256936	0.0158464
5.29088	0.52175	0.238462	0.161824	0.0257117	0.0159801
4.8771	0.497342	0.252835	0.157021	0.0268002	0.0168629
4.94741	0.465813	0.257769	0.148374	0.0253193	0.0160214
5.24302	0.526908	0.254293	0.163332	0.0262	0.0163456
4.91027	0.491589	0.251279	0.154174	0.0262728	0.0165524
4.67749	0.507999	0.24484	0.150228	0.0262744	0.0161824
4.93529	0.515485	0.259792	0.15301	0.0268381	0.0166414
4.79567	0.536818	0.25314	0.146328	0.0257537	0.0159877
4.97493	0.504969	0.267048	0.150598	0.026081	0.0163829
5.01414	0.526425	0.219653	0.15652	0.0256461	0.0156374
4.97406	0.549668	0.21203	0.156119	0.0255686	0.0154602
4.94129	0.512925	0.253993	0.150246	0.0263081	0.0164001
4.81983	0.492378	0.261495	0.14923	0.0264534	0.0167016
4.87574	0.524171	0.222006	0.152804	0.0261269	0.0159544
4.90936	0.505082	0.267024	0.151017	0.0264468	0.016562
4.72712	0.488236	0.256897	0.144717	0.0258565	0.0162514
4.89822	0.509976	0.250375	0.151142	0.0260825	0.0162237
4.9684	0.516229	0.23778	0.155203	0.0260165	0.0161667
5.08349	0.530211	0.24739	0.159269	0.0267578	0.0165699
4.58703	0.503918	0.256052	0.143024	0.0263007	0.0164436
4.65717	0.51196	0.263033	0.143631	0.0268478	0.0168023
4.83952	0.483998	0.257677	0.147735	0.026142	0.0164108
4.79962	0.493897	0.269556	0.146222	0.0259986	0.0164184
4.68265	0.470311	0.250928	0.150143	0.0258504	0.0163114
4.96551	0.514656	0.250872	0.149723	0.0261459	0.0162786
4.98837	0.495563	0.256129	0.153685	0.0262745	0.0165694
4.7774	0.515338	0.252198	0.145948	0.02572	0.0159057
4.73212	0.457129	0.29901	0.146135	0.026561	0.0170155
5.01144	0.529141	0.241042	0.154505	0.02576	0.0158311
4.84248	0.418762	0.304392	0.150397	0.0265276	0.0171459
5.14337	0.49142	0.265523	0.160731	0.0264706	0.016684
4.73798	0.503659	0.258743	0.147214	0.0259139	0.0161995
4.91094	0.482487	0.242505	0.157129	0.0257843	0.01618
4.73832	0.419863	0.322043	0.148246	0.0270539	0.0177066
4.94701	0.524573	0.221522	0.156584	0.0259197	0.0157217
4.65656	0.508889	0.263914	0.14373	0.0265972	0.0166496
4.99591	0.47718	0.265039	0.15452	0.0261875	0.0166691
4.98934	0.528965	0.236542	0.159129	0.0256724	0.0156997
5.02281	0.494142	0.272788	0.15342	0.0265222	0.0167167
4.75606	0.537744	0.217566	0.155301	0.0257445	0.0155403
5.09806	0.488502	0.242613	0.158397	0.0253548	0.0158678
4.86854	0.447066	0.276282	0.149701	0.0265582	0.0169164
4.94024	0.463172	0.256723	0.154114	0.0260429	0.0165245
5.06487	0.506988	0.235529	0.159548	0.0256269	0.0159101
5.06717	0.542359	0.21862	0.163244	0.0261456	0.0159386
5.00723	0.500171	0.26207	0.162706	0.0269928	0.0169706
4.74785	0.504644	0.255036	0.15333	0.0265513	0.0165521
5.05067	0.479589	0.261615	0.163386	0.0264971	0.0166577
4.78207	0.483258	0.27851	0.147409	0.0265887	0.0167865
4.59791	0.519065	0.241588	0.143247	0.0256446	0.0158287
4.87045	0.472089	0.268201	0.151547	0.0264811	0.0168093
4.89497	0.528226	0.2349	0.1542	0.0262476	0.0162906
4.6887	0.440822	0.267532	0.148594	0.0260336	0.0165296
5.24693	0.503399	0.253265	0.163455	0.0265575	0.0166098
4.8253	0.510443	0.268747	0.150127	0.0268903	0.0168636
4.98641	0.507911	0.236309	0.151583	0.0256216	0.0158596
4.88505	0.494875	0.264485	0.152328	0.0268384	0.0168755
4.92275	0.497503	0.25112	0.153188	0.0260554	0.0162242
5.19492	0.49937	0.238549	0.166312	0.0262625	0.0163413
5.08641	0.509984	0.242944	0.158022	0.0259065	0.0160773
4.75981	0.494761	0.231612	0.145132	0.0252134	0.0157288
4.83247	0.526716	0.248807	0.145857	0.0259397	0.0160504
4.79609	0.507759	0.233282	0.153161	0.0258438	0.0158818
5.23736	0.529099	0.235908	0.161497	0.0260896	0.016203
4.98709	0.526529	0.25235	0.154546	0.0264974	0.0164853
4.79225	0.53306	0.240245	0.147593	0.0255706	0.0156687
4.93524	0.468535	0.255625	0.156561	0.026532	0.0166935
4.85771	0.525616	0.240698	0.152105	0.0264856	0.0163942
4.99708	0.512847	0.271876	0.152885	0.0265964	0.0166867
4.89317	0.492632	0.260196	0.154269	0.0258207	0.0161006
4.84782	0.492663	0.254678	0.147668	0.0260546	0.016292
5.17239	0.552431	0.206798	0.161664	0.0256408	0.0155629
4.79435	0.526838	0.253619	0.150059	0.026374	0.016331
4.76205	0.514454	0.249181	0.146793	0.0264499	0.0165542
4.98506	0.514027	0.254659	0.156506	0.0266956	0.0167521
5.18053	0.506583	0.251378	0.158339	0.0261675	0.01643
5.03357	0.508197	0.257556	0.155245	0.0264881	0.0164985
4.77496	0.551938	0.229231	0.150407	0.0262519	0.0159302
4.80758	0.520877	0.254992	0.146213	0.0266648	0.0166096
4.87407	0.514944	0.230658	0.155891	0.0257198	0.0158599
5.33834	0.515006	0.237359	0.165101	0.0257576	0.016071
4.95566	0.507916	0.244891	0.154057	0.025917	0.0162185
4.84793	0.482172	0.234609	0.152348	0.0259141	0.016056
5.09773	0.475024	0.253494	0.161202	0.0260525	0.0163151
4.94563	0.451963	0.276663	0.154339	0.0262287	0.0167408
4.98959	0.517015	0.25008	0.156994	0.0259167	0.0161137
4.77009	0.491635	0.265728	0.150887	0.0269697	0.0170162
4.90785	0.517174	0.234172	0.152121	0.0259465	0.0161112
5.01547	0.468208	0.269515	0.15336	0.0262635	0.0167242
4.90496	0.475115	0.274282	0.14731	0.0263241	0.0166452
4.83733	0.496684	0.260733	0.148732	0.026483	0.0165779
4.75657	0.545018	0.247597	0.141212	0.0259734	0.0160619
4.97797	0.535384	0.222844	0.156447	0.0264875	0.0163774
4.94418	0.46455	0.266346	0.155424	0.0259088	0.0164708
4.95259	0.469411	0.26623	0.151641	0.025873	0.0163748
4.84212	0.497801	0.248101	0.152142	0.026228	0.0163612
4.97011	0.504608	0.22525	0.151827	0.0252505	0.0156099
4.83201	0.489514	0.238813	0.149629	0.0258251	0.0160218
4.92965	0.523986	0.233184	0.155425	0.0253665	0.0156429
4.81689	0.520014	0.235585	0.149894	0.0254079	0.0155463
5.00683	0.474923	0.233159	0.154006	0.0254279	0.0158243
4.8241	0.54906	0.237492	0.143569	0.0261413	0.0159762
4.93425	0.476113	0.271177	0.153654	0.0260673	0.0165031
5.32405	0.523372	0.22331	0.161419	0.0258273	0.0158871
4.89111	0.49227	0.263781	0.152741	0.0265791	0.01665
5.04502	0.493459	0.23503	0.15752	0.0254322	0.0157083
4.91082	0.515249	0.252326	0.148507	0.0261072	0.0163015
4.86216	0.525485	0.231061	0.153797	0.0258516	0.01584
5.07661	0.513563	0.250904	0.163247	0.0262117	0.0163805
5.00592	0.481736	0.254408	0.158977	0.0262215	0.0165324
4.73951	0.497786	0.253688	0.147558	0.0260403	0.0162206
4.94897	0.525221	0.230537	0.149907	0.0258361	0.0159564
4.87446	0.536812	0.204177	0.156465	0.025365	0.0152894
5.07798	0.498831	0.236911	0.160369	0.0256189	0.0157746
4.96247	0.485382	0.269987	0.154479	0.0267403	0.0169605
5.07221	0.496706	0.260957	0.160238	0.0267579	0.0168138
4.76405	0.495113	0.242236	0.150145	0.0258561	0.0161411
4.84574	0.522768	0.233797	0.150121	0.0263897	0.0162121
