
1 1 65.03 66.12 67.47 66.19 67.05 65.72 63.52 60.65 59.41 54.61 
1 1 65.03 66.12 67.47 66.19 67.05 65.72 63.52 60.65 59.41 54.61 
1 1 65.03 66.12 67.47 66.19 67.05 65.72 63.52 60.65 59.41 54.61 
1 1 66.089 66.289 67.359 67.062 67.029 66.02 63.434 60.282 58.762 54.705 

1 1 66.2 
1 1 64.716 
1 1 64.716 
1 1 62.772 
1 1 80 
1 1 64.781 
1 1 64.9694 
1 1 67.739 
1 1 73 
1 1 66.0924 
1 1 64.8606 
1 1 80 
1 1 80 
1 1 64.93 65.06 66.57 67.77 66.85 66.14 63.47 60.19 59.27 54.3 
1 1 65.635 65.7918 66.9003 67.016 67.0426 65.9522 63.2712 60.5068 59.0107 54.762 
1 1 0 
1 1 0 
1 1 0 
1 1 8 
1 1 3.2 
1 1 3.33933 
1 1 0 0 
1 1 0 
1 1 0 
1 1 0 
1 1 0 
1 1 0 
1 1 0 
1 1 0 
1 1 0 
1 1 0 
1 1 0 
1 1 0.0012 
1 1 0.0009 
1 1 0.0021 
1 1 0.002 
1 1 0.002 
1 1 0.0015 
1 1 0 
1 1 0 
1 1 0 
1 1 0 
1 1 0 
1 1 0 
1 1 0 
1 1 0 
1 1 0 
1 1 0 
1 1 0 
1 1 0 
1 1 0 
1 1 0 0 0 0 0 0 0 0 0 0 
1 1 0 0 0 0 0 0 0 0 0 0.0001 
1 1 0.0001 0.0003 0.0006 0.0007 0.0011 0.0006 
1 1 0.0004 
1 1 0 0 0 0 0 0 0 0 0 0 
1 1 0 0 0 0 0 0 0 0 0 0 
1 1 0.0002 0.0001 0.0002 0.0006 0.0005 0.0009 0.001 
1 1 0 0 0 0 0 0 0 0 0 0 
1 1 0 0 0 0 0 0 0 0 0 0 
1 1 0.0002 0.0001 0.0002 0.0006 0.0005 0.0009 0.001 0.002 
1 1 0 0 0 0 0 0 0 0 0 0 
1 1 0 0 0 0 0 0 0 0 0 0 
1 1 0 0 0 0 0 0 0 
1 1 0 0 0 0 0 0 0 0 0 0 
1 1 0 0 0 0 0 0 0 0 0 0 
1 1 0 0 0 0 0 0 0.004 0.002 
1 1 0 0 0 0 0 0 0 0 0 0 
1 1 0 0 0 0 0 0 0 0 0 0 
1 1 0 0.002 0 0 0 0 0 0 
1 1 0 0 0 0 0 0 0 0 0 0 
1 1 0 0 0 0 0 0 0 0 0 0 
1 1 0 0 0.002 0 0.002 0 0 0.004 
1 1 0 0 0 0 0 0 0 0 0 0 
1 1 0 0 0 0 0 0 0 0 0 0 
1 1 0 0 0.002 0 0.002 0 0 0.004 
1 1 0 0 0 0 0 0 0 0 0 0 
1 1 0 0 0 0 0 0 0 0 0 0 
1 1 0 0.002 0 0 0 0 0 0 
1 1 0 0 0 0 0 0 0 0 0 0 
1 1 0 0 0 0 0 0 0 0 0 0 
1 1 0 0 0 0.002 0 0.002 0 0.004 
1 1 0 
1 1 0 0 0 0 0 0 0 0 0 0 
1 1 0 0 0 0 0 0 0 0 0 0 
1 1 0 0 0 0 0.004 0.004 0 0 
1 1 0 0 0 0 0 0 0 0 0 0 
1 1 0 0 0 0 0 0 0 0 0 0 
1 1 0 0 0 0 0.002 0 0 0.004 
1 1 0 0 0 0 0 0 0 0 0 0 
1 1 0 0 0 0 0 0 0 0 0 0 
1 1 0 0 0 0 0 0 0 0 
1 1 0 0 0 0 0 0 0 0 0 0 
1 1 0 0 0 0 0 0 0 0 0 0 
1 1 0 0.002 0 0 0.002 0.002 0 0 
1 1 0 0 0 0 0 0 0 0 0 0 
1 1 0 0 0 0 0 0 0 0 0 0 
1 1 0 0.002 0 0 0.002 0.002 0 0 
1 1 0 0 
1 1 0 0 0 0 0 0 0 0 0 0 
1 1 0 0 0 0 0 0 0 0 0 0 
1 1 0.0001 0.0003 0.0005 0.0007 0.0005 0.001 0.001 0.0011 
1 1 62.672 
1 1 62.672 
1 1 62.8678 
1 1 0 
1 1 0 0 0 0 0 0 0 0 0 0 
1 1 0 0 0 0 0 0 0 0 0 0 
1 1 0.0001 0.0003 0.0005 0.0007 0.0005 0.001 0.001 0.0011 
1 1 0 