4.83043	0.498756	0.234453	0.0938001	0.0148326	0.00924657
4.78572	0.495608	0.257879	0.0946519	0.0153127	0.00961589
4.88761	0.489643	0.258699	0.0931116	0.015233	0.00959251
4.96353	0.495681	0.256065	0.0982822	0.0153811	0.00969016
4.92577	0.518943	0.245021	0.0966166	0.0152954	0.00954475
5.01316	0.502165	0.250827	0.096512	0.0151307	0.00948916
4.82667	0.479987	0.259356	0.0936745	0.0153106	0.00972079
4.83645	0.496042	0.250815	0.0941715	0.0150318	0.00942659
4.96212	0.503095	0.251919	0.0995007	0.0154726	0.00974084
4.84695	0.496544	0.246502	0.097843	0.0151656	0.00949651
4.92669	0.492791	0.262251	0.094432	0.0153393	0.00974978
4.86013	0.515345	0.244086	0.0946008	0.0152591	0.00947577
4.72615	0.504093	0.250696	0.0925615	0.0151932	0.00950666
4.78147	0.50396	0.249105	0.092142	0.0149918	0.00935045
5.0438	0.511226	0.250783	0.0960926	0.0152134	0.00955458
4.97409	0.479655	0.252018	0.0957414	0.0151069	0.0095153
4.86581	0.504916	0.239757	0.0946052	0.0149241	0.00930992
4.86921	0.471414	0.283167	0.094072	0.0155297	0.0099503
5.04489	0.489239	0.246388	0.0978942	0.0149473	0.0093729
5.07464	0.485777	0.257803	0.100292	0.0154305	0.00977774
5.00823	0.5207	0.25192	0.0968256	0.0154872	0.00968992
4.81214	0.517914	0.241022	0.0947278	0.0151884	0.00945579
5.08548	0.487785	0.261738	0.100199	0.0154463	0.00974972
4.79046	0.503285	0.24884	0.0938079	0.0151132	0.00944948
5.21261	0.500438	0.242509	0.101204	0.0151314	0.00948958
4.81803	0.50582	0.251994	0.093662	0.015176	0.00949314
4.78685	0.512667	0.240254	0.0933128	0.0151381	0.00945347
4.78334	0.495264	0.241938	0.095116	0.0151452	0.00945353
4.67169	0.470577	0.26997	0.0917777	0.0153869	0.00984283
4.80027	0.489928	0.255917	0.0936043	0.0152961	0.00962035
4.92833	0.474271	0.26123	0.0957036	0.0151592	0.00960734
4.89981	0.518251	0.242383	0.0957143	0.0152681	0.00949217
4.95993	0.488152	0.258489	0.0960413	0.015299	0.00966256
4.97649	0.480057	0.260561	0.0977197	0.01544	0.00979904
4.89101	0.503122	0.249377	0.0948224	0.0153257	0.00959839
4.9024	0.480937	0.259767	0.0957607	0.0151852	0.00964082
4.92843	0.505534	0.245277	0.0978165	0.0152183	0.00950504
4.89418	0.526077	0.235591	0.0965282	0.0154456	0.00957665
4.76582	0.477104	0.267625	0.0918063	0.0152511	0.00971452
5.09839	0.481509	0.250769	0.0970608	0.0149521	0.00941564
4.75409	0.499471	0.263476	0.0911755	0.0154155	0.00974914
4.89946	0.475011	0.262034	0.0959181	0.0153426	0.00975378
4.79014	0.467129	0.253686	0.0944735	0.0151518	0.00955764
5.07045	0.47492	0.263	0.0982934	0.0151929	0.00964888
4.9676	0.502472	0.244384	0.0958426	0.0149996	0.00941822
4.87847	0.480773	0.254153	0.0945313	0.0150534	0.0095154
4.82859	0.481444	0.244192	0.095202	0.0151376	0.00953125
4.82774	0.49703	0.239158	0.0961504	0.0150327	0.00938496
5.05774	0.494502	0.252025	0.0993443	0.0152255	0.00955724
4.80475	0.503994	0.242204	0.0935724	0.0151112	0.00941497
4.78743	0.493538	0.248302	0.0939278	0.0150947	0.00944509
4.9175	0.473551	0.273355	0.0963002	0.0155106	0.00990234
4.7965	0.5252	0.237894	0.0946805	0.01524	0.00947317
4.63334	0.480129	0.246793	0.0904579	0.0149254	0.00936714
4.96393	0.511451	0.235553	0.0967811	0.0150883	0.00940994
5.05405	0.493196	0.242237	0.0987645	0.0150967	0.00946731
4.8614	0.488436	0.249802	0.0949055	0.0151998	0.00957677
4.88503	0.506506	0.246749	0.0959146	0.0152279	0.00951921
4.83274	0.520531	0.255252	0.095996	0.0153947	0.00960358
4.81365	0.509341	0.249613	0.0934361	0.0152579	0.00957756
5.07004	0.495877	0.244352	0.0991103	0.0149952	0.00936546
4.86385	0.479378	0.2625	0.0961462	0.0154308	0.00978108
4.85314	0.506643	0.242887	0.0956123	0.0152244	0.00951246
4.97721	0.490372	0.263927	0.0960395	0.015274	0.00962552
4.88166	0.480174	0.259276	0.0951584	0.015223	0.00962479
4.77811	0.502965	0.251445	0.092618	0.0154156	0.0096708
4.87248	0.502886	0.25318	0.0933066	0.0153019	0.00964585
4.95587	0.494562	0.248668	0.0970969	0.0151166	0.00946958
4.90533	0.51485	0.234278	0.0954134	0.0150344	0.00930923
4.84763	0.463724	0.268403	0.0947427	0.0152248	0.00970841
4.8693	0.516099	0.240163	0.0958962	0.0152882	0.00943218
4.96607	0.51975	0.250902	0.0953822	0.0153	0.00959241
4.8156	0.520589	0.241342	0.0945609	0.0152673	0.00946691
4.75105	0.495314	0.255486	0.0916942	0.0153419	0.00967456
5.03535	0.514894	0.235635	0.0977538	0.0150098	0.00929784
5.02771	0.494292	0.265943	0.0975107	0.0153917	0.00976356
4.81493	0.510839	0.232591	0.0954636	0.0151237	0.00933589
4.86283	0.528312	0.244727	0.0945979	0.0154265	0.00961675
4.78804	0.492221	0.24147	0.0936012	0.0149742	0.00937325
4.86939	0.502448	0.256709	0.0963456	0.0155761	0.00977367
4.97271	0.502291	0.251	0.0967302	0.0153044	0.00958091
4.91535	0.48469	0.252411	0.0971523	0.0151904	0.00958347
4.81796	0.506278	0.242855	0.0931367	0.0151567	0.00941265
5.00386	0.495404	0.230218	0.097493	0.014948	0.00928591
4.90656	0.478145	0.259138	0.0931217	0.0151485	0.00961477
4.88526	0.532084	0.236281	0.0959503	0.0152549	0.00942302
4.93692	0.490714	0.245866	0.0951995	0.0148489	0.00936022
4.8509	0.475247	0.276251	0.0943359	0.0153465	0.0097858
4.91989	0.501418	0.247448	0.0966881	0.0152573	0.00952339
4.97971	0.517759	0.237813	0.0971706	0.0150687	0.00928801
4.85118	0.51439	0.245672	0.0951535	0.0153175	0.00957633
4.78936	0.49937	0.247156	0.0938158	0.0152258	0.00952514
5.02707	0.500227	0.247337	0.0989266	0.0152193	0.00953708
4.95333	0.491573	0.252547	0.0967484	0.0151576	0.00954732
4.77484	0.498499	0.244658	0.0924752	0.0150372	0.00940338
4.9023	0.488642	0.243151	0.0964342	0.0152143	0.00955649
4.92895	0.505255	0.257026	0.0952063	0.0152985	0.0095781
4.92785	0.525549	0.242598	0.0967421	0.0153696	0.00955998
4.87634	0.499407	0.241968	0.0957814	0.0149364	0.00932203
4.90286	0.490198	0.262195	0.0951419	0.0153574	0.00971334
4.85582	0.51201	0.243343	0.092404	0.0150468	0.00938152
5.05797	0.482862	0.249024	0.0985502	0.0152422	0.00966447
4.94307	0.491009	0.25451	0.097022	0.015212	0.00964022
4.86078	0.487855	0.247189	0.0933085	0.0150335	0.00942737
4.87947	0.49568	0.242481	0.0965729	0.015065	0.00941838
4.88399	0.506264	0.234348	0.094472	0.014957	0.00930163
4.92008	0.481177	0.263667	0.0970437	0.0153625	0.00975036
4.81864	0.511369	0.25324	0.0933803	0.0151833	0.00948592
5.07649	0.482204	0.249846	0.0983207	0.0150036	0.00941483
4.84181	0.482298	0.251086	0.0950184	0.0150686	0.00948606
4.9886	0.494034	0.251793	0.0963894	0.0151307	0.00952993
5.16155	0.476255	0.261241	0.0986577	0.0151314	0.00958989
4.87381	0.505256	0.243508	0.0951254	0.0152143	0.00944952
4.78013	0.493322	0.248257	0.0930984	0.0151569	0.00953895
5.00906	0.494073	0.258675	0.0983802	0.0155765	0.00981297
5.08682	0.50802	0.243379	0.0971661	0.0150195	0.00938364
5.00847	0.480305	0.257729	0.0975549	0.0152946	0.00965084
4.86376	0.506967	0.242592	0.0939279	0.0150664	0.00937989
4.95679	0.508955	0.232934	0.0952813	0.0147517	0.0091119
4.77334	0.50876	0.24755	0.0935322	0.0152051	0.00951279
4.90778	0.521425	0.24053	0.0955035	0.0153249	0.00952729
4.98159	0.527551	0.244791	0.0950426	0.0153823	0.00956421
4.90505	0.517954	0.247832	0.0948974	0.0154036	0.0096305
4.9791	0.496365	0.250965	0.0979469	0.0152246	0.0095214
4.91184	0.502402	0.25737	0.0955638	0.0153038	0.00960168
4.80909	0.485694	0.248954	0.0944886	0.0152684	0.00961696
4.75159	0.52311	0.232292	0.0938125	0.0153062	0.00944648
4.73834	0.470365	0.251295	0.0945255	0.0149979	0.00945692
4.92902	0.514234	0.253823	0.0957132	0.0153752	0.00964235
4.87064	0.516335	0.244772	0.0944262	0.015201	0.00942772
4.95958	0.506369	0.250104	0.095288	0.0151964	0.00951041
5.11113	0.519236	0.247509	0.0979518	0.0152225	0.00945102
4.75252	0.474777	0.263344	0.0938148	0.0152428	0.00970299
4.90992	0.503455	0.234245	0.0954367	0.0148846	0.00921973
4.9496	0.527013	0.235535	0.0956672	0.0151469	0.00943027
4.92118	0.490846	0.246816	0.0946681	0.0149759	0.00942558
4.72298	0.506553	0.249331	0.0949109	0.0154006	0.00964175
4.91478	0.511491	0.248882	0.0960356	0.0151673	0.00953202
4.90572	0.505467	0.248637	0.0959533	0.0153916	0.00967024
4.88762	0.479486	0.267211	0.0956556	0.0154214	0.00981461
4.88247	0.501436	0.250108	0.0951749	0.0153379	0.00963115
4.88851	0.51209	0.247099	0.0957837	0.0152343	0.00950508
4.77281	0.502405	0.261361	0.0914252	0.015492	0.00975439
4.82062	0.50461	0.248397	0.0934412	0.0151588	0.00942372
4.93719	0.473703	0.253611	0.0963172	0.0150739	0.00955559
4.9038	0.525238	0.231964	0.0973534	0.0152583	0.00941658
4.86369	0.4928	0.257297	0.0935836	0.0152653	0.00962379
4.81737	0.500371	0.25265	0.0941148	0.0153236	0.00961489
4.75816	0.527613	0.232065	0.091546	0.0151255	0.00931669
4.79868	0.486233	0.256151	0.0934903	0.0152157	0.00959563
4.85956	0.527281	0.255307	0.0946045	0.015501	0.0096654
4.90333	0.498173	0.251306	0.0961265	0.0153654	0.00965158
4.98917	0.493511	0.249425	0.0976778	0.0152874	0.00960238
4.79084	0.523021	0.248026	0.0928404	0.0153447	0.00956078
4.93203	0.513827	0.225939	0.0961036	0.0148234	0.00913933
4.98136	0.470507	0.256753	0.0967026	0.0150802	0.00958261
4.84132	0.493223	0.259686	0.0955504	0.0154239	0.00971846
4.89521	0.491174	0.247611	0.0979395	0.0152552	0.00956798
4.82951	0.499305	0.25341	0.0937372	0.0152628	0.00956789
4.88544	0.490727	0.249474	0.0955906	0.0149166	0.00935329
4.75337	0.502903	0.247638	0.0942059	0.0151344	0.00946725
4.84801	0.475093	0.253264	0.09558	0.0150515	0.00949502
5.1163	0.501153	0.251071	0.0980846	0.0151906	0.00956062
4.97689	0.526357	0.245893	0.0967931	0.0152523	0.00947695
4.87172	0.483265	0.259253	0.0946531	0.0152169	0.00964343
4.87276	0.496667	0.259726	0.0957173	0.0154563	0.00971641
4.97099	0.518454	0.238414	0.099384	0.0151958	0.009438
4.85999	0.499262	0.2492	0.096181	0.0153166	0.00961973
4.90068	0.484861	0.256323	0.0956232	0.015209	0.00965147
4.863	0.495317	0.250687	0.095133	0.0152035	0.00950182
4.78834	0.502844	0.254603	0.0919494	0.0151902	0.0094992
5.06291	0.514111	0.240573	0.0980579	0.0152763	0.00954729
5.15697	0.492889	0.250334	0.100409	0.0152747	0.00961545
4.78705	0.506302	0.241323	0.0937742	0.0152251	0.00947104
5.00876	0.487653	0.251343	0.0957024	0.0148743	0.00936902
4.75453	0.51542	0.239664	0.0912584	0.0150359	0.0093629
4.8819	0.494647	0.253079	0.0934009	0.0151843	0.00954683
4.73847	0.480641	0.260592	0.091918	0.0152045	0.00962033
4.84947	0.463733	0.264434	0.0947896	0.0152677	0.00972392
4.83146	0.486515	0.263402	0.095394	0.0154785	0.00977883
5.06754	0.495484	0.251823	0.0977037	0.0153032	0.00962275
4.97161	0.509317	0.263252	0.0982782	0.0157926	0.00995695
4.94589	0.497512	0.262648	0.0952255	0.0153354	0.00966501
4.57705	0.494841	0.256095	0.0892482	0.0151674	0.00953868
4.88236	0.491626	0.260052	0.0948865	0.0154035	0.00972585
4.93458	0.5309	0.230012	0.0946621	0.0151245	0.0092766
4.79865	0.511262	0.239475	0.0948357	0.0151557	0.00942348
4.8912	0.512974	0.239056	0.0956902	0.0150851	0.00931982
4.7557	0.493413	0.256476	0.0953736	0.0154711	0.00973545
4.81586	0.472951	0.251516	0.0941365	0.0150654	0.00952683
4.89065	0.510136	0.236141	0.0962166	0.0151016	0.00939031
5.02141	0.498274	0.250798	0.0958251	0.015328	0.00959846
4.93519	0.48105	0.268582	0.0951123	0.0153515	0.00973143
4.801	0.50884	0.248456	0.0918427	0.0152295	0.00948809
4.78368	0.496229	0.254568	0.0917328	0.0150649	0.0094599
4.91205	0.506797	0.260265	0.0924071	0.0151786	0.00954347
4.91336	0.490443	0.26004	0.0961767	0.0153999	0.00978
4.84635	0.479245	0.281405	0.0945793	0.0154007	0.00984472
4.72872	0.527386	0.241699	0.0928738	0.0151525	0.00940498
5.10498	0.482532	0.256809	0.0994721	0.0150475	0.00952068
4.71872	0.49536	0.244348	0.0913936	0.0149648	0.00933609
4.88983	0.521483	0.244832	0.0940546	0.0152734	0.00949995
4.81457	0.521277	0.236511	0.0947163	0.0151104	0.00938363
4.81657	0.478901	0.271436	0.0932971	0.0153545	0.0097304
4.83312	0.499531	0.247132	0.0943123	0.0152226	0.00953938
4.98816	0.478293	0.264371	0.0957582	0.0152289	0.00968274
4.93597	0.493602	0.252642	0.0976539	0.0152089	0.00954589
4.77511	0.49631	0.249951	0.0960197	0.0153181	0.00957582
5.05125	0.48557	0.248622	0.0985285	0.0150855	0.00949758
4.92002	0.545988	0.229788	0.0943901	0.0150668	0.00927284
5.00201	0.492651	0.249193	0.0961734	0.0149247	0.00933279
5.01801	0.50208	0.252549	0.0987988	0.0152772	0.00962014
4.86185	0.528266	0.219898	0.0938602	0.0147871	0.00904697
5.04943	0.504841	0.25767	0.0977232	0.0155082	0.00980763
4.95688	0.485782	0.262766	0.0966992	0.0152163	0.00963365
4.92064	0.508363	0.24766	0.0962179	0.0152292	0.00952035
4.93733	0.484136	0.268062	0.0960043	0.0154332	0.00977604
4.86545	0.507505	0.247624	0.0958949	0.0153135	0.00955861
4.90265	0.47864	0.266044	0.0967432	0.0154678	0.00985995
4.85647	0.508149	0.235674	0.0942352	0.0148981	0.00925253
4.95735	0.519136	0.22353	0.0967776	0.0150124	0.00921662
4.75417	0.525134	0.237499	0.0924795	0.0150411	0.00929614
4.90258	0.501203	0.251887	0.0938058	0.0150883	0.00943031
4.81631	0.501005	0.250218	0.0927327	0.0149987	0.0094322
4.68262	0.474254	0.269597	0.0914058	0.0152775	0.00972878
4.68454	0.493808	0.250632	0.0912549	0.0151916	0.0095505
5.07741	0.482847	0.248244	0.0997424	0.0151633	0.00953358
4.93395	0.496711	0.256798	0.0959658	0.0153742	0.00972991
4.90653	0.504802	0.256689	0.0962461	0.0154788	0.00976184
4.80889	0.500582	0.24681	0.0927224	0.0151805	0.00951634
5.12985	0.474949	0.271893	0.100727	0.0155304	0.00993914
4.74652	0.49739	0.257998	0.0916243	0.0152215	0.00956598
4.92437	0.506602	0.249967	0.0956839	0.0153902	0.00964588
4.83443	0.494539	0.256923	0.0941927	0.0152464	0.00961108
4.92787	0.510583	0.219197	0.0960414	0.0148823	0.00916778
4.8373	0.480981	0.263865	0.0925782	0.0152291	0.00960182
4.85733	0.485802	0.257759	0.0937351	0.0151569	0.00958574
4.91342	0.487689	0.255941	0.0934942	0.0150915	0.00954614
4.92671	0.473859	0.257738	0.0971284	0.0151703	0.0095918
4.88423	0.523209	0.240561	0.0944703	0.015107	0.00937013
4.79602	0.505606	0.244853	0.0940169	0.015121	0.00943904
5.02702	0.506804	0.263079	0.098006	0.0153551	0.00969176
4.93152	0.492647	0.256778	0.0964332	0.015295	0.00960831
4.82928	0.502192	0.259359	0.0939641	0.0154212	0.0096835
4.84398	0.506336	0.242707	0.0954988	0.0152557	0.00948072
4.82209	0.489249	0.246649	0.0953119	0.0152373	0.00955613
4.89352	0.476361	0.261607	0.0959835	0.0152405	0.00964279
4.91269	0.520869	0.24581	0.094615	0.0153685	0.00960896
4.77315	0.540594	0.225775	0.0934648	0.014964	0.00914989
5.02982	0.472049	0.271229	0.0984475	0.0153916	0.0098071
4.878	0.511238	0.243178	0.0950234	0.0151264	0.00943048
4.8784	0.481886	0.269679	0.0943205	0.0153676	0.00977909
4.88218	0.476412	0.277202	0.0959593	0.0155034	0.00986968
5.15782	0.509762	0.2376	0.0986895	0.0151419	0.00942141
4.85846	0.478121	0.252683	0.0947001	0.0150844	0.00952323
4.8151	0.509446	0.242798	0.0934441	0.0150702	0.00940921
4.92876	0.465389	0.266345	0.0945706	0.0152167	0.00975081
4.80843	0.5051	0.252436	0.0930349	0.015383	0.009672
4.98291	0.505463	0.247595	0.0957121	0.0149909	0.00938197
4.99079	0.510573	0.240902	0.0964427	0.0149861	0.00932409
5.10523	0.507237	0.246119	0.100503	0.0154127	0.00968584
4.9127	0.512021	0.238382	0.0961952	0.0151927	0.00943839
4.8248	0.52639	0.247737	0.0928383	0.0152884	0.00954312
4.81671	0.512774	0.250949	0.0946545	0.0154859	0.00970036
4.89751	0.504332	0.246196	0.0955012	0.0151999	0.00950538
4.7157	0.491863	0.256053	0.0922735	0.0151964	0.00956816
4.91762	0.506415	0.250636	0.0960556	0.0152587	0.00958739
4.88022	0.468328	0.26894	0.0944449	0.0152974	0.00979383
4.98314	0.532001	0.24004	0.0967483	0.0151156	0.00937692
4.87286	0.508679	0.239991	0.0939143	0.0152065	0.00948335
4.8745	0.49204	0.257451	0.0945202	0.0152434	0.00958291
5.03842	0.495398	0.242628	0.0989268	0.0152632	0.00956464
5.00267	0.4927	0.235859	0.0971554	0.0149201	0.00927896
4.82648	0.466151	0.265417	0.0933817	0.0152783	0.00972483
5.11061	0.496905	0.258806	0.0997829	0.0152365	0.00962632
4.85441	0.480654	0.260388	0.0935561	0.0151766	0.00959558
4.80638	0.495665	0.260948	0.0926523	0.0152663	0.00959991
5.02086	0.504152	0.250567	0.0965984	0.0151036	0.00946658
4.78953	0.469783	0.266085	0.0919952	0.0151547	0.00965519
5.01261	0.486058	0.255015	0.0979604	0.0151807	0.00958432
4.61359	0.501806	0.252729	0.0892695	0.0151694	0.00950547
4.88022	0.486488	0.242553	0.0966492	0.0151825	0.00952576
4.92523	0.503885	0.243346	0.0963733	0.0150165	0.00937848
4.8703	0.505112	0.244534	0.094965	0.0150931	0.00940871
4.96482	0.515558	0.241463	0.0971512	0.0151023	0.00938472
4.82233	0.512801	0.251385	0.0946739	0.015425	0.00963053
4.88138	0.463239	0.280431	0.0928808	0.0152554	0.00976991
4.88748	0.52019	0.235557	0.0973742	0.0151032	0.009328
4.86051	0.501099	0.253491	0.0935705	0.015229	0.00957856
4.81378	0.489531	0.253408	0.0935566	0.0150922	0.00951896
5.02108	0.499426	0.249006	0.0950258	0.0150265	0.00944298
4.7604	0.507541	0.245489	0.0925168	0.0152245	0.0094853
4.77092	0.530297	0.23397	0.0925637	0.0150519	0.00924755
4.83851	0.503248	0.262609	0.0941272	0.0154757	0.00973864
5.0054	0.506946	0.249871	0.09721	0.0152074	0.00951652
4.74821	0.507353	0.241945	0.0906728	0.0150264	0.00936381
4.84373	0.511579	0.239481	0.0938231	0.0149776	0.00931641
4.80153	0.467402	0.264298	0.0924634	0.0152056	0.00963763
4.8875	0.509021	0.248703	0.0941724	0.0151817	0.00952685
4.70658	0.494219	0.235984	0.0936817	0.0148648	0.00928245
4.83939	0.491161	0.258664	0.0942395	0.0153433	0.00964832
4.93518	0.504228	0.247762	0.0948238	0.015183	0.00949198
4.84689	0.517689	0.237127	0.0941701	0.0151772	0.00940395
5.04928	0.497145	0.26565	0.0984374	0.0155027	0.00981393
5.07616	0.499852	0.251181	0.0976131	0.0151707	0.00946328
5.03154	0.500913	0.256375	0.0971182	0.0154456	0.00973798
4.76855	0.512724	0.249368	0.0923095	0.0151166	0.00941858
4.85785	0.477592	0.247679	0.0953092	0.0151475	0.00959053
4.91193	0.474903	0.261739	0.0956986	0.0153594	0.00976678
4.89746	0.504723	0.252638	0.0967553	0.0154049	0.00964172
4.91938	0.512065	0.240137	0.0954083	0.0151483	0.00944912
4.96025	0.491511	0.25497	0.0964399	0.0151707	0.0095975
4.96779	0.505228	0.241724	0.097815	0.0153183	0.00953837
4.93853	0.508118	0.249456	0.095414	0.015266	0.00957045
5.02263	0.478729	0.264184	0.0986988	0.0154236	0.00978313
4.97418	0.509331	0.2529	0.0951527	0.0153813	0.00963006
4.95057	0.491345	0.258104	0.0977507	0.0153412	0.0096909
4.89334	0.497137	0.236397	0.0976856	0.0150247	0.00937317
4.88335	0.494192	0.253661	0.096595	0.0152008	0.00956249
5.02349	0.496128	0.247462	0.100816	0.0151678	0.00949515
4.96269	0.505062	0.257785	0.0951897	0.0152142	0.00956118
4.74432	0.497756	0.249862	0.0926225	0.0149278	0.00936802
4.93734	0.519883	0.235522	0.0957149	0.0149564	0.00924785
4.92092	0.478977	0.255773	0.0957666	0.0150945	0.00955289
4.9153	0.491199	0.244587	0.0954567	0.0149887	0.00940558
4.99423	0.494339	0.254667	0.0945594	0.0152314	0.00957436
4.97967	0.503402	0.250136	0.0967612	0.0151872	0.00954766
4.90371	0.512415	0.244511	0.0952893	0.0152825	0.0095307
4.775	0.480841	0.262946	0.092312	0.0150485	0.00951647
4.96672	0.502691	0.252034	0.0975285	0.0153738	0.00962515
4.91592	0.488408	0.256246	0.0952141	0.0152629	0.00961492
4.80127	0.507338	0.246101	0.0957678	0.0153407	0.00959134
4.86573	0.515893	0.233726	0.0948306	0.0154188	0.00954453
5.05891	0.485103	0.256763	0.0966404	0.0151938	0.00959122
4.99967	0.470778	0.267335	0.0984747	0.0153736	0.00976566
4.87922	0.492116	0.252563	0.0943221	0.0150862	0.0094832
5.18776	0.48991	0.253346	0.101523	0.0150439	0.00951152
4.81238	0.477156	0.258046	0.0946315	0.0151997	0.00964693
4.79986	0.506635	0.248757	0.0926282	0.0152053	0.00953893
4.97685	0.52028	0.238633	0.0964469	0.0151636	0.0094513
4.88442	0.515566	0.244526	0.0961212	0.015288	0.00953972
4.7593	0.491949	0.247907	0.0946579	0.0151713	0.00952956
5.03722	0.512638	0.239371	0.0983232	0.015115	0.00939984
4.77402	0.494136	0.251901	0.0926134	0.015204	0.00958146
4.9276	0.498987	0.240276	0.0954517	0.0150607	0.00940004
4.85414	0.471841	0.284502	0.0953673	0.0156587	0.0100347
4.81849	0.49908	0.254645	0.0944036	0.0152885	0.00957385
4.96865	0.48995	0.251188	0.0979988	0.0153023	0.00961834
4.81659	0.490189	0.248163	0.0934441	0.0149496	0.00936803
4.80921	0.472662	0.263025	0.0930038	0.0152104	0.0096547
4.89786	0.533093	0.23419	0.0975154	0.0151648	0.0092961
4.926	0.475607	0.256958	0.0966345	0.0150268	0.00949948
4.85552	0.510012	0.252021	0.0925739	0.0151658	0.00947672
4.94781	0.502066	0.230024	0.0948964	0.0150253	0.00936345
4.95116	0.514418	0.243578	0.0969677	0.0151005	0.00941825
5.01078	0.48942	0.261135	0.0971376	0.0153332	0.00969895
4.87629	0.470652	0.265691	0.0955248	0.0152432	0.00970536
5.02343	0.503878	0.24439	0.0974194	0.0152809	0.00954635
5.02381	0.500574	0.26526	0.0976447	0.0154267	0.00979231
4.89201	0.516002	0.248282	0.0942471	0.0150941	0.00937747
4.87519	0.487288	0.24877	0.0959361	0.0151045	0.0094881
4.81043	0.506203	0.265449	0.092357	0.0154563	0.0097006
5.10422	0.481999	0.263953	0.0993539	0.0152097	0.00961606
4.94759	0.504814	0.246421	0.0969348	0.0151403	0.00948314
4.80093	0.495441	0.261489	0.0926166	0.0153462	0.00964997
4.90738	0.503425	0.251733	0.0940455	0.0152739	0.00958136
4.73892	0.494634	0.260677	0.0918086	0.0153917	0.00974285
4.98131	0.5167	0.23634	0.0959859	0.0151688	0.00940824
5.08037	0.488557	0.249786	0.0986015	0.0150534	0.00945513
4.78793	0.488786	0.250809	0.0921158	0.0150799	0.00945064
4.89019	0.503085	0.267842	0.0947473	0.0157628	0.00996743
4.66181	0.532086	0.237015	0.0909293	0.0152225	0.00941057
5.02312	0.496454	0.256261	0.0983734	0.0152633	0.00961933
5.08687	0.484479	0.245705	0.0984765	0.015046	0.00947454
4.80905	0.528287	0.242068	0.0928	0.0153017	0.00950369
4.92936	0.505663	0.248848	0.0956614	0.0151087	0.00948814
4.96035	0.511649	0.23968	0.0958311	0.015138	0.00941923
4.87564	0.520964	0.238894	0.094315	0.0152206	0.00944517
4.89851	0.509336	0.26064	0.0946566	0.0155178	0.00976305
4.9263	0.517095	0.239346	0.0957145	0.0151678	0.0093954
5.05477	0.474196	0.260976	0.09731	0.0150329	0.0094899
4.99382	0.522912	0.243918	0.0962821	0.0153005	0.00954833
