4.85859	0.532162	0.254535	0.202146	0.0333078	0.0199923
4.98529	0.466624	0.264899	0.209752	0.033601	0.0206073
5.18796	0.483953	0.243666	0.21085	0.0318815	0.0190568
4.74699	0.492942	0.245278	0.219583	0.0334576	0.0202745
5.13561	0.51986	0.2335	0.224231	0.0328276	0.0196389
4.73659	0.534052	0.257728	0.20349	0.0337689	0.0204041
4.77762	0.484181	0.247743	0.209406	0.0322532	0.0197104
5.01866	0.517825	0.24228	0.220341	0.0340696	0.0203203
4.7315	0.471394	0.261663	0.203158	0.032747	0.0198756
4.88675	0.56277	0.228055	0.208308	0.0331485	0.0196703
5.14505	0.5457	0.243887	0.22807	0.0344436	0.0205024
5.24378	0.453123	0.306152	0.22332	0.0349909	0.021636
4.75738	0.490227	0.278269	0.201234	0.0343282	0.0210033
4.99319	0.527256	0.265742	0.2175	0.0342893	0.0205926
4.96457	0.435978	0.274684	0.213336	0.0328773	0.020373
5.11364	0.474222	0.273616	0.227632	0.0338697	0.0208198
4.63247	0.533355	0.239684	0.200545	0.0329763	0.0194826
4.932	0.506309	0.259102	0.209905	0.0331515	0.020015
5.00599	0.524999	0.254845	0.208263	0.0336756	0.0202601
4.89307	0.494134	0.248575	0.198249	0.0322955	0.0195503
4.97471	0.514984	0.247792	0.210676	0.0323028	0.0193377
4.98284	0.459844	0.268942	0.217641	0.0332698	0.0205166
4.84074	0.390775	0.292812	0.20198	0.032959	0.020749
4.94189	0.522701	0.234916	0.220064	0.0334327	0.0200598
5.02315	0.51732	0.246389	0.21315	0.0326258	0.0194316
4.76431	0.492238	0.245958	0.201672	0.0330471	0.0199814
4.96496	0.484534	0.250152	0.224577	0.033646	0.0204677
5.00663	0.525046	0.237859	0.213358	0.0327413	0.019516
4.87402	0.463824	0.257375	0.226213	0.0329248	0.0199648
4.5885	0.523043	0.230776	0.206843	0.0329937	0.0195728
4.95959	0.507813	0.250898	0.214414	0.0341001	0.0206248
4.77931	0.479027	0.236987	0.212713	0.0328642	0.019744
4.98699	0.474024	0.27052	0.22135	0.0342043	0.0208267
4.6652	0.467456	0.273205	0.202884	0.0339115	0.0207261
4.76112	0.554411	0.225104	0.203503	0.032595	0.0192142
4.83459	0.490498	0.262284	0.207786	0.0336401	0.0202793
4.77256	0.558737	0.219202	0.204306	0.0323916	0.0190414
5.35061	0.523548	0.241249	0.223392	0.0327612	0.0194707
4.63541	0.467137	0.253674	0.20701	0.0335097	0.0203962
4.94187	0.473092	0.259233	0.219812	0.0334287	0.0203025
4.78124	0.521495	0.248245	0.216927	0.0337069	0.0203669
5.43198	0.473538	0.268186	0.254104	0.0336733	0.0204253
4.94903	0.50579	0.237727	0.208699	0.032033	0.0191617
5.18212	0.478668	0.258284	0.226647	0.0332249	0.0201476
5.25627	0.463629	0.26522	0.248903	0.0342071	0.0207566
4.75771	0.445614	0.281985	0.206872	0.0334132	0.0205733
5.06777	0.459981	0.282339	0.212868	0.0332835	0.020673
4.70685	0.462311	0.25035	0.208167	0.0334015	0.020369
5.07952	0.526109	0.215999	0.231588	0.0330339	0.0193697
4.93301	0.488688	0.244276	0.217222	0.0332662	0.0201801
4.62822	0.527704	0.220129	0.203098	0.0328229	0.0195463
4.68174	0.466636	0.25317	0.201099	0.0335585	0.0206434
4.96074	0.538247	0.236106	0.224605	0.0331376	0.0196247
5.06652	0.479021	0.266775	0.228977	0.0337365	0.0206479
5.06561	0.513152	0.256724	0.214156	0.0326348	0.0197912
4.89394	0.510351	0.215959	0.209672	0.0326177	0.0192998
4.91856	0.501551	0.256159	0.219307	0.0332766	0.0202168
4.95718	0.453892	0.296524	0.206469	0.0344642	0.0211992
4.90091	0.488121	0.269665	0.20936	0.0338258	0.0205765
5.02688	0.47957	0.257784	0.216191	0.0326226	0.0196458
5.0088	0.473268	0.238622	0.221613	0.0324403	0.019525
4.65928	0.492612	0.249006	0.200297	0.032564	0.0195876
4.91412	0.503465	0.221605	0.212922	0.0329126	0.0195469
5.13191	0.426289	0.292492	0.218472	0.0332975	0.0207326
4.78185	0.512266	0.249243	0.207029	0.0334653	0.0201673
4.66038	0.501208	0.2567	0.201306	0.0329375	0.0198995
5.03161	0.472807	0.274134	0.224421	0.0330652	0.0202518
5.20453	0.501372	0.240668	0.230879	0.0323946	0.0193929
4.78014	0.494643	0.232817	0.215707	0.0334954	0.0201247
4.94964	0.502119	0.232356	0.220907	0.033115	0.0199929
5.31732	0.491834	0.242651	0.229222	0.0331897	0.0200915
4.95237	0.445127	0.293673	0.206959	0.0342733	0.0212776
4.52657	0.466775	0.245435	0.203028	0.0332248	0.0200974
5.0018	0.480513	0.27244	0.209942	0.0331917	0.0202603
5.08238	0.437912	0.272793	0.226334	0.0328785	0.0202917
4.94614	0.501163	0.247173	0.217572	0.033729	0.0202038
5.83329	0.489853	0.252582	0.268127	0.033468	0.020361
4.98401	0.510577	0.249343	0.217052	0.0326944	0.0197043
4.89654	0.519441	0.233761	0.214748	0.0332499	0.0199336
5.53118	0.509945	0.223986	0.256256	0.0345384	0.0207747
4.36972	0.55587	0.229072	0.190041	0.0341684	0.0201926
4.91997	0.520026	0.2637	0.21109	0.0335777	0.0202811
5.04131	0.497237	0.246335	0.23521	0.0333994	0.0200883
4.90453	0.459378	0.286316	0.207389	0.0331204	0.0203195
4.82446	0.467369	0.282047	0.208084	0.0337732	0.0208058
4.82443	0.499738	0.24859	0.211741	0.0333199	0.0201179
5.13482	0.571566	0.230556	0.220285	0.0340587	0.0198863
4.92341	0.477853	0.281204	0.207087	0.0341586	0.020929
4.95504	0.437364	0.277735	0.217832	0.0334081	0.0205361
5.16958	0.492162	0.257946	0.221589	0.0330736	0.0201386
4.97173	0.496476	0.242931	0.213568	0.0326094	0.0195879
5.00223	0.441868	0.307876	0.209243	0.0339317	0.0210123
5.1273	0.535789	0.244438	0.219293	0.03379	0.0201664
5.51339	0.52173	0.231814	0.240077	0.0331809	0.0199824
4.67228	0.478962	0.268613	0.197496	0.033002	0.0201753
5.34241	0.50613	0.25956	0.225736	0.0334438	0.0203693
5.09641	0.508313	0.253645	0.220032	0.0334633	0.0202862
4.89239	0.509336	0.252841	0.212804	0.033101	0.0199614
4.96075	0.553356	0.229194	0.213249	0.0338099	0.0198293
5.08696	0.478197	0.256975	0.23082	0.0341822	0.0206449
4.869	0.473878	0.244712	0.214196	0.0325871	0.019661
5.00983	0.488688	0.281805	0.222686	0.0346451	0.021106
4.93107	0.454441	0.278646	0.203181	0.0330802	0.020454
4.99273	0.486731	0.253376	0.213522	0.0330975	0.0201721
5.05672	0.453826	0.284012	0.217795	0.0338512	0.0209085
5.02986	0.455873	0.269973	0.228262	0.0342635	0.0209427
4.72293	0.498601	0.250133	0.205943	0.0329256	0.0199902
4.79762	0.500685	0.247416	0.211433	0.0328465	0.0197252
4.63568	0.551159	0.242122	0.201836	0.0341054	0.0202781
4.80456	0.482216	0.295722	0.201249	0.0336024	0.0206285
4.90291	0.48859	0.257516	0.2105	0.033716	0.0205441
5.024	0.492355	0.238289	0.240398	0.033171	0.0198805
5.10638	0.509406	0.260693	0.218905	0.0340119	0.0206267
4.83578	0.54962	0.223979	0.222053	0.0333857	0.0196759
4.98771	0.494	0.280345	0.215702	0.0347244	0.0212925
4.96364	0.527678	0.217237	0.228859	0.0325412	0.0191587
4.96641	0.53126	0.234111	0.212595	0.0331639	0.0196439
5.15374	0.510253	0.252972	0.229397	0.033383	0.0200979
4.8134	0.489531	0.254292	0.21086	0.03405	0.020696
4.61724	0.53117	0.231328	0.201985	0.0336621	0.0199803
5.1076	0.489309	0.248222	0.223606	0.0334504	0.0203598
4.98482	0.507763	0.253192	0.21841	0.0333352	0.0201165
4.87302	0.525419	0.238705	0.211373	0.0332187	0.0197741
5.2313	0.512609	0.248954	0.220951	0.0328413	0.0198587
5.15065	0.488604	0.272946	0.206372	0.0330485	0.0201391
4.89378	0.504095	0.220695	0.207545	0.0322369	0.0194239
4.93842	0.490815	0.285912	0.221656	0.035058	0.0214562
5.04788	0.505686	0.264925	0.220949	0.0343964	0.0209063
5.27926	0.482271	0.28886	0.220475	0.0345908	0.0210546
4.79543	0.498061	0.247577	0.209163	0.0324867	0.01949
4.68	0.510197	0.223619	0.21968	0.0333664	0.0197397
4.89368	0.518606	0.251404	0.204332	0.0330845	0.0199596
5.24244	0.498008	0.259835	0.229049	0.0341819	0.0207478
5.10123	0.513508	0.273856	0.217561	0.0335929	0.0203687
4.8965	0.452524	0.284957	0.209097	0.0330184	0.0201427
4.81246	0.479328	0.267317	0.204776	0.0327845	0.0200148
5.09156	0.495842	0.239761	0.226316	0.0340305	0.0204865
4.75119	0.486252	0.267871	0.206101	0.0329845	0.0201003
4.93819	0.535917	0.228616	0.211386	0.0329455	0.0195555
5.09045	0.485182	0.264335	0.217294	0.0339025	0.0206462
5.1211	0.507423	0.248803	0.224345	0.0337448	0.020258
4.62572	0.473939	0.276392	0.202765	0.0329915	0.0201706
4.68918	0.497438	0.240616	0.21034	0.0329765	0.0198509
4.86136	0.508378	0.264543	0.205403	0.033258	0.0201913
5.05842	0.518623	0.24263	0.213159	0.0331865	0.0199381
4.64656	0.5129	0.250364	0.2098	0.0333991	0.0202828
4.71971	0.472979	0.246601	0.20405	0.0325091	0.0199378
5.12837	0.546193	0.221305	0.218115	0.0331172	0.0195613
4.8361	0.495585	0.253023	0.204662	0.0332446	0.0201285
5.51986	0.540811	0.245476	0.252539	0.0341048	0.0203132
5.10663	0.478585	0.274063	0.219952	0.0336498	0.0207179
5.01204	0.458219	0.290665	0.212789	0.0338656	0.0208845
5.10585	0.51017	0.22621	0.232502	0.0330562	0.0195359
4.33811	0.44927	0.275022	0.187751	0.0340387	0.0209735
4.98835	0.425565	0.277328	0.227848	0.0339303	0.02107
5.41478	0.54283	0.239977	0.234136	0.034122	0.0201376
4.59705	0.457205	0.26491	0.201393	0.0327406	0.0200324
4.70196	0.571537	0.228595	0.203131	0.032931	0.0194096
5.05669	0.444221	0.274036	0.21753	0.0331769	0.020583
4.91685	0.542844	0.234311	0.21905	0.0330623	0.0195333
4.8757	0.551621	0.247493	0.221777	0.0333613	0.0198411
4.87103	0.488201	0.241361	0.216346	0.0324593	0.0195035
4.99155	0.475349	0.252245	0.221632	0.0324608	0.0197443
4.80854	0.501058	0.259323	0.210544	0.0333942	0.0202359
5.07616	0.549014	0.221927	0.213995	0.0333904	0.0197192
5.38073	0.526003	0.241549	0.240309	0.0346548	0.0207394
4.84501	0.538297	0.233255	0.2115	0.033469	0.0200114
4.62817	0.535463	0.228899	0.205278	0.0330535	0.0197817
5.20378	0.467137	0.265445	0.222412	0.0324032	0.0197731
4.98966	0.521924	0.2358	0.219619	0.0332415	0.0197865
4.9718	0.519695	0.246458	0.217589	0.033774	0.020413
5.12754	0.530311	0.238301	0.220638	0.0328893	0.0196544
5.02548	0.528273	0.258633	0.216625	0.0337421	0.0201433
5.08754	0.496086	0.281783	0.228953	0.0342615	0.0207967
5.28871	0.535833	0.252583	0.218054	0.0336408	0.0200964
4.90374	0.540682	0.214589	0.219639	0.0325061	0.0190116
5.05804	0.501277	0.238356	0.214746	0.0329111	0.0198777
4.77905	0.569024	0.222394	0.199286	0.0337652	0.0199343
4.95081	0.463958	0.249373	0.230898	0.0329065	0.019747
4.86245	0.492741	0.275132	0.21248	0.0340467	0.0205851
5.34336	0.53355	0.257174	0.231947	0.0347112	0.0207568
5.19217	0.475825	0.247716	0.22975	0.0339254	0.0206723
4.93519	0.450098	0.272209	0.209002	0.0322661	0.0197606
4.84248	0.531135	0.214508	0.21596	0.0326547	0.0192355
4.85415	0.521675	0.238752	0.201207	0.0323618	0.0193631
5.19538	0.518112	0.253589	0.219695	0.0330124	0.0198114
4.91088	0.446273	0.283962	0.206993	0.0335219	0.0207062
4.96134	0.523944	0.24828	0.213628	0.0334448	0.0201183
4.99821	0.507567	0.250738	0.213474	0.0339586	0.0204518
4.94121	0.50895	0.256486	0.212569	0.0334399	0.0202662
5.09053	0.57028	0.212786	0.212575	0.0329855	0.0193397
4.85921	0.48696	0.253108	0.206402	0.0331204	0.0200234
4.64274	0.513126	0.24792	0.201013	0.0332415	0.0201033
5.11894	0.476181	0.278173	0.216655	0.0337667	0.0208511
4.86344	0.502062	0.256378	0.214278	0.0336857	0.0202513
5.26222	0.507016	0.245753	0.225892	0.0331209	0.0199574
5.18423	0.473245	0.280235	0.213114	0.0331885	0.0203366
4.93575	0.452961	0.265192	0.204335	0.0329491	0.0203628
4.9379	0.481485	0.258114	0.220807	0.0330759	0.0202019
5.40413	0.474182	0.251538	0.239272	0.032934	0.0199801
4.93799	0.464517	0.27851	0.207536	0.0328617	0.0201527
5.06132	0.473717	0.252083	0.22572	0.0337809	0.0206999
5.15154	0.490195	0.24196	0.227435	0.0332857	0.0201861
5.18242	0.450991	0.281424	0.231497	0.033822	0.0208896
4.75469	0.43514	0.268676	0.20706	0.0336306	0.020852
4.71745	0.472444	0.264926	0.200762	0.0332453	0.0202489
4.82548	0.501147	0.259341	0.21577	0.0335357	0.0203932
4.97996	0.470691	0.234823	0.229408	0.03353	0.0202828
5.10001	0.510334	0.261324	0.214077	0.0333841	0.0203151
4.96772	0.455894	0.263292	0.210777	0.0322086	0.0197235
5.12867	0.557908	0.208358	0.232767	0.0335077	0.0197197
4.77996	0.555218	0.239242	0.199121	0.0328863	0.0195845
5.16673	0.582628	0.224224	0.215393	0.0331461	0.0193305
4.96334	0.5104	0.251301	0.216355	0.0333621	0.0199537
4.84156	0.523633	0.23434	0.207458	0.0324004	0.0192265
4.69179	0.471063	0.269777	0.20461	0.0335482	0.0205243
5.32326	0.524986	0.256652	0.227409	0.0339063	0.0203022
5.26057	0.446692	0.272396	0.221382	0.0329587	0.0204223
5.61539	0.524706	0.225132	0.252313	0.0335235	0.0201444
4.83463	0.523745	0.243981	0.20683	0.0330997	0.01968
4.8073	0.473008	0.263238	0.21515	0.0329293	0.0200047
5.07432	0.459914	0.299246	0.218265	0.0342932	0.0211947
5.34138	0.569505	0.237595	0.229205	0.0336037	0.0196686
5.15979	0.475279	0.292597	0.221037	0.0339251	0.0207909
4.86146	0.569662	0.217112	0.205529	0.0332307	0.019733
5.05615	0.474512	0.265722	0.224392	0.0327238	0.0200023
4.96226	0.516224	0.24161	0.211154	0.0324791	0.0194944
4.97521	0.529308	0.253421	0.204055	0.0327986	0.0197273
5.32676	0.62135	0.206483	0.218834	0.0328574	0.0191446
4.76271	0.477803	0.256577	0.209906	0.0333939	0.0202743
4.63826	0.483879	0.277254	0.203165	0.0331046	0.0200975
5.13918	0.550306	0.206953	0.223458	0.0318152	0.0185311
4.59228	0.471461	0.264183	0.212036	0.0338806	0.0206704
4.60505	0.489114	0.280644	0.204785	0.0343391	0.0208766
4.75775	0.514247	0.262138	0.195795	0.0322414	0.019456
4.79913	0.538952	0.230055	0.208664	0.0330181	0.019563
5.00791	0.477449	0.250075	0.226217	0.0331565	0.0201475
5.09303	0.504206	0.236443	0.228445	0.032373	0.0191558
4.80193	0.451144	0.259425	0.214383	0.0330099	0.0202244
4.87228	0.53842	0.228455	0.219573	0.0331313	0.0195649
4.72382	0.499131	0.26452	0.202572	0.0334306	0.0203336
5.14329	0.499648	0.237721	0.235005	0.0331803	0.0198808
5.09384	0.466289	0.285589	0.217602	0.0342149	0.0210544
4.69926	0.479307	0.261448	0.205511	0.0327351	0.0199885
4.91603	0.533256	0.225402	0.209779	0.0325131	0.0191619
4.77058	0.480003	0.263935	0.216905	0.0335755	0.0205668
4.78302	0.503358	0.267516	0.205894	0.0333219	0.0202575
5.1656	0.575841	0.213835	0.223735	0.0331049	0.0195101
5.08191	0.525496	0.234291	0.22241	0.0336691	0.0200839
4.77602	0.519189	0.231373	0.21041	0.0329176	0.0195731
5.37634	0.490538	0.255274	0.23331	0.034404	0.0208601
5.43852	0.519566	0.245991	0.245456	0.0333941	0.0198722
4.99409	0.574856	0.193942	0.21009	0.032094	0.0186641
5.3582	0.509232	0.232356	0.242604	0.032774	0.0194691
4.66628	0.490166	0.252836	0.200408	0.03321	0.0200858
5.34807	0.563704	0.21981	0.221084	0.0325033	0.019058
4.98179	0.410795	0.2811	0.233093	0.0336772	0.0210668
4.59948	0.533802	0.234173	0.201058	0.0325172	0.0192725
4.81175	0.502002	0.233667	0.212352	0.0325813	0.0193886
4.89192	0.517774	0.232832	0.216222	0.0335293	0.0200387
4.55625	0.475328	0.265466	0.199001	0.0329762	0.0200903
4.7022	0.485453	0.238571	0.227746	0.0341552	0.0206029
4.80123	0.524688	0.242681	0.201168	0.0325602	0.0195538
4.86793	0.486144	0.269607	0.218793	0.0330782	0.0200648
5.12755	0.523901	0.249047	0.222128	0.0327376	0.0197124
5.09391	0.434982	0.289483	0.233492	0.0337114	0.0209843
4.72992	0.416807	0.309391	0.196533	0.0335379	0.0211036
4.6028	0.509948	0.236682	0.207821	0.0329548	0.0196455
5.10247	0.529899	0.269005	0.218981	0.0344768	0.0207597
4.8921	0.477878	0.273753	0.207977	0.0328169	0.0199727
4.98887	0.459712	0.27094	0.215382	0.0332936	0.0204936
5.00581	0.499371	0.2368	0.217589	0.0331449	0.0198108
5.10844	0.412945	0.284057	0.222632	0.0333402	0.020727
5.13504	0.575857	0.218758	0.22822	0.0341106	0.0198732
5.13477	0.497646	0.258018	0.224679	0.0334046	0.020126
4.91533	0.490378	0.24171	0.220844	0.0335749	0.0201926
5.05821	0.507944	0.235222	0.216741	0.0324407	0.0195304
5.10774	0.503043	0.25609	0.225295	0.0338446	0.0204699
5.26001	0.481198	0.274191	0.227023	0.0337828	0.0203556
4.90779	0.452907	0.28633	0.213284	0.0335264	0.0206396
4.89127	0.514425	0.240534	0.221269	0.0333003	0.0198928
5.33504	0.54559	0.235127	0.226741	0.0323935	0.0190172
5.39131	0.536028	0.234002	0.238346	0.0340844	0.0203386
5.20248	0.525247	0.227698	0.230839	0.0332947	0.0197428
4.9474	0.527021	0.229774	0.213641	0.0333399	0.0198562
4.95829	0.53178	0.228425	0.212155	0.0322909	0.0191109
5.22221	0.494689	0.247697	0.236203	0.0330359	0.0199366
5.03167	0.495141	0.233541	0.21845	0.0324425	0.0195553
4.93963	0.533151	0.224181	0.218277	0.0328839	0.0193759
4.98325	0.516427	0.240349	0.217694	0.0328409	0.0196075
4.98948	0.497633	0.234915	0.222073	0.0329645	0.019641
5.11104	0.511393	0.255416	0.216857	0.0331569	0.0201046
5.388	0.453494	0.272807	0.239313	0.0335614	0.0207027
4.99796	0.494813	0.227294	0.217045	0.0315038	0.0188338
5.15856	0.497683	0.265066	0.219316	0.0331344	0.0200392
4.61902	0.446367	0.248599	0.205298	0.0327264	0.0198639
5.0061	0.501578	0.251133	0.207761	0.0331946	0.0201144
5.29254	0.480385	0.251549	0.231273	0.0329364	0.0199085
4.91461	0.509636	0.245631	0.212131	0.0331522	0.0200162
4.7232	0.518607	0.236127	0.202473	0.0327162	0.0195002
5.20255	0.465004	0.27765	0.226431	0.0341209	0.0207918
4.64588	0.496132	0.240534	0.207392	0.0329499	0.0198059
5.13735	0.477472	0.262297	0.220391	0.0331929	0.020153
5.29516	0.476866	0.257864	0.228839	0.0325084	0.0197426
4.95608	0.543885	0.227836	0.228719	0.0336157	0.0196902
5.22535	0.540021	0.256487	0.217859	0.0340507	0.0203656
4.92563	0.471992	0.280616	0.21479	0.0329988	0.0200745
4.80661	0.492567	0.243962	0.213651	0.0332331	0.0199199
4.75779	0.513484	0.269157	0.194741	0.0343095	0.0208978
4.8141	0.527016	0.222632	0.20985	0.0327835	0.0193659
4.87947	0.568781	0.245305	0.203449	0.0338637	0.0200657
4.77889	0.516124	0.240241	0.200815	0.0332604	0.0199454
4.95824	0.512959	0.249364	0.20931	0.032803	0.0196702
4.67896	0.46148	0.259702	0.202723	0.0330115	0.0200974
5.07254	0.532457	0.237716	0.218343	0.0329191	0.019723
4.77149	0.522774	0.239831	0.199991	0.0326792	0.0194798
4.90105	0.515154	0.240437	0.206652	0.0334594	0.0200011
4.88834	0.484263	0.262357	0.216796	0.0335383	0.0202012
4.31433	0.480258	0.251467	0.188663	0.0328957	0.0199462
5.18906	0.527805	0.255104	0.21634	0.0337594	0.0202674
5.29353	0.515141	0.248896	0.227592	0.0334641	0.020251
4.62498	0.503734	0.230758	0.196724	0.0330082	0.019702
4.99541	0.514457	0.2406	0.216086	0.0330233	0.0198051
5.17287	0.491627	0.259503	0.225572	0.0332457	0.0200603
5.1754	0.499412	0.271576	0.222141	0.0340005	0.0207575
4.89566	0.453627	0.281633	0.206506	0.0340412	0.0210591
5.12789	0.513276	0.23409	0.227449	0.0326678	0.0195396
4.91713	0.526906	0.246489	0.216395	0.0335752	0.0201732
4.97826	0.455608	0.269565	0.221901	0.033609	0.0205744
4.87843	0.509331	0.26342	0.197344	0.0334654	0.0203942
4.90295	0.464409	0.265592	0.22069	0.0332353	0.0202487
4.91465	0.499087	0.24988	0.217388	0.0330671	0.019992
4.77982	0.469034	0.279133	0.207573	0.033663	0.0207233
4.82793	0.518806	0.227315	0.215751	0.0321103	0.0191017
5.32046	0.47176	0.290403	0.228177	0.0342308	0.021196
4.91323	0.492193	0.274047	0.213269	0.0332411	0.0202014
4.60165	0.522816	0.245591	0.204433	0.033605	0.0200745
4.45282	0.49517	0.242944	0.190127	0.032417	0.0194133
4.63353	0.534245	0.230384	0.205875	0.0327458	0.0193997
5.15385	0.504491	0.258208	0.22804	0.0339573	0.0205989
5.04385	0.41638	0.289941	0.222292	0.0331294	0.0206967
5.01029	0.495904	0.241593	0.218746	0.0332094	0.0199145
4.7976	0.56674	0.222311	0.208244	0.0338817	0.0197387
4.84951	0.504077	0.2472	0.208629	0.0328582	0.0198496
5.04222	0.442357	0.288035	0.225238	0.0337858	0.0208112
5.19753	0.558247	0.227002	0.20963	0.032477	0.0191175
4.6913	0.445204	0.271086	0.209999	0.0327562	0.0202069
4.72164	0.55053	0.220038	0.199438	0.0327649	0.0190933
4.81944	0.477439	0.249849	0.215985	0.0318468	0.019317
5.10446	0.498089	0.246606	0.215814	0.0340875	0.0206711
4.8324	0.544892	0.235034	0.211492	0.0342882	0.0203273
4.59836	0.482081	0.256514	0.208674	0.0332729	0.0204082
5.34861	0.504288	0.254082	0.228355	0.0331423	0.0197514
4.95401	0.481469	0.263055	0.21227	0.0338108	0.0205665
5.40374	0.481315	0.239583	0.246871	0.0335206	0.020454
5.04803	0.505731	0.263973	0.214701	0.0336896	0.0203558
5.14328	0.522352	0.240925	0.214648	0.032506	0.0193873
5.04329	0.528893	0.249533	0.209008	0.0332013	0.0197253
4.89728	0.497684	0.229066	0.207795	0.0329991	0.0197946
5.00374	0.523959	0.226893	0.219954	0.0335169	0.0199966
5.32547	0.486126	0.279673	0.234478	0.0338883	0.0207039
4.94703	0.537744	0.253616	0.210295	0.0344744	0.0206036
4.80664	0.52557	0.242778	0.209302	0.0340877	0.0205183
4.96431	0.564852	0.218138	0.201051	0.0328327	0.0192822
5.33705	0.494537	0.267454	0.231664	0.033787	0.0205297
5.04462	0.511248	0.254819	0.211723	0.0338047	0.0204995
4.96557	0.539245	0.218415	0.21943	0.0328323	0.0191316
5.00736	0.525658	0.259022	0.221272	0.0338191	0.0203154
4.65239	0.42712	0.298938	0.198996	0.033717	0.0212189
4.80985	0.537761	0.230062	0.194342	0.032932	0.0194031
5.40033	0.4815	0.274463	0.23675	0.0337555	0.0204992
5.27786	0.475249	0.245583	0.24474	0.0327846	0.0197852
5.1328	0.481421	0.272866	0.223094	0.0335609	0.0205374
4.78282	0.503397	0.214952	0.21897	0.0324587	0.0191616
5.11464	0.493	0.25527	0.224	0.0336047	0.0204186
5.09961	0.517036	0.252508	0.225001	0.0336691	0.0202329
4.97182	0.444975	0.283193	0.216974	0.0343676	0.0211864
4.69213	0.494858	0.24989	0.199227	0.0329519	0.0199036
5.18025	0.479527	0.244774	0.233248	0.0333728	0.0201307
5.0437	0.523706	0.265294	0.209638	0.033481	0.0201104
4.85258	0.491361	0.256939	0.212267	0.03366	0.0201288
5.08863	0.538246	0.247524	0.220833	0.0331737	0.0197493
4.58338	0.490341	0.25334	0.208292	0.033843	0.0204203
5.00466	0.513344	0.250398	0.213203	0.0337882	0.0202053
4.87954	0.454706	0.25922	0.21119	0.0329528	0.0199091
4.72377	0.506827	0.263906	0.192115	0.0334427	0.0201199
4.89162	0.533359	0.242217	0.214288	0.0329097	0.0193469
5.24897	0.573523	0.219414	0.229767	0.0338677	0.019746
4.75312	0.519058	0.259288	0.209045	0.0342847	0.0207241
5.16776	0.487948	0.250159	0.21936	0.0333517	0.0202794
4.75569	0.520016	0.247909	0.202916	0.033441	0.0201201
4.66142	0.487406	0.263342	0.208632	0.0346129	0.0208723
4.64085	0.485873	0.240466	0.202278	0.0323805	0.0194798
4.55623	0.459374	0.2547	0.202261	0.033515	0.0205287
5.23937	0.491278	0.257051	0.224447	0.0331736	0.0201244
4.71755	0.510448	0.256247	0.198367	0.0331208	0.0200002
4.81591	0.515426	0.241778	0.214702	0.033274	0.0200326
4.58722	0.507144	0.259151	0.194352	0.0333005	0.0200787
5.14431	0.533562	0.205859	0.219553	0.0319919	0.0187732
4.8366	0.459486	0.243845	0.209104	0.0321045	0.0195602
4.69757	0.533777	0.232547	0.202109	0.0326384	0.0195093
5.10068	0.508136	0.242568	0.223796	0.0332532	0.0200013
5.06746	0.561693	0.216189	0.230085	0.0327313	0.0189749
4.65739	0.504939	0.222921	0.203608	0.0314876	0.0185842
4.91075	0.508531	0.237882	0.206427	0.0331226	0.0197991
4.64994	0.504364	0.249568	0.20584	0.0336329	0.0202869
4.89511	0.455717	0.281551	0.214358	0.0334685	0.0205138
4.82838	0.494259	0.270351	0.203152	0.0335076	0.0204286
4.84628	0.470625	0.266101	0.213862	0.0335457	0.0204936
5.00567	0.442101	0.275846	0.214795	0.0326887	0.0200933
4.75183	0.475144	0.248029	0.205807	0.0327083	0.0198455
5.10732	0.496829	0.270185	0.224706	0.0343607	0.020747
4.59532	0.49133	0.257601	0.208587	0.033727	0.0203854
5.04884	0.527121	0.236188	0.217577	0.0330243	0.0197817
4.91514	0.50904	0.2419	0.223598	0.0334935	0.0201341
4.89196	0.538176	0.243617	0.211159	0.0332758	0.0198133
5.1457	0.507018	0.255048	0.234585	0.0340868	0.0205831
4.92601	0.484163	0.260817	0.218539	0.0338847	0.0206824
4.85718	0.518859	0.255459	0.209347	0.0337655	0.0202784
5.12196	0.555871	0.222446	0.214496	0.032796	0.0193704
4.83836	0.518084	0.238572	0.205186	0.0327831	0.019567
4.83141	0.500401	0.273971	0.199089	0.0335512	0.0204327
5.00199	0.485842	0.255861	0.21669	0.0336791	0.0206338
5.21453	0.474314	0.2739	0.226986	0.0340016	0.0207237
5.04658	0.483023	0.278286	0.220556	0.0336322	0.0203965
5.30396	0.486247	0.248255	0.239581	0.0338624	0.0204194
4.89557	0.528786	0.252277	0.203847	0.0333732	0.0199718
5.28226	0.473579	0.240708	0.237495	0.0337829	0.020493
4.7204	0.448012	0.29636	0.19861	0.0345913	0.021664
4.90053	0.506016	0.241089	0.215757	0.032846	0.0196225
4.89856	0.5252	0.252393	0.208638	0.0337233	0.0202697
4.60703	0.488349	0.274255	0.198457	0.0328837	0.019964
4.64091	0.466448	0.261322	0.203815	0.0334161	0.0204721
4.65076	0.455245	0.245333	0.203724	0.0323997	0.0195813
5.0621	0.491745	0.253101	0.218199	0.0333837	0.0202825
5.04423	0.479075	0.260809	0.217713	0.0331426	0.0200775
4.82059	0.480817	0.272593	0.212423	0.0341343	0.0206904
5.03595	0.549824	0.229819	0.210652	0.0331622	0.0196193
5.25393	0.455235	0.277244	0.227729	0.0329388	0.0203059
4.60496	0.504008	0.221126	0.210778	0.0328162	0.01944
4.99667	0.473515	0.267802	0.222997	0.0346144	0.0212198
4.93528	0.466958	0.247975	0.219416	0.033197	0.0202036
5.24367	0.467572	0.273714	0.243536	0.0340625	0.0207164
4.81313	0.476714	0.268718	0.205818	0.0330452	0.0202444
5.11062	0.524898	0.255146	0.224831	0.0333842	0.0201265
4.76627	0.478858	0.283957	0.205827	0.0338915	0.0208528
4.73026	0.507346	0.240715	0.201094	0.0331889	0.0199832
5.10455	0.494615	0.249112	0.229646	0.0330734	0.019891
5.0485	0.536512	0.235582	0.207859	0.033407	0.0197683
5.00592	0.450361	0.281898	0.214999	0.0340711	0.0211738
4.49289	0.477567	0.276725	0.199242	0.0335678	0.0205254
4.92761	0.508923	0.256377	0.221618	0.0340536	0.02045
5.02676	0.529115	0.216192	0.230357	0.0335414	0.0197646
4.75718	0.56203	0.217438	0.218585	0.0321908	0.0188711
4.65843	0.534225	0.251067	0.198046	0.0333839	0.0201142
5.39556	0.517458	0.255189	0.230589	0.0339139	0.0205535
4.67593	0.524061	0.234141	0.204975	0.0326687	0.0195144
4.64359	0.479775	0.28977	0.192263	0.0337831	0.0208486
4.95025	0.5147	0.235399	0.221727	0.0330061	0.0197201
4.96497	0.501168	0.241283	0.22118	0.033057	0.019932
4.7202	0.52096	0.229215	0.208691	0.0331567	0.0197791
4.84582	0.553374	0.258038	0.210231	0.0349104	0.0208014
5.05846	0.479132	0.260641	0.213309	0.0336574	0.0204993
4.77287	0.462584	0.259493	0.216414	0.0336646	0.0206204
4.87871	0.477148	0.250526	0.216517	0.0331314	0.0200536
5.5451	0.525531	0.247252	0.245934	0.0345409	0.0208149
4.81912	0.469022	0.275824	0.21427	0.0335297	0.0206274
4.94602	0.529766	0.235643	0.20968	0.0335653	0.0201963
5.10362	0.476577	0.255284	0.233475	0.0336298	0.0204476
5.15049	0.539273	0.262595	0.214307	0.0330374	0.0196357
5.00159	0.485416	0.245568	0.218288	0.0333951	0.0201622
4.95104	0.541178	0.245276	0.215808	0.0338081	0.0202068
4.43162	0.496156	0.234646	0.193816	0.0323369	0.0194623
4.93262	0.488174	0.260694	0.21518	0.0336676	0.0205447
4.96217	0.500934	0.275835	0.208313	0.0342635	0.0208813
5.10243	0.513962	0.252672	0.223435	0.0335794	0.0202816
4.68726	0.517153	0.24461	0.194466	0.0329116	0.0198193
4.96222	0.527556	0.205545	0.219075	0.0323521	0.019097
5.07892	0.509068	0.259665	0.214095	0.0333942	0.0202853
4.6653	0.478098	0.257333	0.204507	0.0331589	0.020136
5.03587	0.5178	0.240886	0.224483	0.0344019	0.0206076
5.15404	0.478559	0.261818	0.217927	0.0331731	0.0202876
5.19407	0.468837	0.259853	0.225141	0.0330378	0.0200833
4.81894	0.542558	0.232392	0.201576	0.0327543	0.019259
5.39849	0.460936	0.25588	0.256727	0.0331935	0.0201934
5.16726	0.519199	0.247807	0.228713	0.0336319	0.0201262
4.81969	0.475214	0.249124	0.212903	0.0334087	0.0201984
4.93355	0.534265	0.208599	0.205819	0.0313521	0.0184728
4.57746	0.460103	0.273454	0.20717	0.033089	0.0201299
4.83845	0.487907	0.260154	0.217344	0.0335563	0.0202747
4.7244	0.532671	0.242665	0.212103	0.0333705	0.0198993
4.70927	0.52347	0.250994	0.202604	0.0334568	0.0200597
5.06005	0.491321	0.240504	0.213577	0.0324665	0.019567
5.28658	0.508234	0.249521	0.224684	0.0336717	0.0201311
4.815	0.518693	0.229669	0.204256	0.0326435	0.019442
5.29016	0.483732	0.245045	0.237186	0.0333621	0.0202505
4.7169	0.459341	0.261323	0.20521	0.0329007	0.0201761
5.17289	0.496745	0.254155	0.22161	0.0334543	0.020314
4.62739	0.503684	0.243428	0.198923	0.0324835	0.0194066
4.99171	0.505867	0.246224	0.20469	0.0329071	0.0197701
4.73438	0.533717	0.250128	0.196883	0.0331153	0.0198669
4.88434	0.520396	0.216746	0.212943	0.0325907	0.0193156
5.32068	0.534456	0.211051	0.245265	0.0324085	0.0189085
4.6964	0.542467	0.229861	0.1975	0.0334058	0.0200019
5.24868	0.523238	0.224044	0.218743	0.0326997	0.0194688
5.16477	0.429382	0.29145	0.228891	0.0330481	0.0206611
4.73974	0.542822	0.225775	0.202094	0.0331211	0.0195821
4.79347	0.509932	0.237258	0.209997	0.0328644	0.0196887
4.95011	0.540625	0.244401	0.204342	0.0329522	0.0197712
4.83369	0.493565	0.261341	0.206337	0.0326561	0.0196929
4.97928	0.569367	0.185052	0.21461	0.0320543	0.0184871
5.03916	0.488246	0.264671	0.215092	0.0334945	0.0205096
5.09026	0.499104	0.262943	0.218061	0.0334709	0.0202286
5.29879	0.498049	0.228868	0.238698	0.032781	0.0195436
5.07742	0.540712	0.226073	0.205245	0.0330047	0.0195977
4.9932	0.504685	0.264265	0.211042	0.033287	0.0200585
5.28852	0.573584	0.213468	0.235451	0.0331155	0.0194768
4.84218	0.49426	0.271663	0.203594	0.0342863	0.0208625
4.61286	0.551908	0.219625	0.200722	0.0324667	0.0191118
4.59722	0.469538	0.272943	0.201608	0.0333346	0.0202319
5.14338	0.557918	0.219428	0.22452	0.0333465	0.0198245
5.04803	0.501721	0.248797	0.21671	0.0333755	0.0200829
4.93151	0.545148	0.25716	0.220765	0.033796	0.0202335
4.72595	0.429217	0.285757	0.20922	0.0332447	0.0207289
5.13803	0.549958	0.251653	0.219348	0.0339637	0.0202064
4.48243	0.479507	0.272581	0.202987	0.0336132	0.0204403
4.65968	0.454362	0.276981	0.197926	0.0332386	0.020481
4.95734	0.50872	0.242597	0.213671	0.0335061	0.0202565
4.98675	0.476826	0.26099	0.209051	0.0334109	0.0203266
4.94116	0.430364	0.287043	0.202027	0.0326246	0.0203198
5.5318	0.437247	0.300299	0.233038	0.0341973	0.0213008
4.8417	0.489335	0.265046	0.20328	0.0335655	0.0203603
5.00996	0.525845	0.257645	0.211196	0.0338121	0.0203509
5.01972	0.520772	0.234079	0.220024	0.0327692	0.0194856
4.75147	0.4703	0.255891	0.2048	0.0322569	0.0195335
4.96946	0.499765	0.240777	0.223767	0.0330082	0.0197558
5.19009	0.565336	0.203073	0.228606	0.0323071	0.0187873
5.00823	0.502605	0.269545	0.212395	0.0347395	0.0211789
5.04047	0.528956	0.2745	0.216365	0.0346399	0.0209675
4.96628	0.500422	0.244028	0.219743	0.0336731	0.0202901
4.53361	0.517971	0.237697	0.199248	0.032777	0.0196803
5.31381	0.575262	0.236215	0.221205	0.0342267	0.0203133
4.53096	0.481712	0.245302	0.200899	0.0330348	0.0200235
5.19906	0.462889	0.266344	0.231936	0.0332361	0.0205001
5.22671	0.531029	0.219928	0.230322	0.0329937	0.0194813
4.88835	0.529186	0.180862	0.236163	0.0323399	0.0186265
4.76225	0.435126	0.285869	0.20716	0.0324537	0.0203135
5.06166	0.450175	0.256876	0.222883	0.0321186	0.0197506
5.07503	0.479892	0.280556	0.214068	0.0334849	0.0203728
4.7868	0.489013	0.240834	0.220073	0.0335511	0.0200907
5.17888	0.46791	0.276495	0.225357	0.0338901	0.0208512
4.55323	0.518962	0.266013	0.183397	0.0334698	0.0203073
4.84388	0.508184	0.219567	0.212462	0.0320047	0.0190646
5.25823	0.470761	0.240576	0.242133	0.0328977	0.0201397
5.07047	0.537644	0.243438	0.22096	0.0338136	0.0201477
5.26936	0.535871	0.214405	0.221959	0.0323945	0.0189621
4.8644	0.491521	0.237836	0.212457	0.0329042	0.0197773
4.70319	0.544898	0.233582	0.198146	0.0334546	0.0198998
4.67351	0.526062	0.251865	0.201571	0.033285	0.0199605
5.09024	0.53475	0.266008	0.216565	0.0338695	0.0203308
4.96132	0.451642	0.299707	0.21069	0.0341193	0.0210968
5.24104	0.441813	0.287224	0.233387	0.0335517	0.0206978
4.7451	0.421326	0.271248	0.202918	0.0326356	0.0201367
5.24268	0.526935	0.232553	0.231214	0.0330277	0.0197331
5.50579	0.496111	0.242377	0.251878	0.0334045	0.0201507
5.20114	0.497943	0.250839	0.230807	0.0339928	0.0206223
4.62609	0.459209	0.268265	0.203094	0.0330793	0.0202114
4.88534	0.532345	0.251261	0.213543	0.0335591	0.0201616
4.86159	0.516319	0.228199	0.217368	0.0334409	0.0197561
5.1046	0.520584	0.235119	0.229967	0.0331346	0.0198137
4.89345	0.47457	0.300369	0.204719	0.0349088	0.0214005
4.73027	0.543011	0.215449	0.209365	0.0320713	0.0187957
4.9498	0.508489	0.233558	0.227373	0.0337123	0.0202606
5.05045	0.451612	0.265276	0.22072	0.0326806	0.0198872
4.55713	0.510776	0.264038	0.195774	0.0339602	0.0204502
4.76134	0.563349	0.247803	0.19524	0.034123	0.0202439
4.85014	0.467149	0.283098	0.207014	0.0334793	0.0207023
5.26811	0.430573	0.288355	0.227598	0.0345553	0.0214234
5.14841	0.512057	0.243644	0.233978	0.0329601	0.0197104
5.01982	0.485001	0.24605	0.216224	0.032593	0.0197439
5.09051	0.464211	0.290757	0.23157	0.0342342	0.0209168
4.9718	0.522183	0.242517	0.207099	0.031764	0.0189152
5.20459	0.47933	0.23259	0.240678	0.0319993	0.0191853
5.40306	0.507357	0.280221	0.239179	0.0349616	0.0213042
5.04332	0.457075	0.272074	0.22828	0.0333108	0.0205445
5.3248	0.505105	0.273201	0.228937	0.0337389	0.0205894
5.13867	0.462965	0.306812	0.220956	0.0343077	0.0212538
5.13234	0.518204	0.236931	0.232224	0.033695	0.0202121
5.04238	0.482371	0.26608	0.217012	0.0334975	0.0203278
5.06925	0.514743	0.235029	0.235577	0.033052	0.0195914
4.8337	0.454431	0.259405	0.21178	0.0327284	0.0199759
4.9573	0.535759	0.246446	0.213552	0.0341342	0.020264
5.13225	0.48351	0.24676	0.238542	0.0341292	0.0208206
5.19294	0.539872	0.227647	0.215042	0.0331206	0.019721
4.67607	0.490825	0.247682	0.202169	0.0329244	0.0197605
5.06101	0.520074	0.254807	0.211317	0.0336713	0.02043
4.87911	0.485862	0.246265	0.20938	0.0331403	0.0201763
4.70816	0.55365	0.247023	0.200216	0.0331978	0.0196894
4.83696	0.497512	0.261877	0.212438	0.0337254	0.0203684
5.07373	0.455501	0.285377	0.228028	0.0341065	0.0210773
4.43071	0.496812	0.264782	0.186052	0.0330501	0.0202787
5.59229	0.498179	0.246827	0.248767	0.0329118	0.0197997
4.86524	0.518161	0.254003	0.214246	0.0337693	0.020485
4.98725	0.440575	0.271575	0.230787	0.0333517	0.020715
5.05422	0.497058	0.249133	0.231613	0.0341302	0.0204759
4.8226	0.510182	0.248462	0.210678	0.0335557	0.0200651
4.84377	0.45675	0.283614	0.203579	0.0335182	0.0206976
5.17151	0.483632	0.255648	0.222353	0.0323868	0.0197386
4.701	0.513268	0.230614	0.197284	0.0325656	0.0192009
5.10724	0.501439	0.239347	0.221078	0.0332283	0.0200917
5.25577	0.509385	0.232212	0.22491	0.0336168	0.0201556
4.61587	0.450981	0.267767	0.198768	0.0328757	0.0204164
4.89794	0.456668	0.233074	0.21562	0.0318393	0.0191357
4.8878	0.463508	0.263226	0.212723	0.0332258	0.0205833
5.06555	0.500666	0.249469	0.211329	0.032641	0.0197007
5.37509	0.508027	0.264218	0.23217	0.0343911	0.0208644
4.66518	0.510031	0.2647	0.203361	0.03359	0.0202924
4.74381	0.483945	0.262821	0.208708	0.0338227	0.020511
4.99297	0.500977	0.250304	0.208104	0.0335314	0.020352
5.19014	0.468393	0.240883	0.245767	0.0336345	0.0201702
4.79437	0.485005	0.263603	0.209903	0.0335168	0.0202772
4.99821	0.503555	0.234348	0.218227	0.0332911	0.019986
4.55149	0.569678	0.215165	0.197438	0.0322603	0.0187526
5.35192	0.482014	0.252153	0.243991	0.0332466	0.0201318
5.08631	0.491751	0.247663	0.221067	0.0337219	0.0203972
4.99371	0.535805	0.234328	0.215738	0.0334217	0.0197537
5.05141	0.515168	0.275388	0.209879	0.034345	0.0208696
5.00297	0.5694	0.226368	0.202453	0.0324555	0.0190986
5.28532	0.509129	0.278118	0.241323	0.0345941	0.0210191
5.28457	0.551431	0.251642	0.214608	0.0331212	0.0197807
4.98514	0.498913	0.255679	0.214637	0.033346	0.0202136
5.19751	0.479527	0.285294	0.22121	0.0339954	0.0207675
4.78589	0.5121	0.250596	0.210679	0.033688	0.0201496
5.01985	0.510646	0.260648	0.225635	0.0339861	0.02054
4.69634	0.492077	0.252626	0.200479	0.0328718	0.020056
5.1873	0.520327	0.241072	0.231729	0.0333819	0.020203
5.03671	0.508251	0.262372	0.214144	0.0329907	0.0198062
4.62004	0.559578	0.216491	0.20931	0.0327711	0.0190915
5.24365	0.518957	0.232901	0.230663	0.0328238	0.0194747
5.10811	0.496852	0.266997	0.213278	0.0334086	0.0201653
4.95823	0.519866	0.234029	0.21583	0.0331711	0.0199305
5.0054	0.539749	0.239477	0.205979	0.0331191	0.0197108
4.73466	0.472901	0.276702	0.19746	0.0335807	0.0207278
5.42822	0.44394	0.270321	0.244749	0.0329427	0.0202855
4.729	0.507308	0.231482	0.215045	0.0329194	0.0194633
4.94884	0.52076	0.237136	0.216882	0.0328259	0.0195581
4.93331	0.492044	0.243319	0.211959	0.0327286	0.0198233
5.02718	0.509064	0.242793	0.221512	0.033578	0.0201688
4.86845	0.491859	0.250112	0.207037	0.0333812	0.0202795
4.94287	0.490266	0.250221	0.225045	0.0337563	0.0203662
4.75866	0.531569	0.248433	0.20399	0.0330449	0.0197925
4.75005	0.476742	0.266118	0.203471	0.0331378	0.020236
5.1015	0.548796	0.235411	0.22637	0.0333257	0.0196231
5.11314	0.460969	0.274227	0.221481	0.0328384	0.0201625
4.99221	0.468515	0.250954	0.22313	0.0332373	0.0201536
4.85056	0.44092	0.252766	0.208326	0.0320855	0.0197465
4.79704	0.506304	0.26262	0.213633	0.033176	0.0199666
4.73526	0.447033	0.260564	0.215077	0.0329811	0.0202509
5.09289	0.502503	0.240843	0.231155	0.0324332	0.0193508
4.56415	0.609245	0.201315	0.19437	0.032265	0.0185022
4.68726	0.50861	0.234688	0.197075	0.0327016	0.0194759
5.20138	0.460654	0.278922	0.220676	0.0337813	0.0207914
5.04609	0.571329	0.23184	0.218447	0.0336745	0.019876
5.11599	0.547947	0.22033	0.233209	0.0330355	0.0193798
4.66352	0.506894	0.249783	0.199086	0.0336606	0.0202879
5.34018	0.489401	0.267644	0.233916	0.0336655	0.0204943
5.09407	0.541868	0.225825	0.224643	0.033246	0.0197264
5.47962	0.54883	0.213143	0.250922	0.0331463	0.0194384
4.93133	0.429926	0.295887	0.215489	0.0341734	0.0212726
4.97975	0.492569	0.251399	0.215051	0.0324706	0.0195847
4.92288	0.551512	0.217949	0.222144	0.0330282	0.0193381
5.0486	0.486531	0.277468	0.224619	0.0341002	0.0207741
4.93867	0.455591	0.272472	0.210163	0.034036	0.021007
5.07631	0.516719	0.252478	0.217714	0.0331933	0.0199755
5.34212	0.470835	0.271188	0.235442	0.0339804	0.0208977
5.00172	0.47574	0.261808	0.223637	0.0337707	0.0205337
5.11699	0.558173	0.213869	0.208236	0.0320454	0.018744
4.92168	0.490922	0.262959	0.216218	0.0335833	0.0204124
5.05065	0.521003	0.241044	0.214686	0.0333486	0.0199124
4.98429	0.50193	0.245076	0.222129	0.033435	0.0200132
4.95287	0.457039	0.252484	0.21952	0.0322084	0.0195771
5.01423	0.526465	0.223213	0.23099	0.0328338	0.0193947
4.70885	0.514603	0.260084	0.2043	0.0339485	0.0203929
4.97969	0.486456	0.251985	0.218866	0.0331222	0.0200885
4.96015	0.492504	0.253997	0.212163	0.0332802	0.0200196
5.23589	0.523184	0.253606	0.228672	0.0331213	0.0199996
5.21843	0.523766	0.23832	0.216709	0.0328621	0.0198519
4.86708	0.613158	0.213356	0.207715	0.0326672	0.0185742
5.02858	0.547592	0.250313	0.210508	0.033302	0.0198144
4.94429	0.504252	0.260872	0.207543	0.034216	0.0208307
5.12371	0.495139	0.264897	0.218835	0.0334665	0.0202615
5.10818	0.561939	0.233419	0.216152	0.0320906	0.0190023
5.13681	0.524248	0.273663	0.214232	0.0343436	0.0209203
5.06681	0.468198	0.270081	0.226471	0.0334087	0.0205009
4.74033	0.426683	0.273314	0.211243	0.0327682	0.0204514
4.72184	0.529338	0.22909	0.212557	0.0327413	0.0194556
4.98619	0.483176	0.266833	0.213829	0.0331699	0.0200334
4.72985	0.491135	0.244456	0.210311	0.0341474	0.0205223
4.8161	0.533821	0.227881	0.214344	0.0330652	0.0198004
4.67659	0.46559	0.249367	0.211467	0.0328519	0.0199759
4.98183	0.504294	0.26897	0.223207	0.0338144	0.0207051
4.77514	0.535898	0.206748	0.206317	0.0326498	0.0190213
4.81821	0.532339	0.224881	0.215956	0.0333115	0.0196338
4.84177	0.503518	0.250176	0.202424	0.0331211	0.0195867
5.02059	0.470881	0.256799	0.212517	0.0331784	0.0202516
5.19265	0.487385	0.244143	0.229118	0.0339519	0.0204874
4.86407	0.480287	0.256862	0.218597	0.0328896	0.0198281
4.88164	0.481699	0.272626	0.198827	0.0328927	0.0202406
5.32966	0.460692	0.270185	0.246196	0.0342307	0.0210511
4.93514	0.429864	0.271656	0.210348	0.0330894	0.0205607
4.89319	0.431837	0.269569	0.211221	0.0327196	0.0202508
4.97422	0.513396	0.246148	0.216385	0.0329296	0.0197514
4.91054	0.523228	0.267849	0.204516	0.0336976	0.0203598
5.21187	0.495828	0.252926	0.236977	0.0337284	0.0203888
4.82816	0.472456	0.24543	0.20422	0.0331295	0.0200256
4.62655	0.510066	0.254538	0.201088	0.0333432	0.0201463
5.03522	0.527334	0.244889	0.216612	0.0334592	0.0199875
4.81116	0.508866	0.240073	0.204527	0.0328361	0.0198158
5.17982	0.525157	0.248564	0.219586	0.0331323	0.0198571
4.86385	0.50212	0.254695	0.207705	0.0330289	0.0198111
5.22513	0.511448	0.241087	0.225864	0.0326967	0.0196034
4.39274	0.474586	0.254034	0.184817	0.0324717	0.0196047
5.07533	0.534166	0.245619	0.221231	0.0340985	0.0204355
5.12871	0.510195	0.255028	0.222756	0.0329718	0.019838
4.96515	0.509304	0.236289	0.217626	0.0325136	0.0194936
4.91969	0.531802	0.252529	0.209375	0.0337981	0.0204138
4.96623	0.462312	0.298486	0.21495	0.0347179	0.0214636
4.87711	0.473992	0.267725	0.214785	0.0338559	0.0208105
5.07218	0.526976	0.239556	0.211241	0.0329255	0.0196844
4.75118	0.456399	0.280563	0.20074	0.0333374	0.020482
4.91111	0.496638	0.253964	0.211582	0.0331931	0.0199285
4.80169	0.577161	0.19654	0.220895	0.0333492	0.0190696
5.25311	0.484483	0.255786	0.240517	0.0337999	0.0205346
4.85033	0.529433	0.244902	0.22195	0.0337595	0.020275
4.55635	0.47333	0.277159	0.194648	0.033217	0.0201993
5.40656	0.555805	0.255517	0.237194	0.0335551	0.019908
5.34404	0.517476	0.243309	0.222066	0.0332346	0.0199592
4.97061	0.459389	0.263775	0.212656	0.0337486	0.020755
4.59474	0.447226	0.298147	0.190937	0.0333791	0.0208494
4.63809	0.5614	0.237747	0.198643	0.0334364	0.0198934
5.15146	0.467655	0.284729	0.217075	0.0341886	0.0210978
5.10206	0.457921	0.265754	0.224656	0.033898	0.0208389
4.58684	0.481047	0.226954	0.217336	0.0328723	0.0196603
5.1748	0.547877	0.23646	0.222136	0.0343728	0.0204446
4.72125	0.492603	0.258219	0.205274	0.0337315	0.0203408
5.06099	0.455738	0.274376	0.224945	0.0338158	0.0209295
4.85331	0.492358	0.259242	0.204032	0.033608	0.0203655
4.72173	0.576123	0.226488	0.21426	0.0332751	0.0194857
4.79496	0.42975	0.274315	0.219627	0.0331982	0.0207058
4.85954	0.463598	0.250645	0.210656	0.0331913	0.0203511
5.01984	0.497365	0.26127	0.219862	0.0334557	0.020305
5.04662	0.531467	0.258935	0.208448	0.0345508	0.0207666
4.85198	0.589788	0.219612	0.211162	0.0332957	0.0192625
4.8269	0.518708	0.24757	0.204033	0.032756	0.0195955
5.23899	0.562104	0.225022	0.223761	0.0327941	0.0191534
4.76755	0.512905	0.219947	0.215915	0.032437	0.0191518
5.0948	0.491537	0.258361	0.228118	0.0335034	0.0201694
4.64481	0.510665	0.266993	0.197124	0.0328221	0.0198777
5.2858	0.498911	0.266178	0.219833	0.0331349	0.0200154
5.02652	0.462896	0.25669	0.215948	0.032634	0.0200665
4.65046	0.451697	0.272803	0.205252	0.0338392	0.0208105
5.10973	0.45432	0.29233	0.233201	0.0346643	0.0213336
4.83904	0.511928	0.264026	0.200901	0.0334983	0.0202138
5.07525	0.525228	0.228141	0.227203	0.0329866	0.019456
5.05766	0.486873	0.240794	0.213179	0.0326679	0.0197247
5.00864	0.514046	0.262343	0.213498	0.0332986	0.0200945
4.97689	0.503916	0.233722	0.206138	0.0332732	0.0201967
5.40092	0.439589	0.288027	0.228875	0.0345095	0.0216051
4.66756	0.467564	0.268163	0.194118	0.0323857	0.0197653
4.99809	0.474273	0.267161	0.206159	0.0329788	0.0201339
4.90496	0.454829	0.263112	0.208282	0.0331815	0.0201981
4.78701	0.456044	0.276655	0.210893	0.0336504	0.0205608
5.14036	0.554146	0.241193	0.2247	0.0332059	0.0197418
4.65705	0.506911	0.262738	0.205726	0.0340848	0.0206203
5.04317	0.467827	0.266303	0.227186	0.0333431	0.0202212
5.12989	0.442796	0.285879	0.230629	0.0337916	0.0209984
5.05054	0.521846	0.230639	0.228164	0.0331707	0.0196079
4.88078	0.500127	0.248382	0.213425	0.0336624	0.0203361
4.97418	0.481947	0.24379	0.21513	0.0326922	0.0197953
4.64851	0.435186	0.258307	0.198569	0.0326231	0.0200956
4.79758	0.490411	0.258443	0.209307	0.0332489	0.0201165
4.89693	0.46917	0.272965	0.216865	0.03399	0.020909
4.93186	0.43334	0.260176	0.219155	0.0323853	0.0198397
4.92151	0.477338	0.274578	0.210804	0.0334412	0.0204302
4.97775	0.54698	0.239175	0.219442	0.0324097	0.018995
5.22703	0.445538	0.273567	0.22994	0.033696	0.020723
4.91551	0.489384	0.246643	0.218509	0.0331422	0.0199268
5.03887	0.508454	0.233642	0.210866	0.031845	0.0190531
4.99719	0.477514	0.269886	0.218514	0.032654	0.0198047
5.06491	0.554147	0.205301	0.217748	0.0318514	0.0183891
4.9708	0.495271	0.247693	0.21592	0.0320754	0.0190924
4.61397	0.513862	0.246302	0.205392	0.0326529	0.0195744
5.01903	0.506633	0.261029	0.215076	0.0337419	0.0202227
4.84561	0.431923	0.312205	0.207678	0.0348263	0.0216308
4.77879	0.46446	0.234257	0.217765	0.0328143	0.0197185
4.62336	0.490774	0.260902	0.207062	0.0337488	0.0203541
5.07615	0.384206	0.295099	0.240392	0.0343442	0.0217161
4.7213	0.470214	0.255763	0.216336	0.0336909	0.0204697
5.08864	0.484891	0.268572	0.233246	0.0335718	0.0202961
4.66069	0.5026	0.225633	0.211034	0.0326943	0.0195141
4.64737	0.49492	0.251016	0.211349	0.0329501	0.0197403
5.09452	0.450493	0.280697	0.224942	0.034494	0.0212555
4.6449	0.497488	0.218908	0.204131	0.0324695	0.0192856
5.00366	0.480301	0.269067	0.224397	0.0340889	0.0208459
5.11501	0.491041	0.236103	0.224901	0.0328597	0.019851
5.16097	0.521221	0.254505	0.219996	0.0333941	0.0199879
5.04687	0.42905	0.274785	0.231381	0.0334321	0.0207061
4.64543	0.548844	0.212542	0.199413	0.0322322	0.0187068
4.93665	0.531283	0.238072	0.212295	0.0330608	0.0197852
5.03066	0.477613	0.251817	0.2251	0.0330335	0.0201823
5.07903	0.567718	0.228307	0.219482	0.0330345	0.0192937
4.74965	0.534512	0.220032	0.203402	0.0320053	0.0190175
4.60545	0.405977	0.281506	0.205746	0.0333768	0.0208993
4.69584	0.504799	0.268021	0.198029	0.0335325	0.020481
4.74496	0.533812	0.245893	0.21154	0.0340826	0.0203563
4.90756	0.502256	0.266572	0.209442	0.0343246	0.020905
4.69118	0.482168	0.250581	0.204146	0.0323364	0.0195089
4.95835	0.50079	0.260139	0.209017	0.0335706	0.0205156
5.11808	0.499531	0.249344	0.22739	0.0335592	0.0201799
5.05196	0.569568	0.238958	0.216451	0.0337281	0.0198339
5.30861	0.481921	0.268023	0.23131	0.033957	0.0207569
5.22614	0.506621	0.267181	0.228495	0.0341662	0.0207336
4.87525	0.511727	0.265353	0.205433	0.0334075	0.0202267
4.78826	0.46862	0.265804	0.202597	0.032721	0.0199804
5.14987	0.459042	0.261818	0.218761	0.0329612	0.0204594
5.12778	0.460773	0.260869	0.221612	0.0332496	0.0203673
5.03046	0.462157	0.257686	0.218188	0.0322556	0.0195778
4.68675	0.461071	0.266309	0.216969	0.0335645	0.0206409
5.42965	0.540074	0.232761	0.229052	0.0327569	0.01948
5.16407	0.513511	0.244811	0.221334	0.0332999	0.0198849
5.07419	0.448031	0.292297	0.218879	0.0333554	0.020492
4.74456	0.549161	0.226826	0.202196	0.0320529	0.0189894
5.22952	0.512584	0.24745	0.228906	0.0333195	0.0201811
4.87972	0.5338	0.215702	0.212584	0.0324619	0.0191032
4.88999	0.538258	0.239906	0.218091	0.0343526	0.0205066
4.98131	0.480931	0.241775	0.216921	0.0333407	0.0202408
4.84305	0.488413	0.241345	0.19634	0.0321736	0.0194281
4.98566	0.527847	0.242936	0.214874	0.0330401	0.0196762
4.83178	0.51321	0.25395	0.198968	0.0336433	0.0203641
5.03521	0.511145	0.260036	0.230313	0.0344387	0.0206342
5.08091	0.464375	0.270879	0.226487	0.0337445	0.0206287
4.97585	0.521419	0.239381	0.216732	0.0327919	0.019601
5.54537	0.53018	0.242348	0.237396	0.0340915	0.0204319
4.87439	0.515645	0.255129	0.204202	0.0334658	0.0202197
5.14142	0.510095	0.272028	0.212959	0.033205	0.0199327
4.71554	0.511078	0.230367	0.199416	0.0317749	0.0189061
5.62336	0.492491	0.262942	0.236681	0.0339777	0.0204832
5.15516	0.463474	0.270338	0.226757	0.0337326	0.0209012
4.86928	0.52952	0.241435	0.225357	0.0334831	0.0199228
4.73024	0.519341	0.257383	0.195418	0.033288	0.0200566
4.90663	0.4885	0.252616	0.224163	0.0331209	0.0199874
4.91907	0.442572	0.278615	0.222184	0.0338337	0.0208373
4.94402	0.596261	0.206977	0.215245	0.032252	0.0185606
4.94946	0.508989	0.230383	0.223132	0.0324138	0.0190836
4.81907	0.525807	0.229937	0.207331	0.0319325	0.0188093
4.71177	0.432609	0.281805	0.216775	0.0342577	0.0212087
4.80448	0.475269	0.258463	0.199441	0.0320104	0.0194239
5.05865	0.499866	0.232105	0.220134	0.0322967	0.0194932
5.19743	0.512149	0.255784	0.216373	0.033305	0.0202458
4.93752	0.508578	0.259853	0.218091	0.0337617	0.0204086
4.61287	0.485102	0.265933	0.191023	0.0317987	0.01938
4.93265	0.497956	0.275766	0.209648	0.033656	0.0205816
4.99891	0.543534	0.236811	0.210638	0.0332594	0.0197987
4.9937	0.493439	0.250419	0.212673	0.0327886	0.0195724
5.07239	0.494599	0.263861	0.228833	0.0335841	0.0204421
4.87467	0.500912	0.245247	0.208991	0.0321569	0.0192965
5.15458	0.492337	0.238463	0.229279	0.0337234	0.0202177
5.13408	0.463418	0.276555	0.213571	0.0335092	0.0205926
4.87347	0.480408	0.276264	0.210315	0.0335576	0.0205828
5.07245	0.522888	0.248085	0.225164	0.0335618	0.0201403
4.8018	0.591998	0.192145	0.21898	0.0327114	0.0186626
4.82981	0.465052	0.285486	0.201901	0.033532	0.0207441
4.86684	0.475767	0.238326	0.212283	0.0326663	0.0195933
5.1359	0.458481	0.295183	0.217743	0.0328659	0.0202473
4.98849	0.506392	0.264152	0.209912	0.0330542	0.0200568
5.20077	0.473747	0.269865	0.223417	0.0327207	0.0199168
4.90946	0.490495	0.242576	0.215883	0.0328417	0.0197063
5.32237	0.525657	0.21755	0.235895	0.0321261	0.0190716
4.70965	0.560879	0.213668	0.204834	0.032494	0.0189728
5.23447	0.51048	0.262933	0.226065	0.0331497	0.0199191
4.80996	0.474122	0.262501	0.199511	0.0320885	0.0197108
4.99802	0.496811	0.246115	0.222737	0.033496	0.0201783
5.04559	0.531069	0.235874	0.212979	0.0330669	0.0198218
4.67255	0.43306	0.259642	0.216213	0.0332761	0.0202868
5.19956	0.501069	0.25755	0.226926	0.033919	0.0205078
5.01457	0.54489	0.221016	0.213233	0.0322795	0.0190363
5.05857	0.479816	0.283925	0.211892	0.033644	0.0205709
5.14734	0.531372	0.230172	0.220559	0.0324666	0.0192229
5.09468	0.523467	0.257637	0.226142	0.0339121	0.0205649
4.63355	0.497278	0.262701	0.204488	0.0331768	0.0201259
4.83432	0.47166	0.261327	0.213043	0.0330943	0.0201049
4.43557	0.511985	0.227286	0.195179	0.031675	0.0188774
5.04063	0.507886	0.258473	0.225868	0.0342521	0.0205156
5.31164	0.457106	0.282548	0.259848	0.0345248	0.0211018
5.11694	0.474138	0.25995	0.227671	0.0340862	0.0206362
5.02816	0.501762	0.267927	0.213252	0.0337147	0.0203366
4.69483	0.468131	0.267948	0.196296	0.0328138	0.0201282
5.09628	0.486968	0.245862	0.224399	0.0331046	0.0200428
5.09848	0.461892	0.30109	0.22252	0.0345763	0.02141
4.94079	0.432751	0.284968	0.227475	0.0334868	0.020817
4.65325	0.491681	0.251772	0.205597	0.0330439	0.019759
4.94158	0.518247	0.237773	0.210353	0.0330746	0.0199967
5.19109	0.510732	0.263828	0.208582	0.0331053	0.0199481
4.76057	0.453409	0.254806	0.204588	0.0336229	0.020556
4.88721	0.389645	0.297721	0.219109	0.033398	0.0210112
4.99882	0.524913	0.241525	0.217376	0.0335578	0.0201903
5.1134	0.502632	0.264287	0.234727	0.0341168	0.0205036
4.92832	0.505656	0.265288	0.21889	0.0341327	0.0207464
5.13361	0.519053	0.208911	0.230585	0.0318503	0.0187468
5.07388	0.5289	0.234835	0.220633	0.0336108	0.0201286
4.9561	0.470035	0.260035	0.219894	0.0341952	0.0207697
4.7643	0.540923	0.224283	0.20778	0.0329161	0.019398
5.00418	0.491952	0.250532	0.218655	0.0330465	0.0200884
5.17529	0.43209	0.273561	0.23218	0.0330363	0.0203531
4.97552	0.463327	0.261251	0.21925	0.0332787	0.0203684
4.9603	0.472639	0.265293	0.209354	0.0333104	0.0203733
4.74635	0.566692	0.218735	0.20237	0.0330554	0.0193303
4.80982	0.511425	0.250987	0.195241	0.0329964	0.0199722
5.05184	0.578559	0.216232	0.210022	0.0329946	0.0193486
4.85435	0.478302	0.233782	0.207701	0.0326011	0.0196688
5.3899	0.500424	0.236457	0.25522	0.0332706	0.0199263
4.79517	0.504516	0.251465	0.216778	0.0327835	0.0197005
4.9288	0.508666	0.239019	0.217732	0.0335543	0.0201921
5.07766	0.447446	0.270317	0.226692	0.0331394	0.0202545
4.7362	0.509485	0.277273	0.196891	0.0345772	0.0210861
5.67731	0.522776	0.263494	0.240349	0.0333774	0.0199161
5.38634	0.497129	0.273179	0.232583	0.0333369	0.0201672
4.68099	0.546131	0.225124	0.200928	0.0329456	0.0194376
4.93984	0.564974	0.202466	0.212092	0.0323246	0.0186968
5.03992	0.484533	0.263119	0.223204	0.0336735	0.0205049
4.51452	0.486922	0.246666	0.199689	0.0333782	0.0200684
5.09263	0.478363	0.258947	0.220369	0.0330426	0.0199024
4.81384	0.526566	0.225195	0.210065	0.0324756	0.0192427
5.25429	0.501187	0.243225	0.231708	0.0330953	0.0199246
4.76441	0.480511	0.277126	0.207783	0.0339506	0.0205619
4.82663	0.476424	0.281248	0.209523	0.0335605	0.0202979
4.94468	0.532529	0.237758	0.215631	0.033325	0.0197538
5.04016	0.517545	0.259841	0.212785	0.0332169	0.0200304
5.16059	0.461426	0.269855	0.22133	0.0332471	0.0205204
5.19854	0.478087	0.278501	0.227466	0.0339754	0.0207471
4.86561	0.532547	0.203605	0.226111	0.0322203	0.0188456
5.06281	0.465121	0.261102	0.230389	0.0338448	0.0205454
4.99173	0.524532	0.258203	0.216849	0.033664	0.0201175
4.76648	0.498103	0.249541	0.215675	0.0337231	0.0202782
5.07835	0.451527	0.267091	0.221526	0.033096	0.0202821
4.82791	0.544305	0.247266	0.210988	0.0340503	0.0203809
5.10513	0.481849	0.250586	0.231898	0.0341507	0.0206956
5.26607	0.502684	0.263877	0.217284	0.0329421	0.0199744
4.85554	0.487986	0.247624	0.224537	0.0334244	0.0201303
4.65384	0.500357	0.234314	0.197984	0.0330578	0.0198377
4.88166	0.486135	0.275238	0.205651	0.0337188	0.0203993
4.92196	0.550271	0.251502	0.209748	0.0337632	0.0204349
4.96646	0.460014	0.272541	0.20615	0.0342113	0.0210566
4.70893	0.50711	0.267374	0.203724	0.0338306	0.0205135
4.98054	0.555233	0.232025	0.223698	0.0340063	0.0199693
4.92814	0.460138	0.262182	0.218481	0.0335387	0.0205776
4.65867	0.499579	0.224945	0.202636	0.0315981	0.0187375
4.7719	0.52748	0.241674	0.201668	0.0327154	0.0194497
4.59226	0.499931	0.245679	0.198639	0.0336988	0.0205432
4.6865	0.516192	0.230111	0.199003	0.0330555	0.0197242
5.01809	0.517787	0.25131	0.214053	0.0338026	0.0201196
5.19874	0.426945	0.315159	0.22182	0.0337774	0.0209509
5.16897	0.51112	0.242964	0.233319	0.0341058	0.020465
4.87515	0.464975	0.285956	0.215087	0.0339154	0.0207728
4.64983	0.51163	0.250487	0.204878	0.0329869	0.0198104
4.95414	0.468798	0.256241	0.225476	0.0342568	0.020946
4.91667	0.540107	0.234054	0.214367	0.0331481	0.0196643
4.86829	0.453213	0.288347	0.204779	0.0335181	0.0207604
5.06468	0.512323	0.234559	0.222042	0.0333188	0.0198608
4.9728	0.467515	0.256953	0.231273	0.0329483	0.0199394
5.1227	0.532329	0.248482	0.220378	0.0331988	0.0198832
5.22765	0.532497	0.231993	0.237796	0.0330769	0.0197759
4.86774	0.471004	0.238001	0.224995	0.0321806	0.0193198
4.6345	0.529802	0.243954	0.193859	0.0336442	0.020194
4.82926	0.489308	0.274791	0.209311	0.033841	0.0206757
4.76832	0.460886	0.272497	0.209115	0.0331409	0.0203039
5.0197	0.482515	0.230712	0.210725	0.0319002	0.0191074
5.11249	0.508422	0.239127	0.21916	0.032967	0.0199312
5.25956	0.479056	0.269022	0.228057	0.0335968	0.0203915
4.88804	0.521315	0.222308	0.219786	0.0333119	0.0196357
4.96841	0.50266	0.227373	0.222549	0.0323498	0.0192035
5.20382	0.481008	0.251681	0.227746	0.0332472	0.0202313
4.90348	0.45586	0.253208	0.227506	0.0332465	0.0202183
5.12013	0.52606	0.230326	0.218045	0.0329639	0.0195213
4.94874	0.465506	0.26101	0.214377	0.0329977	0.0203393
4.83885	0.528829	0.214698	0.218222	0.0325468	0.019213
4.7375	0.474376	0.24595	0.211448	0.0330709	0.0199529
5.12532	0.482648	0.253747	0.229956	0.0335991	0.0202704
4.90878	0.502358	0.258354	0.208107	0.0328329	0.0197521
5.11599	0.477927	0.253281	0.228743	0.0337739	0.0204577
4.85795	0.460469	0.262721	0.221196	0.0332107	0.0202539
5.78184	0.48863	0.261123	0.256275	0.0341095	0.0205839
4.91731	0.507681	0.24545	0.220315	0.0332376	0.0198987
4.80526	0.423102	0.290689	0.213174	0.0339304	0.0211072
4.64355	0.545791	0.241422	0.200437	0.0330652	0.0195764
4.93616	0.551733	0.233578	0.213451	0.0338342	0.0200134
4.97135	0.451492	0.281754	0.21971	0.033907	0.0208935
5.40723	0.501572	0.248728	0.247347	0.0341812	0.0207476
5.05444	0.458789	0.28946	0.224868	0.0346645	0.0216315
4.92147	0.522723	0.247953	0.212751	0.0333942	0.0200409
