# HybridConf_140b_V68_Jul16Jul17.geo					
# Point neutron source					
# Total Events	25000				
# Code 	brikenV68				
# Date 	13Feb18				
# Calculations by A. Navarro/A. Tarifeño-Saldivia					
# Efficiency	(0,0,-10)	(0,0,0)	(0,0,10)		
# Average [1e-4, 1] MeV	70.25%	68.24%	70.37%		
# Average [1e-4, 5] MeV	62.81%	62.68%	62.76%		
# Average [1e-4, 10] MeV	54.10%	54.44%	54.08%		
#					
#X/cm	Y/cm	Z/cm	Energy/MeV	Efficiency	Std. Error
0	0	-10	0.000000001	0.5922	0.0049
0	0	-10	0.000000004	0.6104	0.0049
0	0	-10	0.000000007	0.619	0.005
0	0	-10	0.00000001	0.6263	0.005
0	0	-10	0.00000004	0.6557	0.0051
0	0	-10	0.00000007	0.6718	0.0052
0	0	-10	0.0000001	0.6866	0.0052
0	0	-10	0.0000004	0.7171	0.0054
0	0	-10	0.0000007	0.726	0.0054
0	0	-10	0.000001	0.7252	0.0054
0	0	-10	0.000004	0.7272	0.0054
0	0	-10	0.000007	0.7336	0.0054
0	0	-10	0.00001	0.7262	0.0054
0	0	-10	0.00004	0.7335	0.0054
0	0	-10	0.00007	0.7284	0.0054
0	0	-10	0.0001	0.7261	0.0054
0	0	-10	0.0004	0.7262	0.0054
0	0	-10	0.0007	0.7207	0.0054
0	0	-10	0.001	0.727	0.0054
0	0	-10	0.004	0.7203	0.0054
0	0	-10	0.007	0.7181	0.0054
0	0	-10	0.01	0.7156	0.0054
0	0	-10	0.04	0.7116	0.0053
0	0	-10	0.07	0.7048	0.0053
0	0	-10	0.1	0.7071	0.0053
0	0	-10	0.2	0.7007	0.0053
0	0	-10	0.3	0.699	0.0053
0	0	-10	0.4	0.6944	0.0053
0	0	-10	0.5	0.6937	0.0053
0	0	-10	0.6	0.6819	0.0052
0	0	-10	0.7	0.6801	0.0052
0	0	-10	0.8	0.6758	0.0052
0	0	-10	0.9	0.6763	0.0052
0	0	-10	1	0.6677	0.0052
0	0	-10	1.1	0.6683	0.0052
0	0	-10	1.2	0.6588	0.0051
0	0	-10	1.3	0.6579	0.0051
0	0	-10	1.4	0.6522	0.0051
0	0	-10	1.5	0.6502	0.0051
0	0	-10	1.6	0.6383	0.0051
0	0	-10	1.7	0.6352	0.005
0	0	-10	1.8	0.636	0.005
0	0	-10	1.9	0.6364	0.005
0	0	-10	2	0.6304	0.005
0	0	-10	2.1	0.6254	0.005
0	0	-10	2.2	0.6146	0.005
0	0	-10	2.3	0.616	0.005
0	0	-10	2.4	0.6118	0.0049
0	0	-10	2.5	0.6074	0.0049
0	0	-10	2.6	0.604	0.0049
0	0	-10	2.7	0.6003	0.0049
0	0	-10	2.8	0.6038	0.0049
0	0	-10	2.9	0.5982	0.0049
0	0	-10	3	0.5876	0.0048
0	0	-10	3.1	0.5887	0.0049
0	0	-10	3.2	0.5878	0.0048
0	0	-10	3.3	0.592	0.0049
0	0	-10	3.4	0.5896	0.0049
0	0	-10	3.5	0.5872	0.0048
0	0	-10	3.6	0.5825	0.0048
0	0	-10	3.7	0.5788	0.0048
0	0	-10	3.8	0.5806	0.0048
0	0	-10	3.9	0.5677	0.0048
0	0	-10	4	0.5626	0.0047
0	0	-10	4.1	0.5628	0.0047
0	0	-10	4.2	0.5552	0.0047
0	0	-10	4.3	0.5493	0.0047
0	0	-10	4.4	0.539	0.0046
0	0	-10	4.5	0.5381	0.0046
0	0	-10	4.6	0.5329	0.0046
0	0	-10	4.7	0.5263	0.0046
0	0	-10	4.8	0.5204	0.0046
0	0	-10	4.9	0.5208	0.0046
0	0	-10	5	0.5164	0.0045
0	0	-10	5.1	0.505	0.0045
0	0	-10	5.2	0.5043	0.0045
0	0	-10	5.3	0.5056	0.0045
0	0	-10	5.4	0.5011	0.0045
0	0	-10	5.5	0.4996	0.0045
0	0	-10	5.6	0.5006	0.0045
0	0	-10	5.7	0.4949	0.0044
0	0	-10	5.8	0.4921	0.0044
0	0	-10	5.9	0.4886	0.0044
0	0	-10	6	0.4914	0.0044
0	0	-10	6.1	0.4847	0.0044
0	0	-10	6.2	0.487	0.0044
0	0	-10	6.3	0.504	0.0045
0	0	-10	6.4	0.4753	0.0044
0	0	-10	6.5	0.4712	0.0043
0	0	-10	6.6	0.4607	0.0043
0	0	-10	6.7	0.4635	0.0043
0	0	-10	6.8	0.4558	0.0043
0	0	-10	6.9	0.4455	0.0042
0	0	-10	7	0.4484	0.0042
0	0	-10	7.1	0.444	0.0042
0	0	-10	7.2	0.4385	0.0042
0	0	-10	7.3	0.4351	0.0042
0	0	-10	7.4	0.4504	0.0042
0	0	-10	7.5	0.4571	0.0043
0	0	-10	7.6	0.4569	0.0043
0	0	-10	7.7	0.4492	0.0042
0	0	-10	7.8	0.4484	0.0042
0	0	-10	7.9	0.4349	0.0042
0	0	-10	8	0.4305	0.0041
0	0	-10	8.1	0.4288	0.0041
0	0	-10	8.2	0.4241	0.0041
0	0	-10	8.3	0.4139	0.0041
0	0	-10	8.4	0.4091	0.004
0	0	-10	8.5	0.4088	0.004
0	0	-10	8.6	0.4019	0.004
0	0	-10	8.7	0.4051	0.004
0	0	-10	8.8	0.4014	0.004
0	0	-10	8.9	0.3912	0.004
0	0	-10	9	0.3941	0.004
0	0	-10	9.1	0.3872	0.0039
0	0	-10	9.2	0.3788	0.0039
0	0	-10	9.3	0.3753	0.0039
0	0	-10	9.4	0.3715	0.0039
0	0	-10	9.5	0.3708	0.0039
0	0	-10	9.6	0.3676	0.0038
0	0	-10	9.7	0.3665	0.0038
0	0	-10	9.8	0.3695	0.0038
0	0	-10	9.9	0.3618	0.0038
0	0	-10	10	0.359	0.0038
					
0	0	-5	0.000000001	0.5482	0.0047
0	0	-5	0.000000004	0.5618	0.0047
0	0	-5	0.000000007	0.581	0.0048
0	0	-5	0.00000001	0.5801	0.0048
0	0	-5	0.00000004	0.614	0.005
0	0	-5	0.00000007	0.6286	0.005
0	0	-5	0.0000001	0.6446	0.0051
0	0	-5	0.0000004	0.6742	0.0052
0	0	-5	0.0000007	0.6869	0.0052
0	0	-5	0.000001	0.688	0.0052
0	0	-5	0.000004	0.6959	0.0053
0	0	-5	0.000007	0.6907	0.0053
0	0	-5	0.00001	0.6971	0.0053
0	0	-5	0.00004	0.7003	0.0053
0	0	-5	0.00007	0.6976	0.0053
0	0	-5	0.0001	0.6988	0.0053
0	0	-5	0.0004	0.7013	0.0053
0	0	-5	0.0007	0.6958	0.0053
0	0	-5	0.001	0.6989	0.0053
0	0	-5	0.004	0.6963	0.0053
0	0	-5	0.007	0.6956	0.0053
0	0	-5	0.01	0.6911	0.0053
0	0	-5	0.04	0.6903	0.0053
0	0	-5	0.07	0.6918	0.0053
0	0	-5	0.1	0.6915	0.0053
0	0	-5	0.2	0.6895	0.0053
0	0	-5	0.3	0.6862	0.0052
0	0	-5	0.4	0.6876	0.0052
0	0	-5	0.5	0.6807	0.0052
0	0	-5	0.6	0.6802	0.0052
0	0	-5	0.7	0.6748	0.0052
0	0	-5	0.8	0.6742	0.0052
0	0	-5	0.9	0.6689	0.0052
0	0	-5	1	0.6672	0.0052
0	0	-5	1.1	0.6669	0.0052
0	0	-5	1.2	0.6593	0.0051
0	0	-5	1.3	0.6593	0.0051
0	0	-5	1.4	0.649	0.0051
0	0	-5	1.5	0.6468	0.0051
0	0	-5	1.6	0.6468	0.0051
0	0	-5	1.7	0.6428	0.0051
0	0	-5	1.8	0.6357	0.005
0	0	-5	1.9	0.6338	0.005
0	0	-5	2	0.6257	0.005
0	0	-5	2.1	0.6192	0.005
0	0	-5	2.2	0.6104	0.0049
0	0	-5	2.3	0.6126	0.005
0	0	-5	2.4	0.6116	0.0049
0	0	-5	2.5	0.61	0.0049
0	0	-5	2.6	0.6052	0.0049
0	0	-5	2.7	0.6066	0.0049
0	0	-5	2.8	0.602	0.0049
0	0	-5	2.9	0.6094	0.0049
0	0	-5	3	0.5924	0.0049
0	0	-5	3.1	0.5882	0.0049
0	0	-5	3.2	0.59	0.0049
0	0	-5	3.3	0.5894	0.0049
0	0	-5	3.4	0.5884	0.0049
0	0	-5	3.5	0.5946	0.0049
0	0	-5	3.6	0.5882	0.0049
0	0	-5	3.7	0.5875	0.0048
0	0	-5	3.8	0.5814	0.0048
0	0	-5	3.9	0.5767	0.0048
0	0	-5	4	0.5707	0.0048
0	0	-5	4.1	0.5642	0.0048
0	0	-5	4.2	0.556	0.0047
0	0	-5	4.3	0.5529	0.0047
0	0	-5	4.4	0.5426	0.0047
0	0	-5	4.5	0.5379	0.0046
0	0	-5	4.6	0.5349	0.0046
0	0	-5	4.7	0.5316	0.0046
0	0	-5	4.8	0.5214	0.0046
0	0	-5	4.9	0.5236	0.0046
0	0	-5	5	0.522	0.0046
0	0	-5	5.1	0.513	0.0045
0	0	-5	5.2	0.5088	0.0045
0	0	-5	5.3	0.5078	0.0045
0	0	-5	5.4	0.5035	0.0045
0	0	-5	5.5	0.5008	0.0045
0	0	-5	5.6	0.4972	0.0045
0	0	-5	5.7	0.4986	0.0045
0	0	-5	5.8	0.4957	0.0045
0	0	-5	5.9	0.4907	0.0044
0	0	-5	6	0.491	0.0044
0	0	-5	6.1	0.4947	0.0044
0	0	-5	6.2	0.4958	0.0045
0	0	-5	6.3	0.5093	0.0045
0	0	-5	6.4	0.4857	0.0044
0	0	-5	6.5	0.4636	0.0043
0	0	-5	6.6	0.4602	0.0043
0	0	-5	6.7	0.4668	0.0043
0	0	-5	6.8	0.463	0.0043
0	0	-5	6.9	0.4566	0.0043
0	0	-5	7	0.455	0.0043
0	0	-5	7.1	0.4545	0.0043
0	0	-5	7.2	0.445	0.0042
0	0	-5	7.3	0.4422	0.0042
0	0	-5	7.4	0.4557	0.0043
0	0	-5	7.5	0.4601	0.0043
0	0	-5	7.6	0.4542	0.0043
0	0	-5	7.7	0.4508	0.0042
0	0	-5	7.8	0.4506	0.0042
0	0	-5	7.9	0.4383	0.0042
0	0	-5	8	0.439	0.0042
0	0	-5	8.1	0.4286	0.0041
0	0	-5	8.2	0.4299	0.0041
0	0	-5	8.3	0.4205	0.0041
0	0	-5	8.4	0.4071	0.004
0	0	-5	8.5	0.4034	0.004
0	0	-5	8.6	0.4104	0.0041
0	0	-5	8.7	0.4042	0.004
0	0	-5	8.8	0.4074	0.004
0	0	-5	8.9	0.3965	0.004
0	0	-5	9	0.3941	0.004
0	0	-5	9.1	0.393	0.004
0	0	-5	9.2	0.383	0.0039
0	0	-5	9.3	0.3751	0.0039
0	0	-5	9.4	0.3749	0.0039
0	0	-5	9.5	0.3709	0.0039
0	0	-5	9.6	0.3728	0.0039
0	0	-5	9.7	0.3749	0.0039
0	0	-5	9.8	0.3703	0.0038
0	0	-5	9.9	0.3659	0.0038
0	0	-5	10	0.3649	0.0038
					
0	0	0	0.000000001	0.5229	0.0046
0	0	0	0.000000004	0.5376	0.0046
0	0	0	0.000000007	0.5463	0.0047
0	0	0	0.00000001	0.5571	0.0047
0	0	0	0.00000004	0.585	0.0048
0	0	0	0.00000007	0.6067	0.0049
0	0	0	0.0000001	0.6282	0.005
0	0	0	0.0000004	0.653	0.0051
0	0	0	0.0000007	0.6594	0.0051
0	0	0	0.000001	0.6694	0.0052
0	0	0	0.000004	0.6773	0.0052
0	0	0	0.000007	0.6843	0.0052
0	0	0	0.00001	0.6852	0.0052
0	0	0	0.00004	0.6928	0.0053
0	0	0	0.00007	0.69	0.0053
0	0	0	0.0001	0.6908	0.0053
0	0	0	0.0004	0.688	0.0052
0	0	0	0.0007	0.688	0.0052
0	0	0	0.001	0.6873	0.0052
0	0	0	0.004	0.6903	0.0053
0	0	0	0.007	0.6891	0.0053
0	0	0	0.01	0.6853	0.0052
0	0	0	0.04	0.6868	0.0052
0	0	0	0.07	0.6833	0.0052
0	0	0	0.1	0.6838	0.0052
0	0	0	0.2	0.6869	0.0052
0	0	0	0.3	0.6861	0.0052
0	0	0	0.4	0.6836	0.0052
0	0	0	0.5	0.681	0.0052
0	0	0	0.6	0.6813	0.0052
0	0	0	0.7	0.6724	0.0052
0	0	0	0.8	0.6698	0.0052
0	0	0	0.9	0.6718	0.0052
0	0	0	1	0.6607	0.0051
0	0	0	1.1	0.6651	0.0052
0	0	0	1.2	0.659	0.0051
0	0	0	1.3	0.6585	0.0051
0	0	0	1.4	0.6539	0.0051
0	0	0	1.5	0.6451	0.0051
0	0	0	1.6	0.641	0.0051
0	0	0	1.7	0.6404	0.0051
0	0	0	1.8	0.6378	0.0051
0	0	0	1.9	0.63	0.005
0	0	0	2	0.6341	0.005
0	0	0	2.1	0.6267	0.005
0	0	0	2.2	0.6193	0.005
0	0	0	2.3	0.6195	0.005
0	0	0	2.4	0.6142	0.005
0	0	0	2.5	0.6051	0.0049
0	0	0	2.6	0.6064	0.0049
0	0	0	2.7	0.6017	0.0049
0	0	0	2.8	0.6008	0.0049
0	0	0	2.9	0.6089	0.0049
0	0	0	3	0.59	0.0049
0	0	0	3.1	0.599	0.0049
0	0	0	3.2	0.5918	0.0049
0	0	0	3.3	0.596	0.0049
0	0	0	3.4	0.5925	0.0049
0	0	0	3.5	0.5862	0.0048
0	0	0	3.6	0.5866	0.0048
0	0	0	3.7	0.5852	0.0048
0	0	0	3.8	0.5831	0.0048
0	0	0	3.9	0.5759	0.0048
0	0	0	4	0.571	0.0048
0	0	0	4.1	0.5649	0.0048
0	0	0	4.2	0.5569	0.0047
0	0	0	4.3	0.5502	0.0047
0	0	0	4.4	0.5496	0.0047
0	0	0	4.5	0.5445	0.0047
0	0	0	4.6	0.5352	0.0046
0	0	0	4.7	0.5328	0.0046
0	0	0	4.8	0.5206	0.0046
0	0	0	4.9	0.525	0.0046
0	0	0	5	0.5209	0.0046
0	0	0	5.1	0.512	0.0045
0	0	0	5.2	0.5122	0.0045
0	0	0	5.3	0.512	0.0045
0	0	0	5.4	0.512	0.0045
0	0	0	5.5	0.5002	0.0045
0	0	0	5.6	0.5046	0.0045
0	0	0	5.7	0.5025	0.0045
0	0	0	5.8	0.4952	0.0045
0	0	0	5.9	0.4908	0.0044
0	0	0	6	0.4934	0.0044
0	0	0	6.1	0.4905	0.0044
0	0	0	6.2	0.4922	0.0044
0	0	0	6.3	0.5079	0.0045
0	0	0	6.4	0.4777	0.0044
0	0	0	6.5	0.4723	0.0043
0	0	0	6.6	0.4664	0.0043
0	0	0	6.7	0.4646	0.0043
0	0	0	6.8	0.4652	0.0043
0	0	0	6.9	0.4589	0.0043
0	0	0	7	0.454	0.0043
0	0	0	7.1	0.4513	0.0042
0	0	0	7.2	0.4431	0.0042
0	0	0	7.3	0.4458	0.0042
0	0	0	7.4	0.455	0.0043
0	0	0	7.5	0.4588	0.0043
0	0	0	7.6	0.4545	0.0043
0	0	0	7.7	0.454	0.0043
0	0	0	7.8	0.4478	0.0042
0	0	0	7.9	0.4409	0.0042
0	0	0	8	0.4414	0.0042
0	0	0	8.1	0.4352	0.0042
0	0	0	8.2	0.4318	0.0042
0	0	0	8.3	0.4132	0.0041
0	0	0	8.4	0.411	0.0041
0	0	0	8.5	0.407	0.004
0	0	0	8.6	0.4069	0.004
0	0	0	8.7	0.403	0.004
0	0	0	8.8	0.3992	0.004
0	0	0	8.9	0.3972	0.004
0	0	0	9	0.3921	0.004
0	0	0	9.1	0.3858	0.0039
0	0	0	9.2	0.3789	0.0039
0	0	0	9.3	0.3751	0.0039
0	0	0	9.4	0.377	0.0039
0	0	0	9.5	0.3801	0.0039
0	0	0	9.6	0.376	0.0039
0	0	0	9.7	0.3722	0.0039
0	0	0	9.8	0.3633	0.0038
0	0	0	9.9	0.3671	0.0038
0	0	0	10	0.367	0.0038
					
0	0	5	0.000000001	0.5497	0.0047
0	0	5	0.000000004	0.5562	0.0047
0	0	5	0.000000007	0.5752	0.0048
0	0	5	0.00000001	0.5836	0.0048
0	0	5	0.00000004	0.6105	0.0049
0	0	5	0.00000007	0.6292	0.005
0	0	5	0.0000001	0.6396	0.0051
0	0	5	0.0000004	0.6732	0.0052
0	0	5	0.0000007	0.6857	0.0052
0	0	5	0.000001	0.6882	0.0052
0	0	5	0.000004	0.6886	0.0052
0	0	5	0.000007	0.6948	0.0053
0	0	5	0.00001	0.6963	0.0053
0	0	5	0.00004	0.6997	0.0053
0	0	5	0.00007	0.6991	0.0053
0	0	5	0.0001	0.7004	0.0053
0	0	5	0.0004	0.6993	0.0053
0	0	5	0.0007	0.6973	0.0053
0	0	5	0.001	0.695	0.0053
0	0	5	0.004	0.6995	0.0053
0	0	5	0.007	0.6939	0.0053
0	0	5	0.01	0.6914	0.0053
0	0	5	0.04	0.6977	0.0053
0	0	5	0.07	0.6982	0.0053
0	0	5	0.1	0.6912	0.0053
0	0	5	0.2	0.6873	0.0052
0	0	5	0.3	0.6914	0.0053
0	0	5	0.4	0.681	0.0052
0	0	5	0.5	0.685	0.0052
0	0	5	0.6	0.6777	0.0052
0	0	5	0.7	0.6762	0.0052
0	0	5	0.8	0.6748	0.0052
0	0	5	0.9	0.6744	0.0052
0	0	5	1	0.6705	0.0052
0	0	5	1.1	0.6642	0.0052
0	0	5	1.2	0.6589	0.0051
0	0	5	1.3	0.6523	0.0051
0	0	5	1.4	0.6527	0.0051
0	0	5	1.5	0.6494	0.0051
0	0	5	1.6	0.6446	0.0051
0	0	5	1.7	0.6417	0.0051
0	0	5	1.8	0.6384	0.0051
0	0	5	1.9	0.6283	0.005
0	0	5	2	0.6212	0.005
0	0	5	2.1	0.6198	0.005
0	0	5	2.2	0.6234	0.005
0	0	5	2.3	0.6145	0.005
0	0	5	2.4	0.6082	0.0049
0	0	5	2.5	0.6094	0.0049
0	0	5	2.6	0.6054	0.0049
0	0	5	2.7	0.6038	0.0049
0	0	5	2.8	0.6048	0.0049
0	0	5	2.9	0.6057	0.0049
0	0	5	3	0.5888	0.0049
0	0	5	3.1	0.5948	0.0049
0	0	5	3.2	0.5904	0.0049
0	0	5	3.3	0.5949	0.0049
0	0	5	3.4	0.5877	0.0048
0	0	5	3.5	0.589	0.0049
0	0	5	3.6	0.586	0.0048
0	0	5	3.7	0.5817	0.0048
0	0	5	3.8	0.5795	0.0048
0	0	5	3.9	0.579	0.0048
0	0	5	4	0.5619	0.0047
0	0	5	4.1	0.5672	0.0048
0	0	5	4.2	0.5573	0.0047
0	0	5	4.3	0.544	0.0047
0	0	5	4.4	0.5438	0.0047
0	0	5	4.5	0.5362	0.0046
0	0	5	4.6	0.5369	0.0046
0	0	5	4.7	0.527	0.0046
0	0	5	4.8	0.5284	0.0046
0	0	5	4.9	0.5233	0.0046
0	0	5	5	0.521	0.0046
0	0	5	5.1	0.519	0.0046
0	0	5	5.2	0.513	0.0045
0	0	5	5.3	0.5014	0.0045
0	0	5	5.4	0.512	0.0045
0	0	5	5.5	0.5074	0.0045
0	0	5	5.6	0.4989	0.0045
0	0	5	5.7	0.493	0.0044
0	0	5	5.8	0.4927	0.0044
0	0	5	5.9	0.4936	0.0044
0	0	5	6	0.488	0.0044
0	0	5	6.1	0.4906	0.0044
0	0	5	6.2	0.4911	0.0044
0	0	5	6.3	0.5102	0.0045
0	0	5	6.4	0.484	0.0044
0	0	5	6.5	0.4659	0.0043
0	0	5	6.6	0.4654	0.0043
0	0	5	6.7	0.4678	0.0043
0	0	5	6.8	0.4568	0.0043
0	0	5	6.9	0.4471	0.0042
0	0	5	7	0.4478	0.0042
0	0	5	7.1	0.4495	0.0042
0	0	5	7.2	0.4433	0.0042
0	0	5	7.3	0.4466	0.0042
0	0	5	7.4	0.4529	0.0043
0	0	5	7.5	0.4568	0.0043
0	0	5	7.6	0.4568	0.0043
0	0	5	7.7	0.4586	0.0043
0	0	5	7.8	0.451	0.0042
0	0	5	7.9	0.4476	0.0042
0	0	5	8	0.4375	0.0042
0	0	5	8.1	0.4349	0.0042
0	0	5	8.2	0.4199	0.0041
0	0	5	8.3	0.4152	0.0041
0	0	5	8.4	0.4114	0.0041
0	0	5	8.5	0.4066	0.004
0	0	5	8.6	0.4051	0.004
0	0	5	8.7	0.4045	0.004
0	0	5	8.8	0.4017	0.004
0	0	5	8.9	0.3994	0.004
0	0	5	9	0.39	0.0039
0	0	5	9.1	0.3894	0.0039
0	0	5	9.2	0.3801	0.0039
0	0	5	9.3	0.3753	0.0039
0	0	5	9.4	0.376	0.0039
0	0	5	9.5	0.3726	0.0039
0	0	5	9.6	0.3758	0.0039
0	0	5	9.7	0.3713	0.0039
0	0	5	9.8	0.3668	0.0038
0	0	5	9.9	0.3666	0.0038
0	0	5	10	0.3636	0.0038
					
0	0	10	0.000000001	0.5967	0.0049
0	0	10	0.000000004	0.601	0.0049
0	0	10	0.000000007	0.6204	0.005
0	0	10	0.00000001	0.6267	0.005
0	0	10	0.00000004	0.6586	0.0051
0	0	10	0.00000007	0.674	0.0052
0	0	10	0.0000001	0.6872	0.0052
0	0	10	0.0000004	0.7153	0.0053
0	0	10	0.0000007	0.7232	0.0054
0	0	10	0.000001	0.7169	0.0054
0	0	10	0.000004	0.7285	0.0054
0	0	10	0.000007	0.7342	0.0054
0	0	10	0.00001	0.734	0.0054
0	0	10	0.00004	0.733	0.0054
0	0	10	0.00007	0.7267	0.0054
0	0	10	0.0001	0.7274	0.0054
0	0	10	0.0004	0.7279	0.0054
0	0	10	0.0007	0.7251	0.0054
0	0	10	0.001	0.7225	0.0054
0	0	10	0.004	0.7164	0.0054
0	0	10	0.007	0.7173	0.0054
0	0	10	0.01	0.7139	0.0053
0	0	10	0.04	0.7176	0.0054
0	0	10	0.07	0.7057	0.0053
0	0	10	0.1	0.7142	0.0053
0	0	10	0.2	0.7027	0.0053
0	0	10	0.3	0.7025	0.0053
0	0	10	0.4	0.696	0.0053
0	0	10	0.5	0.6906	0.0053
0	0	10	0.6	0.6859	0.0052
0	0	10	0.7	0.6802	0.0052
0	0	10	0.8	0.6786	0.0052
0	0	10	0.9	0.6757	0.0052
0	0	10	1	0.6706	0.0052
0	0	10	1.1	0.6625	0.0051
0	0	10	1.2	0.6594	0.0051
0	0	10	1.3	0.6536	0.0051
0	0	10	1.4	0.6489	0.0051
0	0	10	1.5	0.6444	0.0051
0	0	10	1.6	0.6377	0.0051
0	0	10	1.7	0.6382	0.0051
0	0	10	1.8	0.6319	0.005
0	0	10	1.9	0.6333	0.005
0	0	10	2	0.625	0.005
0	0	10	2.1	0.627	0.005
0	0	10	2.2	0.6138	0.005
0	0	10	2.3	0.6106	0.0049
0	0	10	2.4	0.6094	0.0049
0	0	10	2.5	0.6055	0.0049
0	0	10	2.6	0.6094	0.0049
0	0	10	2.7	0.6039	0.0049
0	0	10	2.8	0.5988	0.0049
0	0	10	2.9	0.6001	0.0049
0	0	10	3	0.5812	0.0048
0	0	10	3.1	0.5864	0.0048
0	0	10	3.2	0.5857	0.0048
0	0	10	3.3	0.5897	0.0049
0	0	10	3.4	0.5888	0.0049
0	0	10	3.5	0.5942	0.0049
0	0	10	3.6	0.5832	0.0048
0	0	10	3.7	0.5775	0.0048
0	0	10	3.8	0.5731	0.0048
0	0	10	3.9	0.5645	0.0048
0	0	10	4	0.5649	0.0048
0	0	10	4.1	0.5636	0.0047
0	0	10	4.2	0.5521	0.0047
0	0	10	4.3	0.5465	0.0047
0	0	10	4.4	0.54	0.0046
0	0	10	4.5	0.538	0.0046
0	0	10	4.6	0.5296	0.0046
0	0	10	4.7	0.5279	0.0046
0	0	10	4.8	0.5252	0.0046
0	0	10	4.9	0.5161	0.0045
0	0	10	5	0.5144	0.0045
0	0	10	5.1	0.5117	0.0045
0	0	10	5.2	0.5093	0.0045
0	0	10	5.3	0.5024	0.0045
0	0	10	5.4	0.5038	0.0045
0	0	10	5.5	0.4982	0.0045
0	0	10	5.6	0.4976	0.0045
0	0	10	5.7	0.4926	0.0044
0	0	10	5.8	0.4921	0.0044
0	0	10	5.9	0.4893	0.0044
0	0	10	6	0.4837	0.0044
0	0	10	6.1	0.4826	0.0044
0	0	10	6.2	0.4896	0.0044
0	0	10	6.3	0.502	0.0045
0	0	10	6.4	0.4831	0.0044
0	0	10	6.5	0.4632	0.0043
0	0	10	6.6	0.465	0.0043
0	0	10	6.7	0.4632	0.0043
0	0	10	6.8	0.4519	0.0043
0	0	10	6.9	0.4572	0.0043
0	0	10	7	0.4481	0.0042
0	0	10	7.1	0.4434	0.0042
0	0	10	7.2	0.4389	0.0042
0	0	10	7.3	0.4412	0.0042
0	0	10	7.4	0.4555	0.0043
0	0	10	7.5	0.456	0.0043
0	0	10	7.6	0.4559	0.0043
0	0	10	7.7	0.4511	0.0042
0	0	10	7.8	0.4424	0.0042
0	0	10	7.9	0.4388	0.0042
0	0	10	8	0.4274	0.0041
0	0	10	8.1	0.4344	0.0042
0	0	10	8.2	0.4256	0.0041
0	0	10	8.3	0.4184	0.0041
0	0	10	8.4	0.405	0.004
0	0	10	8.5	0.4098	0.004
0	0	10	8.6	0.4018	0.004
0	0	10	8.7	0.3988	0.004
0	0	10	8.8	0.4023	0.004
0	0	10	8.9	0.3952	0.004
0	0	10	9	0.39	0.0039
0	0	10	9.1	0.3852	0.0039
0	0	10	9.2	0.3744	0.0039
0	0	10	9.3	0.3769	0.0039
0	0	10	9.4	0.3686	0.0038
0	0	10	9.5	0.3741	0.0039
0	0	10	9.6	0.3699	0.0038
0	0	10	9.7	0.3675	0.0038
0	0	10	9.8	0.3628	0.0038
0	0	10	9.9	0.3618	0.0038
0	0	10	10	0.3598	0.0038
