h4	8000	1	1	1
         0         0         0         0         0         0         0         0
         0         0         0         0         0         0         0         0
         0         0         0         0         0         0         0         0
         0         0         0         0         0         0         0         0
         0         0         0         0         0         0         0         0
         0         0         0         0         0         0         0         0
         0         0         0         0         0         0         0         0
         0         0         0         0       111       124       117       100
       118        90       140       136       135       138       150       142
       157       139       159       154       170       173       174       149
       168       183       175       178       166       185       190       189
       190       184       202       201       233       234       259       266
       262       258       249       232       237       256       242       227
       237       241       237       240       244       264       265       299
       300       337       396       377       449       420       473       488
       442       416       395       384       356       341       349       345
       405       370       425       492       535       590       687       790
       864       976      1078      1027      1115      1118      1086      1119
      1012      1093      1125      1077      1208      1410      1809      2314
      2974      4157      5221      6578      7802      8530      9054      8845
      7816      7006      5252      4027      2790      1960      1299       965
       718       601       560       573       630       709       929      1112
      1380      1736      1975      2255      2393      2466      2329      1985
      1729      1466      1165       973       697       509       417       354
       265       220       240       220       192       182       190       212
       195       206       188       174       167       175       191       175
       184       153       191       162       176       163       187       164
       185       192       178       168       200       183       189       181
       180       173       177       195       209       166       212       211
       207       191       208       163       177       208       187       186
       182       205       223       199       215       221       208       239
       215       233       210       222       227       232       234       232
       200       235       215       239       227       250       236       230
       280       279       261       280       312       277       301       280
       298       298       285       259       294       271       260       256
       260       265       248       276       229       251       269       228
       267       289       253       240       267       281       289       284
       270       249       285       303       279       288       318       306
       273       307       278       297       337       333       338       306
       324       316       326       331       325       344       352       325
       345       306       352       381       370       370       422       407
       418       399       456       473       438       506       474       495
       461       501       524       529       467       522       433       476
       418       460       445       417       471       419       445       407
       390       442       362       388       406       387       371       409
       395       385       357       369       397       372       383       367
       370       362       372       350       349       378       334       329
       333       309       325       323       351       339       333       340
       339       323       339       345       366       320       349       327
       345       342       336       335       313       362       342       325
       339       326       346       275       299       335       314       339
       350       337       331       314       309       319       349       354
       344       336       326       348       302       332       331       316
       337       334       341       318       297       327       326       323
       329       311       371       369       310       380       374       320
       363       366       327       373       365       329       311       368
       352       376       365       388       383       319       382       361
       365       358       357       351       335       326       392       358
       354       355       351       357       385       386       355       421
       398       393       466       628       832      1097      1741      2522
      3509      4552      5417      6177      6323      6073      5481      4587
      3559      2652      1789      1192       730       563       418       342
       305       273       297       261       303       295       281       294
       279       281       282       255       313       302       302       289
       279       252       252       305       261       287       304       275
       243       292       293       284       249       299       293       282
       264       280       253       267       272       272       291       283
       238       270       279       265       233       277       248       250
       276       264       251       273       279       274       242       257
       234       256       242       276       263       269       274       282
       252       280       248       297       257       255       257       251
       269       278       252       268       254       277       270       247
       279       295       254       279       274       278       307       320
       258       280       326       289       315       296       341       296
       327       289       302       301       289       311       293       302
       296       309       306       315       300       320       311       313
       293       311       296       317       299       256       287       338
       277       295       280       284       294       288       278       269
       319       275       271       265       311       272       246       292
       293       258       287       275       266       266       271       297
       310       309       290       333       305       315       279       273
       285       301       275       268       307       255       249       289
       254       240       262       253       269       274       276       259
       276       273       275       262       261       230       239       262
       253       276       230       265       241       229       269       245
       245       222       254       233       263       250       253       230
       227       260       227       234       215       245       253       249
       237       237       241       243       260       233       235       231
       277       240       214       248       247       225       230       250
       211       245       221       232       204       260       234       215
       261       227       252       252       234       239       233       200
       234       246       232       224       220       227       221       237
       239       249       255       230       236       230       203       220
       248       219       231       211       238       219       224       218
       230       206       226       212       217       253       233       218
       207       222       228       231       230       237       221       247
       205       225       218       226       248       255       222       209
       214       249       221       227       235       220       221       220
       224       204       225       219       251       240       210       213
       206       195       217       231       197       225       198       213
       185       210       216       169       191       221       233       216
       217       195       199       188       203       179       218       211
       217       200       197       211       217       206       211       221
       197       211       198       203       206       218       204       191
       247       211       211       178       200       181       197       207
       204       203       187       213       252       182       205       192
       194       192       204       204       204       175       177       206
       193       181       192       174       189       209       200       186
       199       164       199       192       174       182       185       178
       195       190       180       174       197       203       190       177
       165       166       198       189       169       187       186       199
       177       206       202       181       153       188       164       177
       164       172       150       143       187       182       161       177
       183       175       181       161       173       168       168       181
       172       161       160       173       159       164       161       176
       169       176       140       157       154       160       159       165
       155       174       160       170       174       145       168       158
       148       154       162       154       141       154       153       153
       140       175       159       162       159       194       151       163
       160       143       154       131       166       153       156       143
       144       144       150       153       179       208       244       293
       393       537       672       837      1055      1116      1169      1113
      1094       886       713       498       375       306       232       211
       173       149       149       141       145       132       147       146
       145       162       136       147       118       133       137       121
       155       138       131       129       107       124       127       128
       129       130       130       140       123       101        94       144
       110       114        92       112       137       142       120       137
       123       121       135       133       124       103       120       112
        98       121       121       106       127       126       148       104
       116       110        96       119       116       108       124       118
       112       104       139       109       131       111       138       136
       173       261       427       609       929      1268      1676      2097
      2247      2327      2201      1920      1578      1181       843       534
       378       259       166       135       135       129       135       119
       129       122       107       106       107       103       108       106
       101       115       116       106       107       101        97       107
       104       103       111        93       112       124       114       113
       103       108       110        99        89        99       102       116
       106       104       109       107        97       101       107        93
        95        86        95       110        99       102        91        89
       121       106       100       100       105       111       117        82
       102       103        89       125       103        96       103       102
       105       102       110        88        88        77        99       110
        83        97       102       116       103        89       102       110
        91       100        93        90       107        94       105        86
       104        94        96        99        96       114       129       123
       164       136       130       145       156       121       130       110
       100       102        96        89        95        86        90        79
       100        88        94       106        93        80        90        99
        93       102        82        94        79        86        74        92
        84        81        86        79        89        88        77        87
        78        88        80        98        90        87        82        77
        86        77        84        81        86        85        72        78
        81        78       100        87        83        94        88        87
        89       103        84        80        73        76        78        88
        78        97        76        93        89        93        95        86
        75        81        80        92        88        73        92        84
        78        64        73        80        83        77        78        83
        83        76        87        82        88        85        89        85
        77        62        84        68        87        71        79        78
        87        76        83        83        90        84        94        84
        88        73        69        87        70        78        72        78
        84        66        69        85        87        80        81        82
        85        93        91        62        74        89        71        80
        74        83        65        80        73        83        88        86
        79        87        63        65        95        83        66        90
        78        74        72        70        77        78        76        63
        68        64        80        69        74        96        70        69
        83        77        63        67        70        79        63        94
        98       121       179       243       352       597       904      1227
      1717      2088      2441      2706      2756      2506      2369      1824
      1475      1071       710       383       280       167       115        89
        73        57        58        54        75        65        71        58
        62        56        64        62        52        52        60        58
        67        68        61        55        66        66        70        67
        43        62        62        57        66        57        47        65
        47        63        63        62        69        47        62        72
        54        53        69        66        54        52        60        59
        55        58        59        57        53        55        61        57
        49        65        61        61        48        68        69        61
        63        43        69        41        61        53        56        65
        68        49        86        84        84        96       135       118
       142       124       127       132       130       113       111        80
        79        71        65        65        48        60        64        59
        72        67        58        57        52        60        62        48
        50        55        63        47        57        54        53        67
        65        68        54        63        60        48        48        60
        55        60        78        61        56        56        67        47
        45        52        60        42        51        57        66        55
        54        53        47        59        56        52        50        51
        52        43        62        61        50        52        66        55
        61        58        58        61        66        64        66        57
        68        51        48        56        62        53        55        52
        61        39        35        61        52        63        60        62
        48        41        60        53        65        54        60        47
        54        57        63        51        52        45        54        49
        65        43        59        39        53        71        65        52
        58        38        53        46        54        45        45        47
        43        57        51        59        61        57        61        62
        47        50        42        45        55        55        49        62
        45        53        52        48        61        52        43        44
        53        79        51        53        44        65        55        49
        58        53        43        58        48        55        68        80
       104       126       131       171       193       223       248       252
       264       209       171       139       106        89        81        71
        57        77        62        53        54        54        60        57
        70        50        54        75        61        62        56        49
        54        47        52        56        53        55        43        48
        50        54        59        55        54        51        48        52
        49        47        41        40        54        43        51        42
        43        50        40        55        54        56        58        48
        50        48        38        42        51        48        53        54
        52        44        48        48        42        46        39        43
        45        40        63        51        54        45        67        50
        56        44        48        59        45        43        39        42
        43        53        64        54        46        50        56        49
        47        37        43        45        46        44        39        49
        54        52        59        55        42        41        42        48
        47        44        50        44        54        55        60        45
        63        48        73        91       112       164       211       263
       278       292       300       264       230       207       156       127
       105        99        73        68        55        55        64        48
        45        52        49        44        42        53        52        45
        42        48        44        50        55        46        47        46
        58        47        45        58        46        49        49        37
        56        58        42        37        52        47        46        41
        46        43        67        53        34        54        49        49
        44        45        53        46        49        50        52        56
        51        50        43        51        52        49        44        54
        55        41        55        63        56        37        50        52
        51        49        46        40        40        33        45        46
        59        42        38        43        51        46        42        40
        39        46        43        50        63        51        44        49
        52        41        54        39        54        47        49        44
        41        47        36        46        52        45        45        43
        52        49        50        48        46        44        35        38
        45        50        43        44        61        41        34        50
        42        49        46        51        55        40        55        49
        48        45        43        43        54        54        36        51
        53        57        46        67        38        61        52        46
        51        44        60        34        55        52        45        48
        53        46        46        53        54        49        67        59
        56        74        83        85        74        63        86        61
        55        67        45        45        46        35        41        39
        39        47        43        42        56        38        49        47
        60        36        50        58        39        45        58        45
        37        44        47        37        44        43        43        50
        51        39        57        48        54        52        46        44
        37        51        47        45        38        51        40        38
        52        47        59        55        47        60        60        44
        53        44        59        67        54        45        51        49
        50        54        46        35        44        44        43        42
        36        61        50        38        48        56        48        59
        55        63        56        45        46        59        57        56
        52        47        58        54        55        47        53        53
        57        46        41        42        39        48        37        49
        41        58        43        51        44        42        49        57
        45        41        53        49        55        47        53        46
        45        60        55        54        47        50        50        52
        53        43        53        55        60        49        39        37
        38        45        48        63        50        41        43        50
        35        40        56        39        43        50        42        59
        48        63        39        43        34        45        37        55
        41        51        47        45        35        51        59        53
        50        40        45        46        53        58        47        41
        47        49        49        45        57        49        47        46
        43        39        44        51        39        38        42        63
        45        43        50        39        51        44        53        56
        54        54        53        48        54        54        66        52
        39        52        57        51        49        41        45        42
        45        50        39        56        56        41        47        57
        51        50        42        48        49        38        49        43
        57        50        46        52        42        45        38        47
        34        48        53        47        46        50        47        54
        44        47        55        39        44        57        51        48
        41        51        44        42        47        50        63        55
        60        48        42        59        46        43        53        57
        57        58        54        41        58        37        44        51
        54        59        55        52        59        50        64        45
        48        49        59        63        60        83        64        80
        93        82        87        66        62        76        66        56
        57        47        60        56        57        70        52        46
        52        48        44        52        40        62        53        47
        45        47        55        56        49        61        69        54
        40        70        63        50        50        52        57        43
        55        56        50        53        31        41        41        42
        52        37        43        48        47        41        46        56
        63        45        51        53        43        39        43        41
        50        45        43        49        41        55        50        54
        43        43        49        43        44        47        48        45
        45        49        56        47        66        63        67        80
        64        95        76        77        77        66        65        54
        41        40        41        51        46        45        37        44
        45        50        31        44        39        36        44        45
        44        52        37        52        43        33        52        44
        46        53        42        33        40        45        45        45
        36        52        46        53        46        44        50        37
        33        41        39        41        48        34        41        43
        37        38        35        26        47        42        42        43
        36        44        56        42        42        39        42        38
        38        36        37        50        41        38        53        52
        35        36        45        49        56        36        40        34
        58        39        42        52        42        35        53        53
        44        42        47        45        40        34        38        48
        53        43        51        29        45        40        51        39
        51        33        38        36        42        46        48        45
        32        37        41        34        34        42        40        42
        33        36        38        41        38        39        44        49
        35        35        37        39        42        44        35        39
        40        45        33        39        48        57        33        43
        46        52        50        41        36        43        34        32
        46        43        31        37        37        41        35        53
        38        40        38        33        34        34        42        47
        44        44        47        38        47        43        34        43
        37        46        26        45        48        38        41        41
        45        29        39        30        50        44        28        45
        40        35        44        40        37        39        31        36
        51        41        34        41        38        34        49        38
        42        47        37        37        36        39        30        41
        51        37        46        37        34        42        41        40
        41        36        58        46        33        33        45        38
        40        36        36        30        39        46        45        39
        41        35        32        59        31        39        42        39
        42        38        50        42        48        43        41        37
        39        30        27        42        39        34        34        38
        50        30        34        55        37        45        44        49
        46        44        64        38        49        52        38        53
        46        54        36        44        38        38        44        39
        48        40        43        24        39        35        42        32
        45        40        52        44        45        25        34        43
        46        47        32        45        28        49        41        35
        32        48        43        45        44        34        42        33
        30        34        36        36        45        38        52        41
        40        38        36        49        39        43        27        39
        32        41        35        33        46        51        41        43
        40        33        54        53        52        35        49        37
        48        33        31        31        41        52        43        58
        55        54        66        61        48        61        57        46
        41        44        31        27        40        38        48        36
        44        27        23        45        36        34        32        42
        38        42        42        30        37        40        40        35
        45        37        48        43        56        49        73        54
        60        84        97        82        71        70        57        59
        53        53        46        50        33        45        39        51
        40        40        44        42        24        36        39        37
        32        34        35        37        45        37        44        42
        31        30        30        40        35        46        32        46
        35        33        32        31        43        24        38        39
        33        30        29        40        37        33        38        32
        26        32        39        35        43        33        35        36
        37        34        56        28        40        24        37        44
        31        22        37        35        36        40        31        46
        34        40        34        41        39        33        47        33
        42        40        45        30        36        46        42        42
        53        39        35        40        37        27        41        47
        35        41        35        37        41        37        33        36
        40        35        38        49        36        42        37        52
        35        38        45        41        52        40        52        42
        54        52        51        47        52        52        37        29
        28        46        47        41        42        38        44        48
        48        53        42        33        44        51        41        49
        23        49        40        40        39        34        42        57
        26        41        31        30        44        35        47        40
        39        43        35        51        45        35        44        53
        33        40        35        46        48        30        42        39
        33        36        36        31        28        35        40        28
        39        40        45        40        45        28        38        42
        49        43        38        36        40        39        36        39
        48        39        39        43        47        30        32        44
        33        47        40        47        34        31        35        38
        42        38        36        37        36        32        40        36
        34        44        38        40        45        35        43        39
        29        35        33        23        43        45        48        54
        50        40        47        41        32        39        35        37
        40        43        36        42        40        51        28        46
        31        43        39        35        36        49        40        37
        51        36        43        49        42        38        40        38
        37        47        29        39        37        44        45        36
        35        43        31        35        34        35        48        45
        40        33        38        32        32        48        37        42
        39        33        46        43        36        57        46        54
        50        47        33        35        32        39        43        46
        41        31        33        37        39        30        39        30
        46        42        32        46        44        35        45        37
        22        33        29        27        32        31        51        29
        38        41        42        34        35        34        39        46
        34        39        43        35        54        66        72        96
       132       183       234       356       421       581       615       664
       602       578       541       424       337       275       182       109
        78        62        44        54        30        40        30        34
        27        36        23        33        44        27        33        40
        29        31        36        36        27        15        33        31
        22        27        26        39        22        38        29        24
        40        36        33        33        29        41        40        29
        30        29        44        29        29        29        30        31
        33        38        38        36        34        43        37        38
        31        32        31        40        27        36        37        35
        32        30        39        25        29        26        44        36
        34        27        33        38        27        34        32        52
        35        16        27        27        34        30        35        42
        32        35        31        35        27        28        29        32
        19        25        40        37        31        31        30        26
        38        38        33        40        30        35        34        30
        28        37        40        34        36        50        44        63
        46        58        35        38        37        45        32        33
        32        38        32        27        28        20        39        35
        41        31        32        24        34        37        42        27
        25        30        27        34        25        28        28        31
        28        32        28        29        37        37        32        25
        33        51        34        24        33        32        25        35
        41        32        42        33        32        28        32        36
        33        33        31        28        32        36        15        25
        31        30        38        27        33        17        35        37
        30        26        34        31        31        32        35        26
        37        27        29        32        40        34        28        44
        36        28        30        33        17        38        20        36
        40        35        32        24        25        27        29        38
        34        31        38        30        35        33        39        33
        25        32        26        30        24        38        40        40
        31        36        33        39        41        37        40        35
        44        27        30        32        23        42        37        26
        36        26        31        44        21        36        38        31
        34        39        37        35        31        27        30        29
        25        19        35        32        34        34        33        23
        21        24        33        39        25        24        35        28
        28        29        27        29        33        24        34        49
        36        25        29        35        41        35        31        36
        36        37        36        34        29        26        47        33
        22        29        35        40        19        35        32        40
        32        31        42        33        31        38        34        32
        30        30        30        38        31        30        33        36
        35        47        51        63        62        84        96       123
       134       138       187       202       222       200       166       161
       124        94        82        58        56        47        41        34
        30        22        29        40        32        38        37        37
        41        26        30        39        36        36        33        35
        32        46        40        25        29        32        34        32
        30        29        29        22        34        36        42        39
        29        41        36        25        29        26        30        39
        40        33        36        27        23        44        28        28
        29        25        34        27        29        21        35        33
        18        34        29        31        34        29        24        33
        28        23        30        23        37        27        29        28
        29        32        27        31        33        31        28        27
        25        25        29        25        26        30        40        26
        30        20        19        31        28        25        25        23
        28        32        39        26        27        28        52        26
        24        31        23        37        37        34        37        37
        24        34        27        29        38        23        24        31
        18        25        27        33        25        36        36        34
        29        29        25        27        24        33        25        27
        25        16        32        33        21        27        29        31
        21        35        25        24        32        19        27        27
        23        27        23        33        25        26        30        24
        19        26        21        25        26        26        23        31
        24        25        24        29        15        17        14        23
        33        14        16        22        26        25        26        13
        19        31        32        29        22        23        38        37
        39        37        52        32        40        33        46        30
        25        30        21        28        21        27        29        18
        18        22        18        21        16        21        24        27
        42        19        39        23        34        31        24        38
        29        32        21        29        27        20        17        22
        20        17        27        19        25        16        31        28
        27        24        25        25        19        37        19        17
        14        16        21        22        34        19        23        16
        22        18        20        22        20        19        25        13
        31        19        23        26        21        20        19        15
        18        24        15        19        27        17        18        22
        19        16        16        20        16        14        15        17
        18        25        15        23        19        26        23        17
        19        25        20        19        20        17        20        19
        19        23        26        31        21        14        24        23
        23        22        22        19        12        24        22        34
        26        26        14        20        14        18        17        19
        19        23        20        17        22        15        17        23
        22        17        30        20        12        24        23        21
        22        19        25        23        13        24        25        20
        18        21        22        18         9        26        20        23
        22        19        25        45        49        85       121       173
       249       317       394       469       552       588       591       542
       506       434       305       244       194       140        93        63
        37        32        27        17        14        26        27        21
        21        15        15        18        29        10        17        16
        19        11        22        21        17        14        22        15
        13        16        14        13        14        16        17        16
        25        17        26         8        16        16        13        21
        17        13        24        12        16        15        20        14
        18        20        17        18        14        23        23        11
        20        18        11        15        17        12        18        18
        17         7        17        13        22        25        12        18
        12        24        15        18        18        20         8        10
        19        22        17        12        27        15        15        23
         9        18        18        18        12        23        23        17
        19        16        12        14        18        26        15        19
        15        13        18        13        17        15        15        14
        17        15        19        22        17        31        19        20
        19        14        12        20         8        18        14        19
        13        20        23        17        17        18        17        20
        15        16        12        17        13        18        23        24
        26        20        24        24        26        34        34        44
        55        48        38        42        39        41        29        30
        23        17        15        16        15        12        27        19
        16        14        14        17        14        21        19        14
        10        17        14        18         6        13         9        16
        11        11        24        11        10        20         7        21
        11        13        18        16         8        18        14        11
        14        11        11        21        13        16         9         8
         8        23        12        11        13        15        24        15
        22        17        16        11        12        11         9        16
        14        14        14        10        24        13        18        13
        16        12        13        11        15        15        12        12
        11        18        14        13        15         8        11        15
        10        17        13        10        15        11        14        10
        18        15         9         3        11        12        12         9
        12        19        17        10        20        14        15        13
        24        14        11        19        13        22        14        12
        11        13         9        16        13        11        15        13
         9        16        17        10        19        11        14         8
        11        10        16        12        11        22        18        11
        17        15        15        16        12        12        17        17
        13        20        14        13        13        10        15        23
         8        17        15        13        17        10        18        11
        12        14         7        15        17        13        16        19
        15        11        13        22        14        14        17        13
        14        13        16        15        17        15         9        12
        17        10        16        10         5        17        10        19
        19        14        12        16        11        14        12        14
        13        16        14        13        11        14        18        14
        12        17        12        20        10        17        11        11
        15        17         9        13        15         6        12        20
        18        12        15        16        22        12        10        13
         9        13        11        13        19        18         8        13
        18        10        16        16        20        10        19        22
        12        14        17        14        19        13        12        22
        19        11        13        13        14        13        12        20
        23        13        11        21        16        14        10        19
        12        17        15         7        17         6        10        14
        12        14        13         9        12        15        15        12
        14        10        17        16        24         8         8        23
        15        31        34        54        77       115       167       189
       258       289       337       373       371       350       353       294
       246       185       134        90        78        75        63        76
        62        69        88        60        59        75        56        49
        59        46        29        27        26        14        12        12
         9        13        17        13        15        10        10        16
        12        12        14        17        14        19        20        18
        16        12        19        14         8        17        14        16
        21        13        12         9        15         8        17        13
        13        24        13        17         7        20        13        13
         9        16        17        14        16        11        11        12
        11         9        15        10        14        15        15        16
        13        19        21        23        19        15        30        15
        27        26        45        51        85       113       154       215
       264       334       400       453       470       479       443       401
       325       253       197       149       125        65        41        32
        23        10        13        13        10        16        24        20
        22        21        18        15        13        16        12        14
        15        10        14        15        19        16        14        15
        15        10        19        11        16        13        15        15
        18        29        23        13        20         7        18        16
        18        14        23        25        17        13        12        14
        14        10        24        12        19        16        18        15
        20        12        15        16        14         6        15        10
        12         7        16        11        16        16        19        15
        20        17        17        12        16        17        10        18
        17        10        11        19        16        11        15        17
        17        15        16        11         9        10        16        15
        11        15        13        20        14        10        15        15
        13        17        21        21        18        11        14        12
        14        13        21        19        21        21        15        11
        27        19         9        14        14        11        13        19
        18        22        13        13        11         9        17        14
        17        12        16        22        16        19        11        14
        19        21        14        12        16        20        27        20
        14         9        18        19        13        12        12        12
        14        18         8        16        15        18        16        20
        16        24        15        16        26        12        16        10
        18        17         5        10        19        15         9        16
        17        16        24        21        14        15        23         8
        11        13        19        14        13        21        14        19
        11        12        17        14        13        19        18        14
        15        21        13        16        17        16        11        20
        14        16        17        11        18        19        20        11
        22        16        21        15        17        15        16        23
        22        17        16        10        18        22        13        15
        17        20        16        21        16        18        19        16
        16        16        16        22        18         8        18        12
        11        21        17        16        17        10        20        12
        25        27        13        17        17        17        16        24
        20        18        19        11        14        18        20        12
        19        13        15        16        20        14        16        10
        13        21        20        16        20         8        16        17
        14        11        10        17        13        12        18        14
        17        17        14        10        19        16        12        10
        17        11        15        12        11        10        12        17
        19        13        11        21        10        11        11        10
        11        12         8        10        13         9         8        20
        17         6        15        10         5        19         6        10
        11         6         9         7         8         9        10         6
         6         7        11        10        10        11         8        15
        14        12         7        12         6         7        13         8
         7         7        16         5        10         3        15         8
         8        10        10        13         8        11        20        20
        23        25        39        40        47        50        50        48
        42        57        46        35        27        27        24        14
        13         9         9        13        10         8        13         5
         9        13         5         9         6        10         8         6
         8        10        13        11         6         9         9         6
        10        11         9        13        11        15         6         6
         6         8         9        11         8        13         7         4
         5         4        10         3         6         9         9        15
         9         3         9        13        10        13         8         4
         9         8         6         3        13        14         7         7
         6        11        11         7         7        10        13        11
         5        12         9        10         8        16        13         9
         7        11         8         4         9        10         7         6
        12         9         9        13        12        12        14         8
         4        10         7         8        10        12        13         5
         7         6         8         8        11         5         6        13
        11         4        11         2         6         7        12         3
         7         6        10         4         8         3         7         4
         4         7         8        10        10        11        14        14
         9        12        17         8        16         9        12         6
        11         6        11        12        10         8        12         7
        11         7         6         9         2         6         5         8
         7         5         9         8         8         9        10         8
         7         5         5        10        10         5         8         7
         5         9         4         5         5        14        10         6
         5         8        10        11         5        10         6         4
         6         8         8        11         8         5         5         6
         7         6         9         7         4         8         8         5
         7         6         5         5         6         9         6        11
         3         4         2         2         8         4         6         7
        13         2         8         9         5         6         7         7
         6         7        11        15        16        15        11        10
        14        18        10         6         8         4         6         3
         2         9         5         5         3         9         8         9
         4         5         5         3         6         8         5        11
         5         4         2         8         6         3         5         5
         4         6         3         7         4         3         4         8
         3         8         5         3         4         4         6         1
         8         7         5         4         2         5         4         6
         4         6         3         8         6         6         6         4
         5         6        11         0         9         3         7         3
         7         8         8         9         2         8         5         4
         2         3         3         2         5         8         9        13
        16        25        26        23        44        46        46        52
        50        52        31        42        25        21        23        11
         8         7         7         7         3         6         4         2
         3         0         5         5         2         0         3         3
         9         3         2         1         4         4         2         3
         2         2         5         4         4         2         4         4
         4         3         2         1         3         4         4         2
         2         2         4         2         1         2         3         4
         2         1         3         2         1         4         3         2
         2         4         2         7         4         2         1         2
         2         3         3         0         2         2         6         2
         0         7         2         2         1         3         2         2
         4         6         2         3         3         1         3         4
         2         4         2         2         0         2         1         3
         2         0         2         3         1         4         0         2
         2         3         5         2         2         1         2         3
         1         4         0         2         1         1         2         3
         1         2         2         1         0         2         0         3
         2         5         1         3         3         3         0         1
         2         1         2         2         1         3         2         0
         2         2         1         1         2         2         2         4
         1         2         2         1         1         2         2         0
         5         3         5         3         3         2         0         0
         4         3         2         2         6         3         3         2
         3         1         1         3         1         1         0         3
         2         2         4         4         3         3         3         1
         0         1         1         0         4         1         7         2
         2         2         0         4         2         3         2         1
         2         2         2         0         1         1         4         1
         0         1         2         0         0         4         2         1
         2         2         4         3         1         1         0         0
         2         2         5         1         0         3         3         1
         2         1         3         0         0         0         1         2
         3         2         2         2         2         1         2         2
         1         1         1         3         2         4         3         6
         1         1         1         2         2         1         0         3
         2         1         1         3         0         2         1         0
         1         1         2         2         1         2         2         0
         4         0         1         1         3         0         2         1
         2         2         4         2         2         4         2         0
         1         0         1         5         1         1         2         3
         2         1         1         4         2         2         2         3
         3         1         0         5         0         1         0         1
         1         1         2         0         0         3         3         0
         3         1         0         0         2         0         1         4
         1         2         1         2         2         1         0         0
         0         5         0         2         4         1         2         1
         5         2         0         2         1         2         4         1
         0         1         3         2         2         2         1         2
         2         0         2         0         2         0         1         0
         1         3         3         3         2         2         1         2
         2         3         4         3         4         2         4         2
         0         2         4         4         3         2         1         2
         1         1         1         5         8        11        13        22
        56        77        95       159       223       316       384       453
       506       552       516       548       527       413       349       302
       205       163        96        53        32        21        14         6
         4         2         3         1         1         0         1         1
         0         0         0         1         1         2         0         2
         1         1         0         0         0         0         1         1
         3         0         2         2         3         0         1         0
         1         0         0         0         0         1         0         0
         0         2         1         0         0         0         1         2
         2         0         0         0         0         0         0         0
         0         0         0         0         0         1         0         0
         3         0         2         1         0         0         0         2
         1         0         0         1         0         0         1         3
         0         0         0         1         1         1         1         1
         3         1         0         0         0         1         1         1
         1         0         0         1         0         1         2         1
         0         1         1         1         0         0         1         1
         1         2         0         1         0         1         1         0
         2         0         0         2         1         2         0         2
         0         2         0         0         0         1         2         3
         0         1         3         2         2         1         0         6
        10         4         7         6         6         1         4         0
         2         1         0         0         0         2         0         1
         0         1         2         0         3         1         1         2
         2         1         4         2         1         4         3         4
         7         6         4        12         5        22        11        16
        12        11        16        17         7         7        10         8
        10        11         6         8         9         8         5         9
         4         4         6         2         1         3         1         1
         0         0         0         0         0         1         0         1
         0         0         0         1         0         0         0         0
         0         1         1         0         0         0         1         0
         0         1         0         1         1         0         0         1
         1         0         1         2         0         1         1         1
         0         1         0         0         0         1         0         1
         0         0         0         0         0         0         1         0
         0         0         0         1         0         0         0         1
         0         0         0         1         0         0         0         0
         2         0         0         0         0         0         0         1
         0         0         0         0         3         1         0         0
         0         0         0         0         0         1         0         0
         0         2         0         0         0         0         1         0
         0         1         1         1         1         0         1         0
         0         0         1         2         1         2         0         1
         0         0         3         0         1         0         2         0
         1         0         0         0         0         1         1         0
         1         0         0         1         0         1         0         0
         0         0         0         0         0         1         0         0
         0         1         0         0         0         1         1         0
         0         0         1         0         0         0         1         0
         0         0         1         0         0         0         0         2
         1         0         1         2         1         1         0         0
         2         1         0         1         1         1         1         1
         0         0         1         0         0         0         0         0
         1         0         0         0         0         0         0         0
         1         0         0         2         0         2         0         0
         0         0         1         0         1         0         1         1
         0         1         0         2         1         1         1         0
         1         0         0         0         0         0         1         0
         1         0         0         0         0         0         0         2
         1         4         1         3         5         3         7         3
         8         9         6         9         9         4        10        12
         3         6         2         4         2         1         2         5
         2         0         1         1         1         0         1         1
         0         0         1         0         0         0         0         1
         1         0         0         0         2         0         0         0
         1         0         0         0         0         1         0         0
         0         1         0         0         0         0         0         1
         1         0         0         0         0         1         0         0
         0         0         1         0         0         0         1         0
         1         0         0         0         1         0         0         0
         0         0         1         1         0         0         0         0
         0         0         1         0         0         2         1         0
         0         0         0         1         1         0         0         0
         0         0         0         0         0         0         0         1
         1         0         1         1         1         1         1         0
         0         1         1         0         0         0         0         0
         0         0         0         0         0         0         0         0
         0         0         1         1         0         0         0         0
         0         1         0         0         0         1         0         0
         0         0         0         0         1         0         0         0
         0         0         1         0         2         0         0         0
         0         1         0         0         0         0         0         0
         0         0         0         1         0         1         0         1
         0         1         0         0         0         0         1         0
         0         1         0         0         0         0         1         0
         0         0         0         1         1         1         0         0
         0         0         0         2         0         0         0         0
         0         2         0         1         0         0         0         1
         1         0         0         0         0         1         0         0
         1         0         0         0         0         0         0         0
         0         1         0         3         0         1         0         0
         0         0         0         1         0         1         1         0
         0         0         0         0         1         0         1         0
         0         0         0         2         1         0         0         1
         0         0         1         1         0         3         1         0
         0         0         0         0         0         0         2         0
         1         0         1         0         0         1         0         0
         1         0         0         1         0         0         0         0
         0         2         0         2         0         1         0         1
         0         0         0         0         0         0         0         0
         1         1         0         1         0         0         0         0
         0         1         0         0         0         0         2         0
         0         0         0         0         0         0         0         1
         0         0         0         0         0         1         1         0
         0         1         0         0         0         0         1         0
         1         0         0         1         0         1         0         0
         0         0         0         1         0         0         1         0
         2         2         0         1         0         0         0         0
         1         1         0         0         1         1         0         0
         0         1         0         0         0         2         0         0
         1         1         1         0         0         0         0         0
         0         0         0         0         0         0         1         0
         0         0         1         0         0         1         0         0
         0         0         0         1         0         1         0         0
         0         0         0         1         0         0         0         1
         0         0         1         0         0         0         1         0
         0         0         0         0         0         0         1         0
         1         0         0         0         0         1         4         2
         0         0         1         0         0         0         0         1
         0         0         0         0         0         0         1         0
         0         0         2         0         0         0         0         0
         0         0         0         1         0         0         1         0
         0         0         1         0         0         0         1         0
         0         0         0         0         0         0         0         0
         0         0         1         0         0         0         1         1
         0         0         1         1         3         1         0         1
         0         0         0         0         0         0         0         0
         0         0         1         0         1         0         0         1
         1         1         0         0         0         1         0         0
         0         1         0         1         0         0         1         0
         0         0         0         0         1         0         1         0
         0         0         0         1         0         0         0         1
         0         0         0         0         0         0         0         0
         1         0         0         0         0         0         0         0
         0         0         0         1         0         1         0         0
         1         0         0         0         0         0         0         0
         0         0         0         0         0         0         0         0
         1         0         0         0         1         0         0         0
         0         0         0         0         0         1         0         1
         0         0         0         0         0         0         0         0
         0         0         0         0         0         0         0         0
         0         0         0         1         0         0         0         0
         1         0         0         0         0         1         0         0
         0         0         1         0         0         0         0         0
         0         0         0         0         0         1         0         1
         0         0         0         1         0         0         1         0
         0         0         0         0         0         0         0         0
         0         0         0         0         0         1         0         1
         0         0         0         0         0         1         0         0
         0         0         0         0         0         0         0         0
         0         0         0         0         0         0         0         0
         0         0         0         0         0         0         0         0
         0         0         1         0         0         0         1         0
         0         0         0         0         0         0         0         0
         0         0         0         0         0         0         0         0
         1         0         0         0         1         0         0         1
         0         0         0         0         0         0         0         0
         0         0         0         0         0         0         1         1
         0         0         0         0         0         0         1         0
         0         0         0         0         0         0         0         0
         0         1         0         1         1         0         1         0
         0         0         1         0         0         0         0         0
         0         0         0         0         0         0         1         2
         0         0         0         0         0         0         0         0
         0         0         0         0         0         0         0         1
         0         0         0         0         0         0         0         1
         0         0         0         0         0         0         0         0
         0         1         1         0         0         0         0         0
         0         0         1         0         0         0         0         0
         0         0         0         0         0         0         0         0
         0         0         0         0         0         0         1         0
         1         1         0         0         0         0         0         0
         0         0         0         0         0         0         0         0
         0         0         0         0         0         0         0         0
         0         0         0         0         0         0         1         0
         1         2         0         0         0         1         0         0
         0         0         0         0         0         0         1         0
         2         0         0         0         1         4         3         8
         2         2         2         2         2         0         1         2
         1         0         0         0         2         0         0         1
         0         0         0         0         0         0         1         0
         1         0         0         0         0         0         0         0
         1         0         0         0         0         0         0         0
         0         0         0         0         0         0         1         0
         1         0         0         0         0         0         0         0
         0         0         0         0         0         1         0         0
         0         0         0         1         1         1         0         0
         1         0         0         0         0         0         0         0
         0         0         0         0         1         1         2         0
         1         0         0         0         0         0         0         0
         1         2         0         0         0         0         0         0
         0         0         0         0         1         0         0         1
         0         0         0         1         0         0         0         0
         0         0         0         0         0         1         0         0
         0         0         0         0         0         1         0         1
         0         1         0         0         1         0         0         1
         0         0         0         0         0         0         0         0
         0         1         0         0         0         0         0         0
         0         0         0         0         0         0         0         0
         0         0         1         0         0         0         0         0
         0         0         0         0         0         0         0         0
         0         1         0         0         0         0         0         0
         1         0         0         0         0         0         0         0
         1         0         0         0         0         0         0         0
         0         0         0         1         0         0         0         0
         0         0         0         0         0         1         0         0
         0         0         0         0         0         0         0         0
         0         0         0         0         0         0         0         0
         0         0         1         1         0         0         0         0
         0         0         0         1         0         0         1         0
         0         0         0         0         0         0         0         2
         0         0         0         0         0         1         0         0
         0         0         0         0         0         0         0         0
         0         0         0         0         1         0         0         0
         0         0         0         0         0         0         0         0
         0         1         0         0         0         1         0         0
         0         0         0         0         0         0         0         1
         0         0         0         0         0         0         0         0
         0         0         0         0         0         0         0         0
         0         0         1         0         0         0         0         0
         0         0         0         0         0         0         0         0
         0         0         0         0         0         0         0         0
         1         0         0         0         0         1         0         0
         0         0         0         0         0         0         0         1
         0         0         0         0         0         0         0         0
         1         0         0         0         0         0         0         0
         0         0         0         0         0         0         0         0
         0         0         0         1         0         0         0         0
         0         0         0         0         0         0         0         0
         0         0         0         0         0         0         0         0
         0         0         0         0         0         0         0         0
         0         0         0         0         0         1         0         1
         1         0         0         0         0         0         1         0
         0         0         0         0         0         0         0         0
         0         0         0         0         0         0         0         0
         0         0         0         0         0         0         0         0
         0         0         0         0         0         0         0         0
         0         0         0         0         0         0         1         0
         1         0         0         0         0         0         0         0
         0         0         1         1         0         0         0         0
         0         0         2         0         0         0         0         0
         0         0         0         0         0         0         0         0
         1         0         0         0         0         0         0         0
         0         0         0         0         0         0         1         0
         0         0         0         0         0         0         0         0
         0         0         1         0         0         0         0         1
         0         0         0         0         0         0         0         0
         0         0         0         0         0         0         0         0
         0         0         0         0         0         0         0         0
         0         0         0         0         0         0         0         0
         0         0         0         0         0         0         0         0
         0         0         0         0         0         0         0         1
         0         0         0         0         0         0         0         0
         0         0         0         0         0         0         0         0
         0         0         0         1         0         0         0         0
         1         0         1         0         0         0         0         0
         0         0         0         0         0         0         1         0
         0         0         0         0         0         0         0         0
         0         0         0         0         0         0         0         0
         0         0         1         0         0         0         0         0
         0         0         0         0         0         0         1         0
         0         0         0         0         0         0         0         0
         0         0         0         0         0         0         0         0
         2         0         0         1         0         0         0         0
         0         0         0         0         0         0         1         0
         0         0         0         0         0         0         0         0
         0         0         0         0         0         1         0         0
         0         1         0         0         0         0         0         0
         0         0         1         0         0         0         0         0
         0         0         0         0         1         0         1         0
         0         0         0         1         0         1         0         0
         0         0         0         0         0         0         0         0
         0         0         0         0         0         0         0         0
         0         0         0         0         0         0         0         0
         0         0         0         0         0         0         0         0
         0         0         1         0         1         0         0         0
         0         0         0         0         0         0         0         0
         0         0         0         0         0         0         0         0
         1         0         0         0         0         0         0         0
         0         0         0         1         0         0         1         2
         0         0         0         0         0         0         0         0
         0         0         0         0         0         0         0         0
         0         0         0         1         0         0         2         0
         1         0         0         1         0         0         0         0
         0         0         2         0         0         0         0         0
         0         0         0         0         0         0         0         1
         1         0         1         1         0         0         0         0
         0         0         1         0         1         0         0         0
         0         0         0         0         0         0         0         0
         0         0         0         0         0         0         0         0
         0         0         0         0         0         0         0         0
         0         0         0         0         0         0         0         0
         0         0         0         0         0         0         0         1
         0         0         0         1         0         0         0         0
         0         0         0         0         1         0         0         0
         0         0         0         0         0         0         0         0
         0         0         1         0         0         1         0         0

