h7	8000	1	1	1
         0         0         0         0         0         0         0         0
         0         0         0         0         0         0         0         0
         0         0         0         0         0         0         0         0
         0         0         0         0         0         0         0         0
         0         0         0         0         0         0         0         0
         0         0         0         0         0         0         0         0
         0         0         0         0         0         0         0         0
         0         0         0         0        88        81       101       103
        98       106       133       144       129       156       160       136
       156       151       162       165       155       142       171       176
       165       165       159       142       163       159       151       172
       167       175       188       204       203       210       206       232
       202       223       246       237       225       196       205       202
       231       223       199       187       231       214       259       280
       297       309       337       348       381       415       411       430
       438       403       373       366       344       320       342       329
       309       360       389       423       455       494       508       669
       716       806       886       960      1005      1064       991      1063
      1121      1072      1117      1080      1140      1329      1527      1933
      2600      3620      4795      6336      7708      9014      9426      9365
      8428      7011      5550      3973      2640      1794      1172       845
       619       574       530       528       584       595       706      1022
      1168      1628      2037      2421      2564      2445      2386      2092
      1766      1398      1127       860       683       464       370       285
       231       211       185       187       200       216       180       172
       175       166       170       173       160       168       173       172
       144       169       186       180       152       153       161       146
       202       158       177       167       170       186       178       170
       186       158       172       174       182       192       177       197
       162       184       216       220       202       188       192       212
       198       196       208       216       180       217       202       204
       216       197       219       220       213       225       215       220
       221       208       235       244       238       245       209       225
       251       242       269       299       274       301       287       310
       297       304       271       307       270       237       262       246
       268       235       234       244       247       256       267       270
       279       267       263       250       277       274       278       276
       289       304       278       263       275       286       279       277
       263       301       306       289       323       309       291       277
       294       324       292       329       325       299       315       308
       343       299       315       315       321       337       368       404
       374       409       430       435       438       454       458       426
       432       430       431       470       439       450       431       431
       458       467       391       437       394       387       390       412
       409       398       415       402       395       382       393       370
       375       345       370       394       373       386       370       358
       402       343       383       381       360       350       352       376
       365       386       366       356       361       319       321       305
       339       355       359       334       336       350       327       303
       316       333       359       340       334       336       366       309
       351       328       317       313       301       332       322       331
       337       339       355       320       322       302       301       332
       307       316       319       293       358       312       350       348
       319       327       328       325       302       304       299       295
       302       294       350       335       309       302       355       322
       314       337       319       285       339       331       339       305
       325       361       313       342       321       325       328       331
       314       328       323       328       310       276       327       348
       302       318       322       330       313       337       301       301
       315       351       382       413       572       844      1337      2049
      2994      4089      5094      5855      6365      6005      5296      4207
      3184      2117      1352       840       572       443       310       278
       258       280       265       256       244       249       265       247
       242       251       248       250       250       254       269       237
       246       237       238       277       242       241       265       246
       239       275       246       270       251       255       244       287
       229       264       233       253       253       260       259       267
       268       255       245       258       258       238       245       255
       218       237       265       282       243       253       233       205
       237       277       272       229       233       267       264       229
       238       253       267       252       239       250       255       244
       268       243       269       242       244       252       222       276
       297       233       274       244       228       226       278       266
       262       278       254       242       280       262       287       261
       280       294       281       287       289       280       294       282
       262       273       256       296       253       261       303       284
       299       292       274       277       245       279       241       264
       243       267       242       221       254       248       256       258
       282       254       275       273       230       257       273       257
       273       237       259       269       264       227       269       296
       263       319       266       316       304       278       302       286
       269       263       244       237       264       276       262       262
       261       239       238       231       258       249       259       253
       257       243       240       242       235       212       251       253
       262       237       210       234       209       253       254       266
       211       223       238       208       203       256       235       238
       231       217       229       214       208       204       230       236
       243       222       230       224       250       211       226       227
       217       230       247       221       230       245       221       226
       238       207       217       218       181       209       188       216
       228       251       209       238       206       205       229       219
       199       220       218       203       228       235       215       194
       234       211       210       238       201       226       195       225
       223       241       214       170       227       252       212       195
       198       199       217       214       197       228       240       208
       226       227       206       189       199       222       202       217
       234       225       235       200       231       207       208       218
       208       189       198       213       204       206       209       207
       213       221       208       191       202       189       185       214
       195       197       185       206       183       170       176       196
       194       181       197       192       180       152       190       222
       180       195       180       219       156       186       185       173
       155       197       181       149       171       181       176       192
       198       169       156       168       198       192       183       150
       169       193       175       172       213       171       189       193
       169       180       177       170       184       199       171       193
       166       184       178       190       199       170       195       162
       203       170       185       174       180       197       187       159
       168       193       187       184       190       188       168       194
       156       166       196       186       159       181       169       163
       163       150       169       177       176       154       174       166
       165       145       175       157       189       155       163       149
       157       192       172       157       141       159       180       148
       150       163       149       160       155       169       148       146
       140       143       167       146       129       159       163       167
       150       151       151       157       155       150       143       156
       144       145       133       152       120       161       147       131
       158       116       151       135       143       134       158       129
       138       139       137       144       146       130       145       121
       130       128       157       128       145       127       129       163
       145       153       123       133       141       145       161       188
       227       257       398       514       708       885      1101      1129
      1167      1008       809       669       478       337       279       199
       157       156       140       129       119       133       140       121
       146       112       122       114       141       111       113       123
       135       131       111       110       120        99       130       122
       116       119       122       121       114        88       111       122
       110       100       113       117       119       119       107        95
       120       110       102       112       128       101       111       112
       100       110       100       112       108       104       111       108
       113       114        99       131       106       115       105       108
       107       107       108       103        92        98       115       112
       101       107       113       103        90        92       105       109
       109       107        98        87        93       101       100        86
        86       100        87        95       119       130        93       112
        91       123       122       117       102       100       109       100
       105       104        76       112        89        83        88        98
       112       114        84       108       100        79        94        99
        89        88        91        76        98        84       108        73
        79        99       104        84        92        97        91       106
       100        94        81        85        89        84        87       102
        80        86        91       111       103        72       109        97
        91        99        94        98        79        86        69        82
        87       100        88        86       101        83        95        79
        80        70        86        88        83        92        99        82
        79        70        95        95        68        89        82        77
        88        89       109        80       104        85        91       102
       117        81       118       139       133       133       127       104
       105        86        82        77        82        86        67        71
        70        97        84        87        71        80        84        69
        81        80        65        76        87        80        75        83
        76        83        65        65        87        87        76        64
        74        70        75        67        76        82        78        87
        81        73        70        76        67        63        71        83
        75        63        89        74        78        87        62        61
        57        83        75        71        63        58        47        76
        75        76        79        71        56        84        71        89
        69        93        71        87        74        69        72        75
        66        58        63        66        62        75        76        67
        67        72        58        65        68        61        84        72
        74        62        57        64        79        78        69        79
        72        74        61        73        62        77        77        79
        48        70        82        82        75        81        79        66
        68        85        52        73        70        65        66        70
        83        88        85        84        65        68        70        72
        79        79        71        61        64        62        62        64
        66        78        68        52        67        75        61        72
        55        61        68        53        78        59        76        44
        69        56        63        77        69        76        79        64
        64        59        63        70        59        56        67        77
        68        67        80       117       133       210       330       553
       786      1209      1644      2056      2275      2525      2548      2194
      1933      1338       949       632       399       196       146       114
        61        55        57        57        47        57        49        68
        57        48        57        49        56        56        52        60
        51        61        63        55        54        60        54        60
        61        48        40        49        45        43        45        45
        52        50        53        50        48        72        61        51
        47        57        52        55        42        53        54        55
        44        55        49        54        56        52        52        52
        57        52        44        55        51        50        54        45
        52        52        54        48        50        40        52        44
        60        55        64        58        60        77        87        86
       113       111       119       123       129       128       103        75
        80        63        46        51        52        50        43        49
        42        53        41        48        59        51        39        38
        48        60        52        39        36        48        47        55
        48        56        65        53        47        53        48        42
        46        54        55        55        50        41        64        59
        55        46        60        53        45        42        47        65
        60        44        52        45        48        51        43        35
        45        49        44        52        55        53        42        50
        55        56        56        39        38        35        46        46
        50        50        59        47        46        56        49        64
        54        44        40        43        46        43        43        48
        55        60        48        43        42        65        33        37
        54        41        47        42        50        37        40        45
        49        54        47        57        38        47        50        46
        56        48        44        43        50        43        46        41
        53        55        42        50        43        43        47        39
        42        36        42        54        42        39        47        43
        39        46        43        41        37        42        43        38
        43        34        52        39        52        47        50        42
        44        46        37        49        39        38        48        45
        63        66        80        96       127       154       201       220
       209       210       183       193       131       108        81        63
        61        59        50        36        56        47        53        35
        47        44        51        48        56        53        48        53
        46        44        50        37        49        43        52        38
        41        42        38        33        30        43        36        40
        44        43        43        40        35        57        47        41
        41        47        53        45        33        39        54        47
        35        35        38        45        40        45        46        55
        50        57        46        46        43        59        39        51
        46        45        55        43        50        36        43        37
        37        47        36        42        55        42        49        38
        53        43        44        37        51        47        46        39
        28        46        50        32        41        34        42        40
        45        35        48        31        39        47        43        39
        46        51        52        32        39        44        45        39
        44        51        47        55        61        81       116       125
       185       226       227       276       257       250       204       167
       119       101        82        60        49        48        42        48
        40        37        40        39        45        41        53        40
        35        51        53        41        49        26        32        37
        40        34        46        31        35        45        45        30
        39        30        44        43        48        49        35        45
        39        42        50        39        44        40        38        46
        39        44        34        41        47        33        35        35
        38        44        34        34        44        45        44        46
        34        40        40        34        36        56        31        31
        48        47        45        45        38        29        33        45
        39        42        36        33        30        42        50        43
        41        37        40        42        38        40        34        32
        51        46        41        44        36        39        31        44
        44        42        22        42        46        47        40        40
        44        47        43        41        48        37        36        39
        34        40        37        47        40        40        47        38
        39        40        49        36        38        44        43        51
        30        33        33        31        30        34        40        37
        36        52        32        35        48        43        46        50
        52        31        54        34        41        52        36        48
        45        33        35        40        34        43        35        34
        50        50        57        57        50        62        78        58
        51        52        46        59        50        42        39        34
        36        42        41        39        36        39        36        52
        45        50        36        50        33        45        38        44
        40        39        40        28        42        38        45        43
        32        48        43        49        38        34        34        40
        35        32        45        40        28        43        49        47
        40        44        30        35        46        44        34        33
        60        56        58        44        50        51        53        47
        37        37        44        43        44        41        41        45
        29        37        36        29        43        38        32        41
        49        38        40        43        36        48        59        42
        37        34        53        56        38        29        51        61
        56        37        44        32        49        39        45        33
        43        26        55        40        37        38        39        33
        36        38        34        47        39        28        62        40
        41        51        46        37        36        41        43        51
        55        46        46        40        40        45        39        39
        42        42        42        46        29        42        45        37
        42        41        35        44        54        40        30        53
        45        43        34        32        39        41        42        32
        34        41        30        51        41        39        36        51
        39        45        44        42        33        41        37        31
        45        50        33        44        36        50        55        42
        41        35        38        39        32        44        35        42
        32        41        46        33        35        38        50        41
        40        33        43        43        44        45        34        31
        44        38        31        38        46        48        54        41
        41        53        42        43        35        51        47        38
        47        35        25        38        43        42        36        44
        32        30        28        48        35        56        38        38
        40        37        45        41        46        40        42        45
        42        39        57        50        35        37        40        45
        44        38        46        44        37        40        40        32
        29        41        52        49        39        42        36        34
        40        41        41        38        48        51        46        34
        44        40        46        46        36        45        45        42
        42        42        36        49        46        42        54        61
        53        59        67        72        71        59        85        66
        69        49        57        54        45        44        42        62
        43        40        46        44        46        41        37        47
        37        33        34        43        41        36        38        43
        34        46        32        37        37        35        49        39
        34        55        44        44        60        34        43        61
        48        39        38        47        32        46        43        39
        39        41        44        33        41        53        49        53
        34        40        34        58        38        52        37        45
        41        44        37        54        43        41        53        49
        49        48        52        41        42        45        43        45
        64        62        53        83        63        57        80        55
        57        51        33        53        41        36        46        44
        44        34        31        46        40        33        38        39
        30        43        30        39        37        40        37        48
        38        33        36        33        47        35        35        31
        26        27        32        40        31        40        46        42
        43        34        41        34        41        37        45        28
        32        37        27        31        36        33        35        35
        39        34        42        37        30        31        39        30
        31        33        42        29        32        32        42        50
        30        27        37        47        31        35        34        43
        37        27        36        30        36        41        48        30
        35        46        33        30        31        30        33        37
        22        36        33        35        25        27        28        45
        49        35        27        39        38        27        37        29
        25        49        25        32        37        34        21        33
        33        31        27        38        26        29        36        32
        34        34        34        28        30        30        36        31
        29        40        35        41        27        39        26        26
        35        26        38        34        28        26        34        39
        39        24        43        31        32        29        42        35
        30        20        28        42        49        33        34        40
        34        30        32        36        36        29        38        24
        31        28        23        30        43        25        34        31
        35        28        31        36        32        23        35        32
        32        27        37        35        29        35        18        35
        35        29        37        42        41        25        40        37
        40        38        39        41        37        37        29        32
        34        34        27        34        32        36        25        28
        30        35        25        33        41        34        30        32
        48        35        30        33        25        28        34        27
        34        27        31        29        41        38        34        32
        32        37        40        35        37        30        34        43
        32        27        37        33        39        36        29        39
        35        34        34        33        36        31        30        41
        46        30        36        34        40        34        33        47
        39        44        28        45        36        33        31        30
        26        34        28        30        32        34        30        40
        35        33        41        41        32        31        39        26
        31        38        28        44        26        37        33        27
        38        39        38        35        36        27        28        34
        36        39        37        39        37        29        30        40
        39        36        31        24        26        28        26        23
        47        27        31        46        33        28        37        35
        29        31        39        38        26        36        33        41
        48        45        35        47        32        37        31        36
        34        37        34        39        39        40        43        50
        49        63        61        57        49        46        40        40
        20        22        31        27        34        23        43        38
        38        25        38        28        33        27        25        34
        35        34        39        28        36        37        28        39
        44        46        39        36        41        56        50        65
        52        79        64        83        78        62        58        45
        35        31        36        28        35        41        33        30
        36        26        33        34        29        41        30        33
        30        40        41        34        38        35        48        33
        32        22        37        24        36        37        33        31
        26        32        29        29        16        38        26        24
        28        28        34        32        37        32        30        38
        27        33        25        30        25        29        28        28
        44        29        49        35        34        38        39        32
        29        39        37        49        19        35        39        39
        28        35        29        39        35        31        31        35
        39        34        24        28        24        39        28        33
        33        35        28        33        33        36        33        30
        35        30        37        34        35        31        29        23
        29        41        44        37        39        36        32        36
        33        42        41        44        52        43        47        53
        48        50        41        42        34        30        39        42
        43        39        36        42        31        32        34        38
        38        24        42        36        35        30        30        38
        28        33        39        28        30        40        34        32
        42        40        30        31        30        33        38        39
        36        39        28        32        27        30        32        26
        29        33        36        38        25        31        32        21
        35        34        25        33        28        36        24        34
        24        38        40        37        27        34        39        37
        42        39        30        26        28        21        38        25
        38        37        36        27        33        32        23        45
        34        33        52        31        35        41        30        31
        40        31        32        50        43        42        23        33
        48        37        40        39        36        39        30        31
        24        24        37        32        35        39        35        35
        26        37        36        29        33        36        30        37
        34        36        27        32        38        29        38        35
        37        40        26        27        40        40        27        30
        25        42        38        31        45        26        39        40
        32        22        29        45        28        37        26        32
        32        37        36        26        32        43        32        30
        46        29        29        27        22        36        40        36
        29        43        28        32        38        40        30        30
        36        33        31        27        27        40        40        34
        25        46        42        28        28        38        32        30
        39        35        36        27        39        25        30        31
        32        37        21        25        31        33        32        20
        32        38        35        31        26        22        28        32
        22        36        35        45        44        61        80        88
       170       229       283       385       478       527       579       543
       529       447       348       291       207       143        90        76
        59        44        31        27        20        29        39        26
        23        42        34        32        21        21        20        27
        29        26        28        21        24        28        25        20
        25        21        20        26        22        29        35        20
        30        26        33        24        27        26        26        24
        28        20        29        35        26        28        31        33
        28        32        27        27        33        20        32        32
        34        30        21        28        26        19        37        28
        25        24        27        26        25        27        25        23
        17        29        29        22        25        36        22        19
        23        40        25        25        34        18        24        26
        26        28        22        29        24        29        30        23
        23        31        21        22        34        23        33        43
        29        34        32        32        27        24        33        34
        27        32        45        39        38        51        46        33
        40        40        30        23        24        22        25        22
        28        21        26        29        29        28        29        23
        36        25        22        30        26        29        31        22
        29        17        24        28        35        24        24        22
        34        21        24        32        36        26        30        21
        34        28        26        27        30        30        23        22
        26        25        22        21        30        20        21        17
        30        16        23        38        22        33        30        27
        20        34        29        24        32        29        24        33
        23        34        17        34        24        20        32        22
        23        26        28        25        25        23        28        32
        28        29        18        25        27        17        25        31
        26        36        31        37        32        24        20        27
        30        26        30        34        36        36        31        21
        38        27        31        26        37        31        34        24
        29        36        26        40        28        29        33        27
        25        24        29        22        27        27        28        22
        33        27        32        29        27        25        22        34
        31        30        20        14        26        21        30        23
        23        32        32        33        24        18        30        26
        29        25        26        19        26        21        28        26
        34        28        30        30        24        28        30        29
        32        28        31        37        29        31        21        34
        38        21        19        31        31        33        31        30
        27        22        34        33        25        27        32        23
        30        23        38        22        22        32        32        20
        36        28        28        30        32        33        49        49
        51        65        91       112       133       154       177       184
       183       158       148       127       107        75        54        46
        43        35        26        20        25        25        26        34
        27        32        33        35        20        23        26        38
        30        35        30        21        27        30        29        33
        33        23        23        22        30        38        23        23
        29        24        31        24        27        26        28        24
        35        28        22        27        36        20        30        25
        19        22        31        24        27        28        22        21
        18        18        30        28        28        27        22        24
        24        22        21        20        23        21        22        22
        28        29        13        29        23        25        27        27
        25        28        19        25        28        16        30        19
        21        19        14        27        21        28        29        25
        27        33        26        25        22        24        17        24
        14        27        21        33        25        33        29        27
        33        29        28        21        23        24        24        29
        24        26        34        32        21        26        33        20
        29        25        19        29        26        19        24        28
        20        20        31        19        17        24        32        21
        21        30        14        20        24        21        16        20
        18        18        25        17        24        18        11        24
        21        14        25        24        27        17        22        22
        19        22        17        21        23        35        16        24
        19        23        14        19        26        10        27        16
        21        20        18        18        25        17        17        21
        23        16        34        39        28        25        24        35
        36        29        27        22        23        24        20        16
        22        18        12        27        16        17        10        13
        15        21        25        23        28        16        18        17
        21        23        29        26        26        37        28        22
        23        19        26        18        14        20        15        21
        23        14        31        24        16        21        24        15
        22        22        16        14        16        17        17        21
        18        18        10        16        23        16        22        18
        20        24        13        21        13        20        25        17
        11        25        25        16        15        20        16        21
        20        17        27        24        19        17        19        15
        19        18        10        19        16        12        15        23
        30        18        18        18        20        13        15        13
        18        15        24        19        11        24        18        13
        17        12        16        16        20        12        22        18
        19        12        21        15        22        21        15        15
        12        21        10        23        19        20        22        20
        11        18        17        20        13        17        17        18
        20        26        20        19        15        14        16        20
        15        19        18        19        20        22        14        16
        17        16        27        17        18        24        20        35
        45        56        87       130       219       256       335       428
       478       474       454       485       446       342       275       211
       141        84        58        39        29        30        21        16
        14        15         8        15        21        21        19        19
        15        14        14        19         7        19        16        11
        14        23        20        16        12        16        15        12
        10        18        11        15        13        25         6        20
         9        11        11        16        14        14        11        14
         9        22        13        15        16         9        18        13
        22        16        12        17        15        15        10        16
        17        16        14        21        12        16        11        15
         7        10        14        10        17        18        14        20
        25        18        14        20        17        15        11        13
        22        14        13        20        12        14        17        13
        18        16         9        13        15        12        12        14
         8        16        10        15        20        12         8        20
         9        14        13        15         9        11        16        16
        22        18        16        13        16        18        22        15
        14        15        15        15        12        11        16        15
        10        13         9        14        22        14        15        11
        22        12        25         8        14        17        23        26
        29        29        29        23        32        43        35        34
        36        28        31        27         9        15        16        10
        14        18        11        12         7        17        19        18
        15        10         8        18        11        12        10        12
        16         8         9        11         8        11        15         8
         7        19         8        13        16        14        11        11
        11        11        12        14        19         5         9        16
         8        16        13        13         5        11        21        19
        12        10         7         9        15        12        10        13
         5        13        13        13        20        12        17         9
         8        10        16        13        12        16         8        11
        13         9        17         7         9        14        11        17
        18        15        15        16        11        11        11        20
         6        14        11         9        16        14         7        12
        11        10        17        12        17        12         7        10
        11        12        13        10        16        17         8        12
        11        15        17        10        10        10         9        14
         7        10        10         9         9        12        13        21
        15        13        12        18        14        10        12        11
        14        10        17         6        15        11         9        11
        17        15        10        18        10        12        15        11
        11        16         5        16         8        15         5        10
         8        12         6        10        18        15        14        11
        14        11        15         5        16        10        17        15
         5        16        11        13        10        15        12        15
        17         9         8        16        25        11        15        10
        13        15        14        12        16        12        16        13
        14        10         8        11        13        15        12         8
        16        16        12        13        19        16        14        11
        13        10        16        10        15        16        11        11
        16        10        19         9        11        19        17        14
         8        16        15         9        15        11        16         9
        13        10        13        14        12        10        14        12
        11        17        11        14         5         9        10        14
        17        16        15        12        19        18        10         8
         9        10        17         9        10        13        10         6
        17        10        10        18         5        11        12        17
         8        19         9        10         9        12         9        12
        11        14        14         6        15        12         7        17
        17        12        23        12        26        21        20        30
        51        80       100       142       173       210       255       288
       333       294       279       251       207       160       131        79
        63        52        43        43        50        61        80        55
        76        61        63        44        46        39        24        26
        27        16        12        14        14        14         8        16
        10         5         7         9        13        12         8         9
        16        14        12        16        11        10        11        13
         8        10        16        10        11         6        11        10
        10        10        10        13        16        16        15        13
         9         9        11        14        14        12        20        19
        15        10         8        18        17        13        10        16
        10        10        18        14        14         7        11        17
        15        14        26        22        22        26        22        38
        51        70       105       128       220       261       284       328
       393       404       370       322       300       254       191       163
        90        72        44        28        18         9        21        10
        11        10        11        10        12         9         9        14
        14         9        14        11        15         9        21         9
         7        18        12        12        12        13        14        17
        14        12        11        21        12         9         8        14
        13        16        20        11         9        15        24        20
        16         7        16        10        16        14        10        23
         8        17         8         6        12        11        10        20
        15        17         8        10        16         9        15        11
        11        11        13        12        14        10        16        11
        10        11        15        15         8        10        16        13
        15        12        14         8        13        13         7        12
         7        10         7        11        15         7        14        10
        10        16        16        16        17        16         9         4
        18        11        16        15        16         6        13        15
         9        13        16        16         7        15        17         4
        12        13        13        10        19        17        17        12
        11        13        15        20        17        13         9        21
        14        12        13         8        12        15        18        12
        12        15        24        21        14         7        15        16
        15        15        13        10        19        17        12        14
         9        12        14        18        17        14        16        13
        12         8        18        12        15        13        10        17
         9        10        16        11        11        20         6        14
        13         4        18        14        13        13        14        12
        13        14        16        12        18        16        15         7
        10        10        11        13        16        10        13        12
        17        11         9        11        11        15        17        16
        10        16         8        13        11         8        10         9
        10        11        17        17        14        19        15        14
        11        13        12         7         9        11        18         9
         8        14        10        15        24        20        17        12
        14        15        10        13        13        16        18        10
        11        15         7        15        19        16        17        15
        18        17        11        16        15        20        14         8
        10        17        21        16         6        11         9        16
        17        11        10        16        10        17         9        10
         8        11        19        12        14        17         8        12
        13        10        13        18         9        10        12        12
         8        10         8        10         7        10        11        12
        14         8        14        10         9        11         9        12
         6         6        11        11         8        10         7        14
         7         8         9         9        11         9         9        12
        10        10        11        12        13        11         9         8
         7         9         8         7         8        11        13         9
         5        12         3        15         6         6         3         8
        12         8         8         5         7         6        13         7
        11        11         8         7        11         4         8        11
        12         7        15         7        21        14        20        31
        26        41        45        53        37        38        43        28
        37        22        17        22        14         8         9        12
         7        10        10        10         7         4         6         5
         8         5         4         8        11         7         8        10
         5         7         5         7        11         6         2         6
         6        10        10         9         6         8         7         8
         8        13         9         2         9         9         7         8
         6         3         6         8         2         6         6        11
         8        11         3         7        10         5         8        10
         7         7         7         4         6        10         2        10
         4         5        11        11        14        10         9         6
         8         6         7        13        14        10         9         9
         7         5        11         8         6         5         8        15
        10         8         3        12         3         2         8         5
         8         8        11         6        14         9         4         3
         7         7         7         7        10        11         6         5
         6         9        10         5         9         3         6         6
        13         5         6        11         7         6         1        12
        10         8         7         4         9         5        12         9
         8        13        16         7        10         7         6         4
         7        10         8         6         6         9         7         7
         7         8         5         2         6         7         6         4
         1         7         4         6        12         7         3         5
         4        10         3         6         5         8         7         8
         6         6         6         4         6         6         8         5
         3         5        10         8         6         7         2        11
         4         5         8         6         9         3        11         3
         4         5         3         2         2         4         5         4
         3         4         7         7         6         4         4         2
         5         6         6         9         2         7         8         4
         4         2         2        11         7         5        10         4
        14         9        10         9         7         6         6         5
         6         3         4         5         3         8         8         5
         5         4        10         6         3         1         6         4
         7         3         5         7         2         3         5         4
         5         3         4         2         6         4         3         2
         8         3         2         5         6         1         1         2
         2         4         4         5         2         5         7         4
         2         1         3         6         3         3         4         3
         0         5         4         5         7         4         4         6
         2         6         3         9        10         8         3         5
         8         4         5         3         5         3         4         2
         5         3         7         5         1        19        13        24
        22        40        37        48        49        32        32        34
        27        22        19        12        12         3         9         3
         3         4         1         4         3         3         3         2
         5         0         0         3         1         1         2         4
         4         1         3         4         1         1         1         3
         1         5         3         4         3         1         2         3
         0         3         0         3         2         4         4         1
         0         3         4         3         1         2         0         3
         1         3         5         2         7         1         3         1
         2         3         1         0         1         1         4         4
         3         0         2         0         3         1         3         6
         3         4         2         0         3         1         2         1
         2         1         0         0         1         3         2         2
         3         1         2         0         3         1         3         3
         2         3         0         3         3         3         3         1
         0         1         3         4         2         2         0         2
         3         2         0         2         0         4         3         0
         5         2         1         1         1         1         4         2
         2         0         2         5         1         3         2         3
         1         3         2         2         0         0         2         1
         0         2         1         0         2         3         1         5
         1         4         2         0         2         1         3         0
         3         1         0         1         2         2         1         2
         1         4         2         3         1         0         1         2
         2         4         0         6         4         3         2         1
         1         1         1         2         3         5         3         0
         0         2         0         1         1         2         2         0
         2         3         2         2         5         2         0         2
         1         1         3         1         3         1         1         0
         1         2         0         1         4         4         1         2
         0         1         1         1         1         2         1         1
         2         0         1         0         1         0         3         2
         1         1         1         1         3         2         2         0
         0         1         4         2         1         1         3         1
         1         3         3         1         1         2         2         3
         2         0         4         2         0         2         2         1
         2         1         2         3         1         1         1         2
         0         0         1         3         0         1         1         0
         2         2         0         1         1         1         2         2
         1         2         0         1         3         2         1         3
         3         2         4         1         1         1         1         5
         3         1         1         0         0         0         1         1
         1         2         1         6         1         1         1         1
         2         0         1         1         0         1         1         2
         0         1         1         3         0         0         3         3
         2         4         1         1         0         0         2         3
         1         2         1         1         3         1         0         1
         2         1         0         0         0         2         2         1
         0         2         1         1         4         0         4         1
         3         0         3         1         2         0         1         0
         2         1         0         2         2         4         5         0
         1         2         1         2         1         5         2         2
         2         6         1         2         0         4         7         0
         5         6         8        12        24        36        41        89
       125       153       204       277       333       400       471       440
       462       395       385       336       233       200       129       104
        69        34        20        10         6         2         3         0
         1         2         0         2         1         1         2         0
         0         0         0         0         0         0         1         1
         0         1         1         1         3         0         1         0
         2         0         1         0         0         0         0         1
         1         1         0         1         2         0         0         2
         0         0         0         0         2         0         1         1
         1         0         0         0         1         1         1         0
         0         1         0         1         1         2         1         0
         1         0         0         0         0         0         0         0
         0         0         0         0         0         1         0         0
         1         0         0         0         0         1         1         1
         0         0         0         3         1         0         0         0
         0         2         0         0         0         1         0         2
         0         0         1         0         0         0         1         0
         1         1         0         1         1         1         0         0
         1         1         3         0         1         1         1         2
         2         2         2         2         2         0         2         3
         4         6         5         1         2         2         3         2
         4         2         4         4         1         3         0         2
         2         0         1         1         1         0         0         1
         1         1         1         3         1         3         0         1
         1         1         1         5         2         0         4         6
         2        14         7        19        13        10        11        13
        11         8        11         7         7         7         8         2
         5         6         4         7         5         6         8         7
         5         4         3         1         1         0         2         0
         0         0         0         1         1         0         0         0
         1         0         0         0         1         2         0         0
         0         0         0         0         0         0         1         0
         1         0         0         1         0         0         0         0
         0         0         0         2         1         1         0         0
         1         1         0         1         0         0         1         0
         0         0         0         0         1         1         0         1
         0         1         0         1         0         1         0         0
         0         2         1         0         0         0         0         0
         0         0         0         0         1         1         0         0
         0         0         0         0         1         1         0         1
         0         0         0         1         0         0         0         0
         0         0         0         0         0         0         0         1
         0         1         0         0         0         1         0         2
         2         0         0         2         0         0         1         0
         1         2         0         0         0         0         1         0
         0         0         0         1         0         1         1         0
         0         0         0         0         1         0         0         1
         0         1         0         0         0         0         0         1
         0         0         0         0         0         0         0         1
         0         1         0         0         1         0         1         0
         0         0         1         0         2         1         1         0
         0         0         0         1         0         2         0         0
         0         0         1         1         0         0         1         0
         0         0         0         0         0         0         0         1
         0         0         0         0         0         0         0         0
         1         0         0         0         0         0         2         0
         0         0         1         0         0         0         0         1
         0         2         1         0         0         1         0         1
         1         1         0         1         0         0         0         0
         1         1         0         1         2         0         2         2
         1         2         4         3         7        11         6         8
         5         6         3         5         3         6         5         4
         2         3         4         0         3         1         0         0
         0         0         1         0         1         1         0         0
         0         0         0         0         2         0         0         0
         1         0         0         0         2         0         1         0
         1         1         0         0         0         0         0         0
         1         1         0         0         0         0         0         0
         0         0         0         0         0         0         1         1
         0         0         0         0         0         0         1         0
         1         1         1         2         0         0         0         0
         0         0         0         0         0         0         0         1
         0         0         0         0         0         0         0         0
         1         0         0         0         0         0         0         0
         0         1         0         0         0         0         0         0
         0         1         0         0         0         0         1         0
         0         0         1         1         0         0         0         0
         0         0         0         0         0         0         0         0
         0         0         0         1         0         1         0         0
         0         1         0         0         0         0         0         0
         2         1         1         1         0         0         0         0
         0         0         0         0         0         0         0         1
         0         0         0         0         0         0         0         0
         0         0         0         0         0         1         0         0
         0         0         0         1         0         0         0         0
         0         0         0         0         0         0         0         0
         0         0         1         0         0         0         0         0
         0         1         0         0         0         0         0         0
         0         0         0         1         0         0         0         0
         1         0         1         0         0         0         0         0
         0         0         0         0         0         0         0         0
         0         1         0         1         0         0         0         0
         0         0         0         0         0         0         0         0
         0         0         1         0         0         0         0         1
         1         1         0         0         0         1         0         1
         1         0         0         2         0         1         0         0
         0         1         0         0         0         0         0         0
         0         1         1         1         1         0         0         1
         0         0         0         0         0         0         1         0
         0         0         0         0         1         2         0         0
         0         0         0         0         0         0         0         1
         1         0         0         0         0         1         0         0
         0         0         1         0         0         1         0         1
         0         0         0         0         0         2         0         0
         0         0         0         0         0         0         1         0
         0         1         0         0         0         0         1         0
         0         2         0         1         0         0         0         0
         0         0         1         0         0         0         0         0
         0         0         1         0         0         1         0         0
         0         1         0         0         0         0         0         0
         0         1         0         0         0         0         0         1
         0         0         0         0         1         0         0         0
         0         0         0         0         1         1         0         0
         0         0         0         1         0         0         0         1
         1         0         0         0         0         0         0         0
         1         0         1         0         0         0         0         0
         0         0         0         0         0         1         0         0
         2         0         0         0         0         0         1         0
         0         2         1         0         0         1         0         0
         0         1         0         0         0         0         0         0
         2         0         1         1         0         0         0         1
         1         0         0         0         0         0         1         0
         0         2         0         0         0         0         1         0
         0         0         0         0         0         0         0         0
         0         0         0         0         0         0         0         0
         0         0         1         0         1         0         0         0
         0         0         0         0         0         0         0         0
         0         0         0         0         0         0         0         0
         0         0         0         0         0         0         0         1
         0         0         0         0         1         0         1         0
         0         0         0         1         1         0         0         0
         0         0         0         0         0         0         1         1
         0         0         0         0         0         0         0         0
         0         1         0         0         0         2         0         0
         1         0         0         0         0         0         0         0
         0         1         1         0         0         0         0         0
         0         1         0         0         0         0         0         0
         0         0         0         0         0         0         0         0
         0         1         0         0         0         0         0         0
         1         0         0         1         0         0         0         0
         1         0         0         0         0         0         0         0
         0         0         0         0         0         0         0         0
         0         0         0         0         0         0         0         0
         1         0         0         1         0         1         0         0
         0         1         1         0         0         0         0         1
         0         0         0         0         0         0         0         0
         0         0         0         0         0         0         0         1
         0         0         1         0         0         0         1         0
         0         0         0         0         0         1         0         1
         0         0         0         0         0         0         0         0
         0         0         2         0         0         0         0         0
         0         0         0         0         0         0         0         0
         1         1         1         0         0         0         0         0
         0         0         0         0         1         0         1         1
         0         0         0         0         0         1         0         0
         0         0         0         0         0         0         0         0
         1         0         0         0         0         0         0         0
         0         0         0         0         0         0         0         0
         0         0         0         0         0         0         0         0
         0         1         0         1         0         1         0         2
         0         0         0         1         1         0         0         0
         0         0         0         1         0         0         1         1
         0         2         0         1         0         0         1         0
         0         0         0         0         0         0         0         0
         0         0         0         1         0         0         0         0
         0         0         0         1         0         0         0         1
         0         1         0         0         0         0         0         0
         0         0         0         0         1         0         0         0
         0         1         0         0         0         1         1         0
         2         0         0         0         0         0         0         0
         0         0         1         0         0         0         0         0
         0         0         0         0         0         0         0         0
         0         0         0         0         0         0         0         0
         0         0         0         0         0         0         2         0
         0         0         0         0         0         0         0         0
         0         0         0         0         0         0         1         0
         1         0         0         0         0         0         0         0
         0         0         0         0         0         0         1         1
         0         2         1         1         2         4         1         2
         5         2         3         2         1         1         0         0
         1         0         1         0         0         0         0         0
         0         0         0         0         0         0         1         0
         0         0         0         0         0         0         0         0
         0         0         0         0         0         0         0         0
         0         0         0         1         0         0         0         0
         1         0         1         0         1         0         0         0
         0         0         0         0         0         0         0         0
         0         0         0         0         0         0         0         0
         0         0         1         0         0         0         0         0
         0         0         1         0         0         0         0         0
         0         0         0         0         1         0         0         1
         0         0         1         0         0         0         0         0
         0         0         0         0         0         1         0         1
         1         0         2         0         0         0         1         1
         0         0         0         0         0         0         0         0
         0         0         0         0         0         0         1         0
         0         1         0         0         0         0         0         0
         0         0         0         0         1         1         1         0
         0         0         1         1         0         1         0         0
         1         0         0         1         1         0         0         0
         1         1         0         0         1         0         0         0
         0         0         0         0         0         0         0         2
         0         0         0         0         0         0         0         0
         0         0         0         0         0         0         0         0
         0         0         0         0         0         0         1         1
         0         0         0         0         0         0         0         0
         0         2         0         0         0         0         0         0
         0         0         0         0         0         0         0         0
         0         0         0         1         0         0         0         0
         1         0         0         0         0         0         0         0
         0         0         0         1         0         0         0         0
         0         0         0         0         0         0         0         0
         0         0         0         0         0         0         0         0
         0         0         1         0         0         0         0         0
         0         0         0         0         0         0         0         0
         0         0         0         0         0         0         0         0
         1         0         0         0         0         0         0         0
         0         1         0         0         0         0         0         0
         0         0         0         0         0         0         0         0
         0         0         0         0         0         0         0         0
         1         0         0         0         0         0         1         0
         0         0         1         0         0         0         0         0
         0         0         0         0         0         1         0         0
         0         0         0         0         0         0         0         0
         0         0         0         1         0         1         0         0
         1         0         1         0         1         0         0         0
         0         0         0         0         0         0         0         0
         0         0         0         0         0         1         2         0
         0         0         0         0         0         0         2         0
         0         0         1         0         0         0         0         0
         0         0         0         0         0         0         0         0
         1         0         0         0         0         0         0         1
         0         0         0         0         0         0         0         0
         0         0         0         0         0         0         0         1
         0         0         0         0         0         0         0         0
         0         1         0         0         0         0         0         0
         0         0         0         1         1         0         0         0
         0         0         0         0         1         0         0         0
         0         0         0         1         0         0         0         0
         0         0         0         0         0         1         0         0
         1         0         0         0         1         0         0         0
         0         0         0         0         0         0         0         0
         0         0         0         0         0         0         0         0
         0         0         0         0         0         0         0         1
         0         0         0         0         0         0         0         0
         0         0         0         0         0         0         0         0
         0         1         0         0         0         0         0         0
         0         0         0         0         0         0         0         0
         0         0         0         0         0         0         0         0
         0         0         0         0         0         0         0         0
         0         1         1         0         0         0         0         0
         0         0         0         0         0         0         1         0
         0         1         0         0         0         0         0         0
         0         0         0         0         0         0         0         1
         0         0         0         0         0         0         0         0
         0         0         0         1         0         0         1         0
         0         0         0         0         0         0         0         0
         0         0         0         0         0         0         1         1
         1         0         1         0         0         0         1         1
         0         2         0         0         0         0         0         1
         0         0         0         0         1         0         0         0
         0         0         0         0         0         0         0         0
         0         0         0         0         0         0         0         0
         0         0         0         0         0         1         0         0
         0         0         1         0         0         2         0         0
         0         1         0         0         0         0         0         1
         0         0         0         0         0         0         0         0
         1         0         0         0         0         0         0         0
         1         1         0         0         0         0         0         0
         0         0         0         0         1         0         0         0
         0         0         0         0         0         0         0         0
         1         1         0         0         2         0         0         0
         0         0         0         0         2         0         0         0
         0         0         0         0         0         0         0         1
         0         0         0         0         0         0         0         0
         0         0         0         0         0         0         0         0
         0         0         0         0         0         0         1         0
         0         0         0         0         0         0         0         0
         0         0         0         0         1         0         0         0
         0         0         0         0         0         1         0         1
         0         0         0         0         0         0         0         1
         0         0         0         0         0         0         0         0
         0         0         0         0         0         0         1         0
         0         0         0         0         0         0         0         0
         0         0         0         0         0         0         1         0
         0         0         0         0         0         0         0         0
         0         0         0         0         0         0         0         0
         0         0         0         0         0         0         0         0
         0         0         0         0         0         0         0         0
         0         0         0         0         0         0         1         0
         1         0         0         0         0         0         0         0
         1         0         0         0         0         0         0         0
         0         1         0         0         0         0         0         0
         0         0         0         1         0         0         0         0
         0         0         0         0         0         0         0         0
         0         0         1         0         1         0         0         0
         0         0         0         0         0         0         1         0

