h1	4000	1	1	1
         0         0         0         0         0         0         0         0
         0         0         0         0         0         0         0         0
         0         0         0         0         0         0         0         0
         0         0         0         0         0         0        18        12
        22        26        24        29        16        43        46        71
        71        82       115       113       146       176       198       210
       253       275       269       311       396       436       460       577
       613       658       726       742       824       849       863      1020
      1152      1390      1588      1896      2152      2573      2791      3191
      4078      5366      7103      9710     11791     13581     14396     13603
     11784      9176      6652      4788      3487      2919      3042      3497
      3868      4041      3933      3526      2920      2208      1624      1146
       780       591       501       448       387       423       425       396
       399       410       392       373       379       399       426       387
       422       429       402       420       398       416       428       401
       402       448       417       450       460       466       517       482
       479       561       560       548       590       579       551       616
       617       590       571       655       616       591       610       590
       537       590       605       603       648       631       665       667
       697       726       682       722       691       748       754       762
       830       840       846       904       971      1013      1020      1050
      1039      1014      1046      1021      1019      1002       925       928
       979       979       892       878       912       874       874       876
       838       819       812       868       784       808       807       800
       816       743       774       776       817       756       737       707
       739       737       708       739       733       697       715       739
       725       773       715       691       748       743       752       728
       748       703       731       739       736       745       732       711
       739       739       742       732       701       696       702       787
       817       804       929      1222      1846      2909      4373      6059
      7738      8672      9139      8572      7029      5420      3651      2335
      1528       994       705       640       623       633       562       612
       569       585       610       586       623       605       626       583
       570       617       570       569       553       564       576       572
       595       582       562       591       549       562       571       556
       605       567       582       568       589       579       588       601
       554       591       564       630       625       616       648       630
       634       628       673       670       637       648       609       667
       698       669       635       637       593       626       653       604
       612       643       644       602       659       634       604       621
       647       629       642       615       609       587       561       580
       581       542       572       609       602       592       608       523
       560       514       539       564       539       560       516       524
       508       529       525       538       573       508       538       557
       528       532       522       546       528       532       548       499
       505       458       519       509       518       479       461       504
       503       488       503       480       512       510       511       493
       461       524       509       488       512       476       487       498
       483       466       515       500       490       478       512       454
       470       486       485       498       424       418       432       435
       444       404       430       473       445       395       462       452
       451       452       454       409       420       426       441       425
       454       406       409       443       437       434       459       470
       407       402       405       431       404       478       431       399
       401       409       421       423       398       400       394       362
       368       354       412       426       399       379       383       386
       376       385       356       379       369       379       365       339
       352       330       333       345       336       363       371       361
       357       318       353       346       319       324       333       310
       305       314       348       331       359       294       321       365
       360       436       594       782      1069      1288      1529      1749
      1547      1504      1196       905       678       509       391       308
       282       270       290       271       266       291       268       277
       257       278       247       260       269       263       280       253
       285       334       408       633       922      1445      2105      2537
      2813      2898      2598      2089      1587      1028       665       460
       330       262       255       260       215       241       207       245
       233       233       223       233       253       249       234       235
       250       251       216       215       221       231       257       220
       243       200       217       199       216       201       223       215
       220       199       207       224       219       227       214       223
       222       210       184       187       201       207       194       193
       201       215       192       210       200       197       232       190
       216       224       238       244       262       248       270       276
       282       250       222       233       200       184       164       171
       185       171       161       169       170       201       184       197
       175       180       184       177       185       181       172       162
       179       180       177       167       179       182       158       160
       173       192       190       172       154       165       168       166
       183       160       161       171       184       154       173       191
       145       161       148       156       161       159       175       171
       163       158       164       165       184       176       163       189
       183       177       160       163       151       142       153       170
       184       150       168       162       151       164       164       173
       156       161       151       152       162       165       200       230
       379       516       914      1481      2146      2815      3537      3889
      3741      3219      2568      1875      1205       656       399       238
       188       153       147       114       132       135       133       126
       140       139       126       133       115       146       121       139
       134       129       114       132       125       133       136       113
       117       106       125       105       131       114       136       124
       156       144       161       181       211       213       222       238
       228       185       178       147       131       105        96       111
       122       126       120       119        94       139       128       124
       111        98       134       100       116       111       125       114
       118       128       113       111       129       141       137       148
       126       106       119       105       107        93       105       115
       106       108       130       111       106       112       107       109
       116       106       112        83       111       113        99       108
        96       117       127       134       130        99       121        92
       109       112        88       125       111       106       128       120
       115       104       108       101       111       117       138       144
       183       237       284       359       395       351       334       304
       259       198       174       148       122       122       108       102
       131       111       106       113       109       100       105        94
       113        82       109       109        95        85       105       109
        99       100       109       113       108       126       101       113
       102        93        93        98       109        90       114        92
        97       128        86       102       109       104       102       105
        99       100       111       113       114       102       123       150
       131       149       237       300       324       403       443       453
       405       279       237       186       141       119       104        97
        84       106        87        87       100       108       107        92
       105       106       106       117       104       109        83       106
        96        99        92       107        90        85        96        94
        99       124        91        97        88        96       105       107
        96       100       109        83        88        99        92        91
       104        94       108       112        85       105       119        83
       115       100       103       118        93       105       105        90
        97        90        88        95       103        98        84       109
        91       100       104        88       115       106       100       105
        96       106       109       117       113       104       152       144
       141       146       137       128        98       111       104        94
       105       102       106        98       101        97       106        98
        94        93        96        98       103       100        87       114
       108        99       100       121        96       125       125        97
        92       104       109       107       108       112       103       101
       116        82       103       110       114       121       109        97
        96        98        94        99        99        98       112        92
        84        99        95       100       115       104       120       102
        99        97       101        97        95       116        93        95
        76        96       105       103       108       107       117       101
       110       109        97        91       103        90       102       100
        97       100        88        95        82       104        98        92
       116       105       112       111       109        94       117       102
        94       111        86       102        85       100       113        99
        99       111       106       102       103        99        88       101
       100       110       100        98        96       103        82        98
        98        89       101       134       102       103        95        97
       108        94       100       113        91        92       118       113
       101       117       109       150       130       162       117       147
       161       150       152       143       118       122       127       111
        94        98       105        95       101       118       104        98
        95       106       106        95        94       119        95       103
       103        92       118       107       117        94        96        95
       102       113       129       104       111       119       115       120
       115       119       150       144       161       142       137        96
       110        86        97        95       116        93        85        85
        77       106        71        87        94        85        89        82
        78        86        84        83        84        71       102        75
        89        92        78        86        80        91        77        87
        92       114       105        87        80        91        83        85
        90        82       106        89        88        89        88        91
        73        81        80        95        84        91        78        87
       103        95        88        88        90        80        75        85
        76        78        85        97        91        93        85        82
        83        93        88        92        89        89        89        86
        84        75        75        87        85        81        77        80
        86        77        91        80        83        73        77       106
        75        86        83        76        96        92        78        81
        95        82        81        98        87       105        85        75
        68        84        77        87        69        97        92        92
        76        77        85        80        83        97        76        79
        76       106        99        92        88        72       107        97
       105       102        99        91        74        90        98        77
        77        99        91        73        78        87        82       107
        70        76        76        95       107        78       103        79
        99        71        68        87        87        82        79        72
        82        86        91       131       110       105        99       107
       101       105       136       103       118       103        91        98
        95        99        84        74        93        75        93        74
        95        86        93       105       122       138       138       140
       155       126       127        95        97        89        97        69
        64        72        90        92        99        77        81        72
        77        90        82        77       103        76        79        71
        82        86        93        81        88        91        64        84
        75        87        82        86        85        78        91        83
        73       100        83        81        89        90        87        68
       108       103        78        95        88        68        79        85
        84        94        87       108        99        96       106       112
       103       102        95        87        91        89        94        82
        66        75        79        98        76        88       101        88
        89        93        90        88        63        98        87        87
        85        84        87        93        78        79        87        84
        76        82        83        91        82        82        87        81
        80        90        66        83        93        93        81       102
        69        83        78        73        80        83        92        80
        95        64        93        85        89        95        70        58
        80        98        88        90       100        72        93        95
        83        94        93        90        72        86       114        72
        82        80        83        74        84        95        84        81
        97        85        97       101        68        71        84        75
        83        65        88        77        74        93        73        71
        68        76        85        98       101       158       204       313
       448       613       726       922       897       897       734       586
       447       275       195       136        95        81        68        71
        65        59        67        64        83        72        72        61
        71        75        64        71        61        69        74        80
        68        72        62        65        73        82        88        65
        59        79        70        62        68        80        75        66
        64        67        67        81        68        78        70        81
        66        72        63        68        75        77        80        72
        89        77        79        80        90        63        88        75
        70        66        62        79        78        61        69        65
        84        69        84        75        56        77        60        72
        94        74        64        69        63        70        85        57
        80        65        67        45        75        58        71        72
        63        73        61        61        66        96        62        66
        89        79        63        75        80        69        54        73
        65        70        87        61        61        79        87        71
        87        76        86        97        75        75        69        73
        54        66        65        73        74        73        67        64
        74        87        75        86        80        67        71        68
        80        83        63        80        74        56        68        71
        71        89        87        79        79        77        57        70
        71        63        73        63        72        67        76        98
       131       174       213       259       327       304       302       281
       252       184       136       110        84        82        88        80
        85        84        48        71        70        57        87        69
        79        66        75        77        64        74        61        60
        63        61        68        70        82        69        71        58
        52        58        67        67        61        65        51        53
        62        49        55        70        60        73        51        62
        62        58        82        64        66        60        68        67
        45        70        82        44        55        65        63        66
        51        65        43        58        69        63        67        53
        58        40        56        48        54        62        55        47
        40        45        54        50        67        48        63        42
        59        62        51        41        46        54        53        40
        43        59        67        71        73        60        65        55
        72        54        61        39        49        44        52        53
        72        54        61        62        55        48        61        60
        64        48        65        38        55        55        49        43
        69        55        47        36        41        60        43        52
        39        35        41        61        33        53        52        45
        34        34        39        41        41        64        51        41
        39        54        48        32        41        40        43        56
        49        50        36        37        46        59        32        41
        32        45        44        30        46        40        41        50
        46        51        50        49        47        48        65        86
       115       175       280       441       487       678       752       813
       774       694       508       352       240       155        97        52
        39        45        39        37        34        37        35        33
        35        39        29        38        31        35        40        45
        27        32        32        35        43        45        39        41
        35        31        38        30        37        39        42        37
        32        34        23        29        44        37        37        37
        28        40        41        40        28        50        32        39
        36        47        35        36        30        40        53        30
        33        40        38        40        29        35        31        44
        36        34        46        39        53        36        59        71
        81        67        85        70        61        59        51        46
        34        34        35        33        31        26        29        37
        40        23        32        24        39        22        37        32
        32        28        31        39        34        28        37        24
        19        32        33        45        23        37        40        36
        28        35        34        24        30        26        32        26
        27        28        25        33        37        22        31        30
        38        29        32        21        25        24        33        24
        31        32        28        33        26        21        26        23
        28        26        22        34        31        40        26        32
        27        35        27        38        31        21        34        33
        27        31        32        24        38        24        32        27
        23        26        36        34        20        37        42        36
        35        33        34        35        28        24        29        24
        25        35        31        22        27        25        26        26
        21        33        29        29        22        36        29        28
        24        38        36        31        34        33        35        35
        26        21        36        26        23        30        28        33
        28        29        34        38        36        27        32        27
        37        41        36        59        96       126       189       280
       378       476       496       540       535       448       349       263
       240       197       149       152       116        99        90        63
        49        38        31        28        45        24        27        28
        33        21        31        37        33        31        36        39
        33        31        31        24        40        32        39        40
        27        22        42        47        30        53        49        82
        81       142       209       290       381       534       622       674
       676       648       509       412       273       195        94        67
        38        39        33        39        33        30        25        29
        36        35        33        35        53        35        48        33
        36        37        44        39        34        38        42        27
        30        41        27        27        37        25        33        37
        33        26        30        37        31        39        19        27
        32        24        26        29        40        31        23        33
        29        35        26        30        33        31        26        32
        29        38        36        22        34        30        46        27
        38        34        26        50        30        43        42        42
        47        30        29        37        28        46        39        37
        24        36        25        33        34        34        28        31
        38        31        31        22        33        34        27        38
        31        47        31        36        37        47        32        31
        51        27        29        27        44        38        24        48
        23        27        30        37        31        32        30        40
        38        37        38        46        52        33        35        38
        29        31        30        32        30        44        31        39
        30        39        34        25        44        31        36        29
        28        26        29        36        29        27        30        29
        21        30        22        26        33        22        30        29
        21        27        27        22        24        22        26        31
        19        27        17        21        12        20        36        35
        21        23        27        20        22        26        25        19
        14        27        18        29        36        48        42        61
        67        75        57        89        78        53        41        30
        17        26        25        18        17        23        18        18
        14        18        26        17        28        18        17        20
        19        22        19        15        16        19        12        18
        20        25        15         8        19        16        17        19
        19        20        20        21        20        18        20        28
        12        15        13        20        14        18        12        13
        21        11        20        15        13        16        16        16
        10        15        22        21        13        21        21        15
        24        20        21        22        32        32        21        24
        19        14         8        18        13        12        11        16
        19        27        16        14        16        15        13        14
        11        19        14        18        23        21        16        12
        17        16         9        10        13        15        15        16
         7        11        10        11        18         9        16        18
        16        21        20        24        32        22        22        21
        17        19        19         9        13        14        11        14
        10        15        12         8        10        10        12        15
         9        10        13         8        12         9        12         9
        13        12         9        10         8         8         7         6
        10        28        13        19        15        11        20        13
        22        22        29        42        62        60        83        76
        80        63        49        36        20        13        10        16
        10         7        15         9         5         6         7         7
         7         6         8         3         6         5         6         6
         5         2         6         4         6         2         7         6
         2         6         4         9         2         4        10         6
         5         4         4         1        10         2         4         3
         5        10         3         3         3         5         4         8
         2         5         5         2         4         5         5         4
         4         4         5         5         4         8         4         1
         8         9         6         0         3         2         3         1
         3         6         3         6         3         3         6         7
         5         3         3         2         8         2         4         3
         6         5         5         5         5         3         3         5
         5         3         5         0         8         5         5         5
         4         5         2         3         5         1         7         2
         4         3         4         5         5         6         4         4
         5         3         3         4         7         5         4         5
         2         6         2         5         1         2         2         5
         1         2         3         5         3         3         4         5
         4         1         7         6         8         8         3         8
         3         1         0         1         3         0         2         5
         1         4         7         3         1         6         5         4
         3         3         4         5         5         1         4         6
         4         5         0         4         7         3         4         2
         5         7         7         1         6         6         1         6
         7         3         7         9        10        19        14        30
        52        86       112       209       332       478       598       720
       796       809       714       611       466       297       200       106
        60        27        11         7         2         1         1         1
         2         2         2         1         1         1         1         2
         1         0         1         0         0         2         0         2
         2         1         0         1         3         1         0         0
         3         3         1         1         2         3         2         4
         2         1         4         2         4         2         1         0
         3         2         2         1         2         2         3         2
         0         0         2         2         2         3         2         2
         2         1         6         6         7         3        10         8
         7        12         9         9         7         2         4         4
         7         0         2         7         2         6         6        10
         7        12        22        18        26        19        19        11
        15        10        18        11         8        13         6         0
         1         4         0         0         0         1         1         1
         0         0         0         0         1         2         1         0
         1         0         2         3         4         1         1         1
         0         1         0         1         2         1         1         1
         1         1         0         0         0         1         0         0
         0         2         0         2         1         1         0         0
         1         1         1         1         1         3         1         0
         1         2         1         2         0         1         2         4
         1         0         1         1         2         2         1         0
         0         1         2         0         1         1         0         0
         0         1         1         0         3         1         1         1
         0         2         0         1         1         1         1         1
         3         1         1         0         1         1         0         2
         0         0         1         2         0         0         0         0
         1         1         2         0         1         1         2         3
         2         3         3         1         7        11         7        12
        13        11        18        12        19        12         3         4
         5         1         2         2         1         0         0         0
         0         0         0         0         1         1         1         0
         1         0         0         0         1         0         2         0
         0         2         0         0         1         2         0         0
         1         1         0         0         3         0         0         2
         1         0         0         0         0         1         0         1
         0         0         1         0         2         0         0         1
         0         0         0         2         0         1         0         1
         0         0         0         1         2         0         1         0
         0         0         3         0         1         0         0         1
         0         1         0         1         0         1         1         0
         1         0         0         0         1         0         1         0
         1         0         2         1         0         1         0         1
         1         1         0         0         1         1         0         1
         1         1         3         2         1         0         1         0
         0         0         0         1         0         1         2         0
         1         1         0         0         2         1         1         2
         0         0         0         0         1         1         0         0
         3         0         2         1         1         2         0         0
         1         0         1         0         1         0         2         0
         0         1         0         1         0         0         2         0
         0         1         0         0         0         0         1         0
         0         1         0         0         1         0         1         0
         0         0         0         2         1         0         3         0
         0         0         1         0         1         0         0         0
         0         1         0         0         1         1         1         0
         1         1         1         1         0         0         0         0
         1         0         2         0         1         0         3         3
         0         2         1         0         0         0         1         0
         0         0         0         0         1         0         0         0
         0         0         0         1         0         1         0         0
         0         3         0         0         0         1         0         0
         0         0         2         1         0         0         0         1
         1         1         0         0         0         0         0         0
         0         0         0         0         0         1         0         0
         0         0         0         1         1         0         1         1
         1         0         0         0         1         0         0         0
         0         0         0         0         1         1         1         0
         0         0         0         0         0         2         0         1
         1         1         0         0         0         0         0         0
         0         0         1         0         0         0         0         0
         1         0         2         0         0         0         0         1
         0         0         1         0         0         2         1         0
         0         0         2         0         0         1         1         0
         0         0         1         0         0         0         1         0
         0         0         0         1         0         0         0         3
         0         1         0         0         0         0         1         0
         1         0         0         1         0         0         1         2
         1         1         0         0         1         1         1         1
         0         1         0         2         1         0         0         0
         1         0         0         1         0         0         1         0
         0         0         0         0         1         0         0         0
         0         0         0         0         0         1         0         0
         0         0         0         0         1         0         0         1
         1         1         0         1         0         0         1         0
         1         1         0         0         1         0         0         0
         2         0         0         0         0         0         0         0
         0         1         0         2         0         1         1         1
         0         3         3         0         4         2         0         3
         2         1         0         1         1         1         1         1
         1         1         0         0         0         0         0         0
         1         1         0         0         0         0         0         1
         0         0         0         0         1         0         0         0
         1         1         2         1         1         0         0         0
         0         0         0         0         0         2         1         0
         0         0         0         1         0         0         0         0
         0         1         0         0         0         0         1         0
         1         0         0         0         1         0         0         0
         0         0         0         0         0         0         0         1
         0         0         1         0         0         0         0         0
         0         0         0         1         0         0         0         0
         1         0         0         0         0         0         0         0
         0         0         1         1         0         0         1         0
         1         0         0         0         0         0         0         0
         0         0         0         1         0         0         1         0
         0         0         0         0         0         1         0         0
         2         0         1         0         3         0         0         0
         0         0         0         2         0         0         0         0
         0         1         0         0         0         0         0         0
         0         0         0         2         1         0         0         0
         1         0         0         0         0         2         1         0
         0         0         0         0         1         0         1         0
         0         0         0         0         1         0         0         1
         0         0         0         0         0         0         0         1
         1         0         0         0         0         2         1         0
         0         0         0         0         0         0         0         0
         0         1         1         0         0         0         0         0
         0         0         0         0         0         0         0         0
         0         0         4         0         1         0         1         1
         0         0         0         0         0         0         0         0
         1         0         0         2         0         0         0         0
         1         0         0         0         0         0         0         0
         0         0         0         0         0         0         0         0
         0         0         0         0         1         0         0         0
         0         0         0         0         3         0         0         0
         0         0         0         0         1         0         1         0
         0         0         0         0         0         0         0         0
         0         0         0         0         0         0         0         0
         0         0         0         0         0         0         0         0
         1         0         1         0         0         0         0         1
         0         1         1         0         0         0         0         0
         0         0         0         0         0         0         0         0
         0         1         0         0         0         0         0         1
         0         0         0         1         1         0         0         0
         1         0         0         2         0         1         0         0
         0         0         1         1         0         0         1         0
         0         0         0         1         0         1         0         1
         0         0         0         0         0         0         0         0
         0         0         0         0         1         0         0         0
         1         0         0         0         0         0         0         0
         0         0         0         1         1         0         0         0
         0         0         0         0         0         0         1         0
         0         0         0         0         0         0         1         0
         0         0         0         0         1         0         1         0
         0         1         0         0         1         0         0         0
         1         0         0         0         0         0         1         0
         1         0         1         0         0         0         0         0

