h3	8000	1	1	1
         0         0         0         0         0         0         0         0
         0         0         0         0         0         0         0         0
         0         0         0         0         0         0         0         0
         0         0         0         0         0         0         0         0
         0         0         0         0         0         0         0         0
         0         0         0         0         0         0         0         0
         0         0         0         0         0         0         0         0
         0         0         0         0        13        12        18        17
        16        14        15        40        21        26        39        25
        30        28        42        46        37        49        34        60
        43        57        53        68        69        68        65        85
        72        81        98        94        97       114        91        92
       128       116       141       121       135       128       143       163
       132       154       166       154       165       192       225       231
       237       252       213       250       283       289       301       279
       309       344       345       394       350       379       361       427
       448       438       507       530       519       617       657       738
       777       734       892       939      1016      1072      1156      1233
      1362      1491      1691      1874      2223      2520      2828      3333
      3726      4208      4352      4834      5158      5319      5541      5641
      5528      5339      5027      4706      4460      3918      3627      3281
      2704      2342      2055      1714      1711      1547      1477      1537
      1488      1516      1528      1679      1559      1637      1607      1514
      1546      1472      1355      1299      1084       944       830       773
       656       563       507       432       373       324       269       258
       206       230       206       207       198       192       179       181
       179       162       178       186       179       193       200       210
       195       173       186       199       180       180       216       189
       215       178       191       212       188       210       211       186
       205       225       203       206       186       204       235       221
       238       202       220       216       209       227       206       214
       226       220       234       226       198       228       251       218
       207       277       255       286       266       259       261       241
       269       280       267       283       265       313       281       259
       302       280       280       269       282       294       294       247
       270       279       279       267       291       292       256       265
       261       260       283       261       265       304       262       271
       273       295       290       292       293       291       272       322
       317       317       340       291       312       310       317       312
       323       318       325       326       351       353       349       361
       366       390       390       397       397       362       380       444
       396       437       467       443       467       450       434       454
       481       467       486       483       492       506       501       489
       474       462       433       489       466       491       451       410
       410       429       420       408       395       428       372       461
       397       372       391       395       361       410       422       393
       370       368       350       376       353       374       355       399
       411       349       353       378       339       355       361       347
       347       353       320       343       343       339       339       317
       324       346       341       306       382       349       338       350
       318       340       381       340       351       367       369       314
       335       334       355       315       348       331       333       344
       360       348       351       339       339       333       375       335
       333       361       361       384       319       388       367       323
       336       351       359       326       360       373       344       333
       354       366       371       368       373       349       371       386
       381       367       362       381       338       384       358       369
       366       365       361       373       388       362       366       389
       399       415       424       401       468       484       514       555
       678       779       893      1113      1439      1639      1843      2177
      2512      2831      3095      3371      3462      3690      3722      3750
      3595      3369      3148      2898      2588      2361      2065      1746
      1432      1144       974       786       694       539       422       379
       353       327       301       321       298       281       309       298
       320       297       283       307       296       300       267       272
       282       246       293       270       281       286       274       269
       262       304       278       297       273       273       277       261
       276       279       284       266       256       273       275       296
       272       258       263       291       290       274       283       274
       275       254       314       267       251       278       264       269
       286       259       267       278       265       283       250       280
       294       282       300       257       247       267       268       278
       266       316       276       267       256       291       309       297
       291       296       286       277       284       297       326       294
       314       316       312       298       336       300       311       333
       316       295       290       313       305       272       284       334
       337       312       295       308       309       310       307       275
       294       304       265       288       276       332       302       316
       298       341       309       291       322       311       293       297
       273       260       297       294       290       274       296       297
       298       319       319       312       329       318       285       290
       289       299       299       305       271       300       292       265
       266       294       284       274       248       274       292       286
       257       282       261       277       252       266       291       269
       260       249       273       292       270       278       267       259
       273       219       266       286       258       282       264       259
       236       234       252       276       238       257       229       251
       251       264       259       215       227       274       230       243
       266       255       255       251       229       246       250       218
       237       250       247       251       257       259       234       251
       254       271       235       240       230       273       243       253
       250       243       228       229       231       232       235       209
       249       230       249       260       226       283       246       239
       221       234       210       247       221       204       233       212
       236       240       225       234       254       237       207       221
       234       213       218       248       246       255       246       249
       263       249       234       233       225       228       212       212
       204       244       238       235       236       237       232       247
       236       216       244       233       218       230       238       237
       235       216       230       224       228       234       201       227
       209       210       206       203       196       228       203       215
       213       229       207       186       218       243       196       219
       226       202       239       205       229       215       173       206
       207       182       232       208       218       248       216       225
       186       203       237       226       191       209       217       218
       210       212       217       211       208       205       212       229
       191       201       201       197       203       201       214       202
       185       206       192       200       190       204       198       209
       220       195       201       181       196       188       209       194
       176       193       223       183       199       194       190       204
       209       199       182       204       179       180       195       179
       189       175       167       186       195       177       186       164
       176       198       184       165       195       193       182       199
       172       173       198       161       171       156       184       172
       177       194       185       173       172       168       165       167
       174       192       168       164       155       165       152       165
       162       160       169       155       167       150       161       193
       161       185       149       181       166       186       172       160
       176       164       158       176       175       150       155       150
       186       166       156       176       171       164       180       186
       193       205       188       241       254       312       351       399
       454       520       572       628       642       679       632       773
       744       714       713       665       580       545       537       475
       353       324       349       269       259       216       201       162
       186       164       138       153       115       168       170       165
       182       214       229       274       332       357       503       591
       688       805       914       964      1093      1222      1243      1275
      1338      1324      1269      1242      1099      1070       907       807
       662       575       483       370       325       284       221       199
       197       162       123       129       146       115       100       103
       113       115       113       133       118        95        98       112
       119       117       125       125       131       136       134       116
       128        92       117       113        98       107       110       116
       123       113       127       115       107       112       111       109
       110       121       111       126       107       113       104       119
       107       109       126       126       116       111       117       106
       120       106       103        95       118       112       107       105
       119       102       102       121       111       125        98       121
       105        72       120       108       126       120        94        93
       117       106       104       101        93       100       100        92
       104       112        97       105        83       104       100       120
       117       102       114       102       104       113       108       104
       102       123       124       111        93        87        98       101
        89       112       100        95        88        99       106        88
        96        91        86       113       104        87        93        95
       100       107       101        99       100        89        93       100
       104       105       117       110       110       128       102       107
        98       120       132       134       127       132       131       135
       106       126        86       103        86        98       101        96
        95        96        89       103        72       102        79        92
        87        98        81       101        88        85        73       107
        81        84        98        94        86       102        80        86
        95        82        81        89        80        85        72        76
        78        84        83        79        88       102        91        91
        77        96        86        77        87        76        73        84
        85        89        86        80        88        89        76        95
        89        91        92        86        97        91        79        85
        90        75        97        80        81        88        93        84
        87       110        86        77        69        94        94        86
        81        72        86        93        76        79        76        93
        80        61        82        72        80        80        87        73
        78        85        95        84        78        77        85       102
        78        86        90        81        78        99        84        77
        86        76        73        83        67        90       101        80
        86        75        83        88        93        70        88        88
        81        78        85        82        76        85        62        81
        66        88        86        97        78        79        65        79
        91        64        97        79        72        67        79        86
        65        79        75        78        91        61        84        76
        76        92        94       118       134       154       200       210
       312       376       511       624       768       880      1040      1226
      1364      1463      1484      1568      1714      1628      1563      1538
      1416      1313      1117      1008       907       762       640       507
       380       297       247       217       175       120       115        83
        86        85        70        57        71        56        78        69
        49        57        60        52        70        69        55        75
        54        66        57        53        57        56        55        52
        70        63        65        61        58        72        56        55
        69        58        74        55        55        71        52        54
        77        52        68        51        45        63        50        70
        63        48        69        70        61        59        47        43
        47        56        61        52        62        57        62        71
        72        69        76        65        92        74        86       109
       111       100        93       108        91       102       115       108
        95        79        91        84        63        78        57        75
        69        67        67        63        44        49        48        67
        58        45        45        56        63        56        48        56
        50        43        54        62        60        59        45        51
        60        46        60        59        61        48        36        51
        52        53        42        58        41        59        54        62
        64        44        45        60        51        59        63        61
        52        55        67        62        55        72        43        51
        66        53        58        69        78        64        66        63
        60        43        58        43        63        45        55        53
        52        51        50        51        53        51        53        61
        60        48        46        50        44        48        42        46
        39        63        47        45        47        51        60        52
        48        56        51        51        45        52        40        67
        53        49        57        49        51        52        61        37
        45        55        66        42        57        56        59        50
        53        48        42        57        58        50        64        55
        54        45        41        58        63        59        53        40
        61        54        62        46        38        41        43        56
        62        70        63        48        53        71        64        80
        97        86        92       104       109       119       146       132
       155       142       169       173       169       162       160       140
       122       129       114        98        80        93        86        80
        62        73        55        72        47        64        58        57
        58        57        64        46        56        66        42        61
        57        47        45        52        58        53        53        52
        49        45        57        54        46        51        59        51
        45        45        54        55        48        49        44        56
        43        52        43        60        55        50        60        49
        48        59        52        38        58        59        35        51
        56        54        45        51        51        39        48        50
        43        56        47        49        43        58        33        53
        49        60        46        64        48        45        69        47
        49        56        54        52        52        54        51        45
        56        51        38        56        44        63        57        53
        61        51        53        46        51        55        56        63
        83        75        82        93       104       106       151       117
       131       168       170       201       180       188       211       157
       197       168       162       167       161       125       124        97
       100        75        65        68        63        72        46        62
        57        52        43        57        57        59        38        44
        51        55        43        31        46        48        64        59
        44        56        53        41        50        57        40        54
        54        51        50        42        57        43        38        50
        56        44        61        42        52        57        55        48
        43        59        49        55        56        53        38        55
        58        38        51        45        52        35        60        38
        52        62        42        40        58        51        54        43
        39        45        45        48        48        48        47        52
        48        48        43        47        57        56        36        48
        53        48        54        47        42        55        57        50
        59        50        47        41        42        44        29        48
        60        51        46        50        54        58        43        49
        44        56        42        35        49        47        51        64
        60        52        40        53        47        48        58        40
        51        61        42        53        38        50        62        43
        48        44        47        44        39        43        60        53
        60        52        41        46        56        45        46        49
        51        47        69        38        45        54        68        51
        46        64        69        46        64        55        71        74
        67        85        65        86        57        77        58        62
        43        66        56        47        52        63        49        42
        41        45        52        50        46        50        45        47
        61        41        55        35        67        63        50        47
        42        52        47        44        43        48        47        60
        55        52        41        48        46        48        48        54
        43        44        52        55        46        55        50        48
        44        62        60        46        46        56        48        48
        47        43        42        52        56        56        47        53
        43        44        41        39        52        55        52        59
        51        60        55        54        49        64        41        49
        52        52        46        67        54        60        48        52
        52        61        61        42        66        41        46        40
        46        42        56        48        41        46        45        53
        45        40        42        48        41        66        37        54
        46        54        37        45        42        66        55        40
        48        51        54        53        43        50        53        48
        64        51        49        41        39        43        35        39
        52        53        43        42        49        49        43        39
        49        47        41        49        52        47        51        43
        53        48        42        61        63        38        37        66
        41        55        46        42        54        34        49        41
        62        57        59        51        41        56        47        50
        40        49        34        56        49        55        47        41
        50        51        38        60        53        57        45        30
        59        51        39        56        53        40        41        56
        40        48        47        57        56        37        49        50
        52        47        41        44        48        54        56        53
        53        71        43        44        52        37        51        43
        63        54        55        53        39        44        40        49
        47        43        36        59        63        54        37        53
        55        53        57        55        46        51        37        58
        47        46        68        50        34        33        46        55
        46        38        37        48        49        43        55        51
        39        46        51        51        46        49        51        64
        38        50        51        43        56        53        54        49
        55        55        68        58        71        57        70        57
        65        67        79        79        76        56        74        71
        48        77        77        70        69        46        62        75
        56        53        57        59        43        47        47        45
        53        54        62        45        69        64        55        47
        57        60        39        44        54        66        57        49
        55        47        49        50        40        62        47        43
        50        58        55        38        48        37        61        56
        39        49        38        48        42        62        50        51
        57        51        49        51        49        56        48        48
        52        50        48        49        52        59        49        42
        40        48        59        62        49        57        50        70
        54        65        72        61        71        71        72        59
        53        50        62        65        57        52        55        48
        53        46        44        44        43        40        38        47
        47        30        53        42        37        41        37        43
        46        56        39        42        40        39        50        43
        43        43        46        40        40        52        42        43
        48        40        39        44        32        33        58        45
        53        37        45        36        37        51        52        39
        33        52        44        46        43        41        43        51
        40        47        40        49        37        47        44        40
        61        41        46        40        36        45        44        36
        31        42        44        42        64        36        50        53
        40        58        49        44        56        45        48        58
        47        41        37        45        40        49        48        29
        44        32        34        38        37        49        39        34
        45        40        30        55        42        48        39        39
        38        40        51        40        46        37        49        55
        27        43        37        51        40        35        45        37
        40        36        40        44        42        41        49        48
        42        46        41        36        50        43        45        32
        39        38        45        53        40        40        35        40
        46        44        51        37        31        36        35        46
        35        52        39        43        36        34        44        45
        48        40        44        45        34        37        34        42
        58        43        35        36        37        49        39        27
        42        32        42        42        48        49        42        58
        48        34        33        48        41        41        52        41
        45        40        38        40        42        40        44        43
        46        36        37        51        52        43        36        37
        41        40        37        44        41        46        40        43
        33        43        36        42        47        33        38        32
        44        51        33        45        35        47        35        36
        39        51        35        40        43        40        47        53
        44        34        34        43        43        40        32        44
        40        49        48        53        40        39        40        48
        42        58        63        31        88        40        47        46
        40        48        32        44        34        33        46        41
        57        43        44        35        47        40        47        29
        43        41        42        39        35        35        46        42
        56        47        46        48        30        35        47        39
        38        42        42        59        40        34        33        42
        42        37        37        40        42        26        42        31
        40        52        44        40        45        44        38        33
        40        30        36        35        38        45        47        65
        59        57        37        47        54        38        44        39
        59        56        57        55        49        53        53        46
        46        51        55        52        47        69        54        62
        53        49        42        55        53        41        39        40
        61        36        44        34        45        37        30        43
        32        33        29        30        40        49        28        53
        48        48        58        44        43        36        57        59
        60        56        63        64        64        79        66        72
        66        48        62        55        43        43        63        49
        43        34        33        33        45        43        30        50
        36        34        58        47        37        36        27        31
        35        41        42        30        47        36        51        37
        35        33        41        42        44        26        35        33
        45        38        44        41        38        32        35        43
        37        43        46        35        42        39        43        37
        44        44        48        35        25        30        26        39
        51        35        32        48        35        45        35        46
        34        42        39        39        39        38        44        47
        45        42        50        26        37        35        52        43
        41        38        36        41        37        48        38        47
        42        25        39        46        50        43        49        38
        37        36        44        46        38        49        51        43
        30        57        40        60        43        44        62        54
        30        47        47        53        42        32        38        45
        42        48        47        35        50        35        43        38
        41        42        40        39        48        41        44        47
        37        34        33        42        35        37        35        46
        29        44        34        43        29        49        37        42
        43        38        45        44        32        42        48        50
        49        41        47        34        43        42        45        46
        37        32        41        46        45        40        38        31
        52        37        39        38        37        38        48        44
        43        45        45        43        34        43        41        38
        37        33        41        30        47        41        40        27
        36        50        36        44        49        28        40        47
        37        33        39        38        48        39        41        43
        32        41        42        40        24        43        34        40
        42        36        38        39        48        35        39        39
        44        47        39        41        36        48        33        42
        36        45        43        39        48        48        43        37
        42        37        43        43        51        37        50        52
        40        44        49        44        42        34        41        42
        44        34        30        40        41        45        33        35
        31        34        47        35        53        31        50        29
        50        36        39        39        30        42        40        44
        51        39        45        58        55        43        44        51
        57        42        28        30        35        37        30        44
        36        47        27        42        45        37        44        39
        23        35        47        31        33        37        37        41
        43        26        35        31        37        30        44        44
        48        50        59        42        73        89       110       128
       136       187       191       240       278       300       285       350
       377       395       414       427       413       398       380       325
       296       276       221       186       191       128       122        95
        92        57        70        57        49        33        37        30
        34        25        33        34        35        27        26        43
        45        29        36        34        28        34        17        33
        41        26        28        35        28        32        43        30
        28        40        37        28        38        37        41        44
        34        35        39        36        27        33        30        30
        36        32        36        33        30        31        32        39
        33        33        41        32        47        29        34        27
        39        41        30        37        30        34        28        35
        33        21        38        26        44        28        35        33
        30        39        36        28        34        40        30        24
        30        34        29        42        31        30        40        25
        37        37        28        36        39        26        41        30
        28        35        42        41        50        42        41        43
        49        47        37        46        39        37        40        43
        37        47        25        31        34        33        33        40
        52        42        35        26        21        37        27        40
        32        32        19        39        28        36        42        30
        20        31        37        28        39        29        26        33
        33        33        31        30        42        41        28        37
        37        35        45        45        34        26        36        32
        37        35        46        28        32        29        27        31
        34        37        36        23        30        27        26        37
        36        35        38        33        40        30        32        27
        23        37        31        27        39        36        46        33
        40        26        37        28        31        39        31        31
        27        33        27        32        27        30        33        36
        40        25        23        31        37        24        40        27
        27        41        34        37        39        36        38        23
        48        36        34        41        43        38        30        44
        24        29        34        33        28        44        36        34
        28        29        24        34        43        30        39        31
        38        40        36        34        31        42        26        40
        38        38        35        42        38        39        37        22
        22        27        24        44        26        32        36        37
        40        27        37        37        36        30        27        41
        45        31        36        43        36        36        37        25
        39        28        20        31        35        41        33        32
        33        29        33        29        37        32        31        33
        33        27        34        46        28        42        37        36
        38        34        25        37        38        44        62        49
        67        74        63        89       104       114       103       123
       128       141       155       147       122       151       119       133
       110       105        83        88        81        68        54        64
        42        46        34        35        41        43        30        34
        42        40        26        43        34        32        29        32
        37        36        38        31        34        41        28        32
        32        32        33        37        33        22        28        25
        31        33        28        44        34        27        27        33
        28        29        29        38        26        24        23        41
        31        30        28        34        34        21        35        30
        32        25        24        26        33        33        26        24
        27        33        28        28        34        30        34        36
        34        30        29        35        38        34        31        27
        22        31        22        32        25        32        16        28
        38        33        26        29        37        26        33        34
        25        22        33        28        34        33        29        37
        30        37        38        36        23        36        30        30
        28        30        17        28        32        31        32        28
        32        30        31        31        27        28        29        31
        25        20        15        29        32        22        24        21
        24        21        31        21        20        27        26        28
        25        20        29        28        37        32        29        23
        20        21        30        27        30        30        28        28
        27        33        28        33        31        17        23        24
        26        36        20         9        24        21        28        23
        21        29        24        23        23        23        14        27
        22        30        33        33        36        34        37        28
        32        37        39        38        39        32        35        31
        25        40        26        23        33        29        24        41
        28        22        25        26        19        34        29        34
        29        28        12        27        25        35        26        26
        26        27        35        27        32        26        24        18
        20        20        19        32        26        21        18        25
        32        16        21        24        21        25        23        22
        16        22        15        18        25        18        26        31
        22        30        15        24        20        24        30        24
        22        19        28        15        22        24        25        19
        25        21        16        20        18        28        24        17
        25        23        23        18        14        17        22        18
        18        30        23        20        14        25        16        22
        27        22        19        25        25        20        20        21
        24        29        17        26        21        21        18        20
        16        22        30        27        17        22        21        21
        20        19        21        22        30        14        18        23
        22        25        26        13        28        26        21        24
        21        24        20        14        18        22        16        13
        21        29        20        21        21        28        26        25
        31        34        23        34        42        33        41        52
        65        90       107       122       151       188       213       232
       271       331       347       384       333       363       337       378
       335       315       276       264       249       224       163       139
       105       102        78        54        57        31        39        30
        19        22        26        26        17        27        11         9
        19        14        12        16        14        24        20        21
        18        24        15        14        22        18        28        17
         9        28        18        23        13        17        25        18
        18        17        17        27        19        15        17        21
        10        17        23        15        14        16        13        23
        21        21        23        18        26        21        15        16
        20        18        12         4        16        10        17        15
        11        14        21         9        18        16        16        13
        12        17        20        19        10        22        16        25
        17        21        14        20        13        10        13        21
        14        20        17        21        11        16        18        18
        22        10        20        18        21        24        23        17
        12        15        23        14        13        17        14        12
        19        18        19        13        12         7        12        15
        11        15        18        18        10        12        14        20
        15        17        16        19        25        29        26        21
        16        32        17        21        30        31        24        41
        21        32        35        43        46        26        40        25
        28        29        15        19        26        12        21        34
        19        16        16        12        14        14        20        10
        16        18        18        19        13        17        13        15
        14        15        10        13         5        15        10        29
        11        11        16         8        18        18        12        17
        13        13        18        14        15        16        15         9
        16        18        18        13        11        15        15        14
        16        18        12        11        12        17        11        19
        14        16        12        11        20        12        16        17
         8        17        19        15        17        14        19        14
        12        20        11        15        14        19         8        17
        26        15        14        20        21        13        18        12
        17        19        19         6        18        11        13        15
        14        17        11        18        19        14        21        12
        19        13        13        16        16        17        17        12
        17        19        11        14         9        21        12        14
        14        15        16        14        15        14         7         9
        18        16        13        14        12        16        16        17
        14        17        20        12        18        16        16        18
         9        13        25        14        13        12        18        16
        16        13         8        13        12        18        15        15
        18        19        18        10        15         9        16        14
        17        15         8         9         9         9        20        14
        20        15        19        11        19         9        17        17
        14        13        12        10        16         9        16        15
        16        21        17        17        25        12        13        16
        14        20         9        15        11        17        17        12
        15        12        10        13        13        13         9        14
        16        13        21        18        14        17        14        19
        17        13        15        10         9        14        23        23
        16        21        19         8        15        19        15        13
        12        14        15         9        14         7        11        18
        11        14        15        13         9        19        15        14
        15        12        16        21        16        12         7        12
        14        10        17        12        15        20        20        13
        14        17        15        12        10        19        17        16
        15        21        22        19        11        17        13        22
        16        23        31        25        33        26        52        52
       100        89        97       117       168       199       174       185
       256       238       258       273       241       234       228       204
       203       163       200       152       129       123       108        92
        79        91        67        73        60        68        39        36
        45        38        47        34        24        26        20        18
        23        20        18        16        17        17        14        11
        18        14        10        17        11        10        13         7
         9        20        11        10        11        15         9        10
        13        14        12        14        16        15        16        16
        15        17        12        12        12        10         9        10
        12        11        17        18        11        14        17        13
        14        15         7        17        10        19        20        20
         9        26        28        29        33        40        54        55
        83        95       102       141       148       174       238       245
       241       275       322       312       298       281       315       283
       262       233       216       189       163       150       117        91
        88        59        47        30        32        32        27        22
        28         9        13        17        14        17        16        16
        14        14         7         9        14        10        11        20
        14        20        17        21        15        20        11        11
        21        21        14        15        19        16        14        15
        17        21        22        24        18        15        18        12
        16         9        17        17        11        18        17        25
        15        19        14        15        11        17        17        10
        12        24        18        12        11        15        16        17
        11        16        19        13         6        12         6        13
        14        12        11        17        16        19        18         7
        13        13        16        12         9        14        19        17
        24        15        13        13        16        12        15        18
        16        15         8        12        20        26         9        13
        11        13        10        17        11        15        19        18
        11        17        11        16        13        19        11        14
        16        18        16        19        18        22        11        16
        16        13        19        19        16        16        13        12
        14        10        11        13        23        18        16        19
        18         5        19        19        13        20        16        26
        18        28        15        11        24        18        18        21
        12        21        19        19        15        20        17        11
        18        18        17        17        10        13        20        20
        13        14        12         9        16        13        16        18
        18        17        17        11        14        16        14        15
        10        16        12        14        15        16         9        17
         9        10        19        22        12        21        15        14
        15        18        18        21        18        20         8        12
         8        16        17        13        22        14        13        18
        19        22        11        32        21        15        16        16
        22        12        26        15        14        18        10        14
        10        14        11        11        19        16         7         9
        18        14        18        19        24        17        15        14
        21         9        15        16        11        14        14         9
        20        13        14        14        10        11        17        16
        13        16        18        17        26        14        12        10
        16        15        18        20        17        21        17        18
        19        16        17        18        15        25        15        24
        10        12         9        18        11        14         7        10
        12         7        15        12         8         8        15        12
        19        17         9         6        16        16        11        14
        10         7         6        18        15         7         2         9
        12        10        10        11         7         9        10        19
        12        11        10        11         9        10         9        12
         7         9        12         9        11        15         7        17
        11        10        10        10         8         9        12        10
         9        11        11         8         9        10        13        10
         8        10        13         7        15        10        18        18
         8        15        23        20        18        24        20        25
        33        32        34        37        25        33        36        42
        32        42        24        23        26        37        26        25
        31        25        27        18        10        13        15        14
        12        12        14         8         5         7         8         7
         5         9         4         9        10         9        10        10
         9        11         9        14         7         6         3        19
         9        10         5        14         8        15         8         2
        10         7        12         8         9        15        10        10
         8         7        15        11        11        10        12         8
         7         5         6        10         9         8         5         9
        10         8        11         9         6         8        11        13
         8         8        13         9         5         9        17        10
        10         4        10         9        11         8        15         7
        13        12         9         8         9         5         5         7
         7         9         7         7        11         8         6         9
        10         6        12         6         9        10        12         8
        11         9         6         9         8         9         7        14
         4        13        10         2         4        13         8         6
         5         6         6         9        12         6         7         9
        11        12        10        10        15         7        10        13
        11        12        12        11        13        10        11         9
        12        12         7        13         3         6        10        11
         8         3         3         4        12         6         6         6
         9         5         5         8         6        10         6         5
         2         7         5         3         9         8         7         6
         7         7        15         6         6         9        12         6
         8         8         4         2         6         4         4         6
         8         7         5         9         4         8         4         7
         6        10         8         2         3         6         3        12
         4         4         7         8         3         6         4         7
         6         6         2         2        10         6        10         8
         8         8         7         7         9        16        11        12
         9         9         9         9        14         9        13         7
         5        12         6         3        10         5         5         6
         6         2         9         4         1         5         7         5
         5         6         7         6         8         8         4         6
         4         6         8         6         2         6         7         5
         6         4         3         5         3         7         6         6
         5         5         1         4         5         5         3         3
         8         1         3         3         5         3         2         7
         9         3         5         7         3         5         5         7
         5         3         4         3         7         2         1         6
         5         5         3         6         4         8        11        14
        13        11         7        12        15        10        20        23
        26        23        35        25        15        42        40        33
        37        20        34        28        22        17        19        15
        10        10        11         7         4         7         6         5
         6         1         2         6         3         2         2         5
         2         3         4         4         4         3         4         5
         3         3         1         1         3         4         2         2
         1         5         4         3         1         4         3         3
         3         2         4         2         2         4         2         1
         6         3         4         2         2         0         5         2
         2         4         2         4         2         2         2         3
         2         1         4         3         3         3         2         1
         4         2         5         4         2         2         3         1
         2         2         1         6         1         2         2         2
         5         3         1         2         2         0         2         7
         2         1         0         4         1         1         4         2
         0         4         3         2         1         2         4         1
         1         0         2         5         1         3         3         2
         2         3         1         1         2         1         3         5
         3         1         6         1         2         2         1         4
         1         2         0         0         1         2         1         2
         3         1         0         1         4         3         3         1
         2         1         1         0         1         1         2         3
         1         2         3         3         2         1         1         3
         4         1         4         1         3         5         2         1
         3         3         2         1         3         0         2         2
         4         4         3         1         4         1         2         2
         2         0         0         0         3         3         4         4
         2         1         0         4         3         1         0         3
         3         0         4         2         1         0         1         0
         5         5         3         3         1         3         2         2
         0         1         1         2         1         4         5         0
         1         0         0         1         0         5         2         2
         1         2         2         0         4         2         1         1
         1         2         1         1         2         2         5         0
         1         1         0         2         1         1         0         1
         0         2         2         4         2         2         2         0
         3         1         0         0         2         0         0         2
         3         4         3         1         1         0         1         1
         2         2         1         2         1         3         3         1
         5         3         1         0         1         2         3         1
         1         3         2         1         3         2         2         2
         0         1         1         1         1         2         0         1
         3         2         1         2         3         1         0         3
         4         3         1         2         2         5         1         2
         0         0         1         2         3         1         4         2
         2         0         0         3         0         4         1         0
         3         2         1         2         0         1         4         4
         1         3         1         1         5         2         2         1
         0         0         1         0         1         0         2         4
         2         0         5         0         0         1         1         0
         5         1         0         5         3         3         3         1
         3         0         2         1         6         4         1         1
         6         4         2         4         2         6        10         9
        10        14        12        19        25        49        71        63
        94       114       136       186       226       225       289       280
       318       371       350       360       357       354       329       288
       287       265       232       220       148       141       129        92
        65        62        34        39        26        16         5         4
         1         4         2         3         3         0         0         0
         0         1         0         1         1         0         1         1
         1         0         0         0         0         0         0         1
         0         0         2         0         0         0         1         0
         0         1         1         0         1         0         0         0
         1         0         1         0         0         0         0         1
         0         0         1         1         1         0         0         0
         0         0         1         0         1         1         0         1
         1         0         1         0         0         0         0         0
         0         1         0         1         0         1         1         2
         1         2         1         0         1         1         2         1
         0         2         1         0         1         0         2         0
         1         1         3         1         1         1         2         1
         1         1         1         0         0         3         1         0
         0         1         0         1         1         0         2         3
         2         2         0         0         4         1         1         4
         1         2         3         5         4         1         1         4
         1         4         5         3         4         5         4         4
         5         1         1         4         3         2         0         1
         2         2         0         2         3         0         0         2
         0         1         1         0         1         6         0         3
         4         5         6         7         9         6         6         9
         6        11         8         9         5        11        11         6
         4         5         9         8         8         7         6         6
        11         8         4         5         2         8         5         0
         4         3         1         2         0         0         0         0
         0         0         0         0         0         1         0         0
         1         1         1         1         0         1         0         0
         0         0         0         2         0         0         2         0
         1         2         1         0         1         0         1         0
         0         1         0         0         0         1         2         0
         1         1         0         0         0         1         0         0
         0         0         0         1         1         1         1         0
         0         0         0         0         1         0         0         0
         1         0         1         1         0         3         0         0
         0         0         1         0         0         0         0         0
         0         1         0         1         0         0         0         1
         0         1         0         0         0         1         0         0
         1         0         1         0         1         1         1         0
         4         0         1         1         1         0         1         1
         2         1         0         1         1         2         1         2
         1         0         1         0         3         3         0         2
         0         1         0         1         1         0         1         0
         0         0         1         0         1         0         0         1
         0         0         1         1         0         1         0         0
         0         0         1         1         1         2         1         0
         0         1         0         1         0         0         1         0
         1         0         1         0         0         0         0         0
         0         0         0         0         2         1         1         0
         0         2         0         0         0         0         0         1
         0         0         0         0         0         1         0         1
         0         1         2         0         1         1         0         1
         0         0         1         2         0         0         0         0
         0         0         1         0         0         0         0         1
         1         0         1         0         0         0         0         0
         0         0         1         1         3         1         0         3
         1         1         2         3         8         5         7         4
         3         9         7         9         8         6         6         9
         4         5         3         8         6         5         2         3
         2         6         0         2         0         0         2         0
         0         1         0         0         1         0         1         2
         1         0         0         0         0         0         0         0
         0         0         1         0         1         0         0         0
         0         1         1         1         1         0         0         0
         1         1         0         0         0         0         0         1
         0         0         0         0         0         0         0         0
         0         1         1         0         1         0         0         0
         0         1         0         1         0         0         0         0
         0         1         2         0         0         0         0         0
         0         0         0         1         1         0         0         0
         1         1         1         1         1         0         1         0
         0         0         3         0         0         0         0         0
         0         0         0         0         0         0         1         0
         0         0         0         0         1         0         1         0
         0         0         0         1         0         0         0         0
         0         0         1         0         0         0         0         0
         0         0         0         0         1         0         0         0
         1         1         0         0         0         0         1         0
         1         0         0         0         0         0         2         0
         0         0         0         0         0         1         0         0
         0         0         0         0         0         0         0         0
         0         0         0         0         2         0         0         0
         0         0         1         0         0         0         0         1
         1         0         0         0         0         1         1         0
         2         0         0         1         1         0         1         1
         0         0         1         0         0         0         0         0
         0         0         0         0         0         0         0         0
         2         0         0         0         0         1         0         1
         0         0         0         0         0         1         0         0
         0         0         1         1         2         0         0         0
         2         1         1         2         1         1         0         0
         0         0         0         1         2         0         0         2
         0         0         0         0         0         0         0         1
         0         0         0         0         0         1         0         1
         0         0         0         0         0         0         0         0
         0         1         0         1         1         0         0         2
         0         3         0         0         0         0         1         2
         0         1         0         0         0         1         1         0
         0         0         0         0         0         0         0         0
         0         0         0         0         0         0         0         2
         0         0         2         0         1         0         1         0
         0         0         0         0         0         0         0         1
         0         1         2         0         1         1         0         0
         0         0         0         1         1         0         0         0
         0         0         0         2         0         0         0         2
         0         0         1         0         0         0         1         0
         0         0         0         0         0         0         1         0
         1         0         0         1         0         0         0         0
         0         0         0         0         0         0         2         0
         0         0         0         0         0         0         1         1
         1         0         1         0         0         0         0         0
         1         1         1         0         0         0         0         0
         0         0         0         1         0         1         0         0
         0         0         0         0         1         2         0         0
         0         0         0         0         0         0         2         1
         0         0         0         1         0         1         0         0
         0         0         0         1         0         0         0         0
         1         0         0         0         0         0         0         0
         0         0         0         0         0         0         0         0
         1         1         0         0         0         0         0         1
         0         0         0         0         0         0         0         1
         0         0         0         0         0         1         0         1
         0         0         2         0         0         1         1         0
         1         0         0         0         0         1         1         0
         0         0         0         0         0         0         0         0
         0         0         1         0         0         0         0         0
         0         0         0         0         0         0         0         0
         0         0         0         0         0         0         0         0
         0         1         0         1         0         0         0         0
         1         0         0         1         1         0         1         1
         0         0         0         0         1         0         0         0
         0         0         0         0         0         0         0         0
         0         0         0         1         0         0         0         0
         1         1         0         0         0         1         3         0
         0         0         0         0         0         0         0         0
         0         0         1         0         0         1         0         1
         0         0         0         1         0         0         0         2
         0         0         0         0         0         0         0         0
         1         1         0         0         0         1         0         0
         0         0         0         0         0         0         0         1
         0         0         0         0         0         0         0         0
         1         1         1         0         0         1         0         0
         0         1         0         0         2         0         0         0
         0         0         0         0         0         0         0         0
         0         0         0         0         0         0         0         0
         0         0         1         0         0         0         0         0
         0         1         0         0         0         0         2         0
         1         0         0         0         1         0         0         0
         0         1         0         0         0         0         0         0
         0         0         1         0         0         0         0         2
         1         0         0         1         0         1         0         0
         0         0         1         0         0         0         0         1
         0         0         0         0         0         0         0         0
         0         0         0         0         0         0         0         1
         0         1         1         0         1         1         0         0
         0         0         0         1         0         0         1         0
         0         0         1         0         0         0         0         0
         1         1         0         0         0         0         0         0
         0         0         1         0         0         0         0         0
         0         0         0         1         0         0         0         0
         0         0         0         0         0         0         0         0
         0         0         0         1         0         0         0         0
         0         0         0         0         0         0         0         0
         0         0         0         0         0         0         0         0
         0         0         0         0         0         0         0         0
         0         0         0         2         0         1         0         0
         0         0         0         0         0         0         0         0
         0         0         0         1         0         1         0         0
         0         1         0         0         0         2         0         0
         0         0         0         0         1         0         0         0
         0         1         0         0         0         0         0         0
         0         0         0         1         0         1         0         0
         1         0         0         0         0         0         0         0
         2         0         0         2         1         2         0         1
         1         1         0         1         2         1         1         3
         1         1         1         1         0         0         3         1
         2         0         0         0         1         0         0         1
         0         0         0         1         0         1         0         0
         0         0         0         0         0         0         0         0
         0         0         1         0         0         0         0         1
         1         0         0         1         0         0         1         0
         0         0         0         0         0         0         0         0
         0         1         0         0         0         1         0         0
         0         0         0         0         1         0         0         1
         0         0         0         0         0         1         0         0
         1         0         0         0         0         0         0         0
         0         0         0         0         0         0         0         1
         0         0         0         0         0         1         1         0
         0         0         1         1         0         0         0         0
         0         0         0         0         0         0         0         0
         0         0         0         0         0         0         0         0
         1         0         0         0         1         1         0         0
         1         0         0         0         0         0         0         0
         0         0         0         0         0         0         1         0
         0         0         0         0         0         0         0         0
         0         0         0         0         0         0         0         0
         0         0         1         0         0         1         0         0
         0         0         0         0         0         0         0         0
         0         0         1         0         0         0         0         0
         0         0         0         0         1         0         0         0
         0         1         0         0         0         1         0         0
         0         0         0         1         0         0         0         0
         0         0         0         0         0         0         0         0
         0         0         0         1         0         0         0         0
         0         0         0         1         0         0         0         0
         0         0         0         0         0         0         1         0
         1         0         0         0         0         0         0         0
         0         0         0         1         0         1         0         0
         0         1         0         1         0         1         0         1
         0         0         1         0         0         0         0         0
         0         0         0         0         0         0         0         0
         0         0         0         0         0         1         0         0
         0         0         0         0         1         0         0         0
         1         0         0         1         0         0         0         0
         0         0         0         0         0         0         0         0
         0         1         1         0         0         0         0         0
         0         0         1         0         0         0         0         0
         0         0         0         0         0         0         0         1
         0         1         0         0         0         0         0         0
         0         0         0         0         0         0         0         0
         0         0         2         1         0         0         0         0
         1         0         0         0         0         0         0         0
         0         0         0         0         0         0         1         0
         0         0         0         0         0         1         1         0
         0         0         0         0         0         0         0         0
         0         0         0         0         0         0         1         0
         0         0         0         0         0         0         1         0
         0         0         0         0         0         0         0         0
         0         0         1         0         1         0         0         1
         1         0         0         0         0         0         0         0
         0         0         0         0         0         0         0         2
         0         0         1         1         0         0         0         0
         1         0         0         0         0         0         0         0
         0         0         0         0         0         0         0         0
         0         0         0         0         0         0         0         0
         0         0         0         0         0         0         1         0
         0         0         0         0         0         0         0         0
         1         0         0         0         0         0         0         0
         0         0         0         1         0         0         0         0
         0         0         0         0         0         0         0         1
         0         1         0         0         1         0         0         0
         0         0         0         0         0         2         0         0
         0         0         0         0         0         0         0         0
         0         1         0         0         0         0         0         0
         0         1         0         0         0         0         0         0
         0         0         0         0         0         0         0         0
         0         0         0         0         0         0         0         0
         1         0         0         0         0         0         0         0
         0         0         0         0         0         0         0         0
         0         0         0         0         0         0         0         0
         0         0         0         0         1         0         0         0
         0         0         0         0         0         0         0         0
         0         0         0         0         0         0         0         0
         0         0         0         0         0         0         0         1
         1         0         0         0         0         0         1         0
         0         0         0         0         0         0         1         0
         0         0         0         0         2         0         0         0
         1         0         0         0         0         0         0         0
         0         0         1         0         0         1         0         0
         0         0         1         0         0         0         0         0
         0         0         0         0         0         0         0         1
         0         0         0         0         0         1         0         0
         0         1         0         0         0         0         0         1
         0         0         0         0         0         0         0         2
         0         0         1         0         0         0         0         0
         0         0         0         0         0         0         1         0
         0         0         0         0         1         0         0         0
         0         1         0         0         0         0         0         0
         0         0         0         0         0         0         0         0
         0         0         0         0         0         1         0         0
         1         0         0         0         0         0         0         0
         0         0         0         0         0         0         0         0
         0         0         0         0         0         1         1         0
         0         0         1         0         0         0         0         0
         1         0         0         0         0         0         0         0
         1         0         0         0         0         0         0         0
         0         0         0         0         0         0         0         0
         0         0         0         0         0         0         0         0
         0         0         0         0         1         0         0         0
         0         0         0         0         0         0         0         0
         0         0         1         0         1         0         0         0
         0         0         0         1         0         0         0         0
         0         1         0         0         0         0         0         0
         0         0         0         1         0         0         0         1
         0         0         0         0         1         1         0         0
         0         0         0         0         0         0         0         0
         0         0         0         0         0         0         0         0
         0         0         0         0         0         0         0         0
         0         0         0         0         0         0         0         0
         0         1         0         0         0         1         0         1
         0         0         0         1         0         0         0         0
         0         0         0         1         0         0         0         0
         0         1         0         1         1         0         0         0

