h8	8000	1	1	1
         0         0         0         0         0         0         0         0
         0         0         0         0         0         0         0         0
         0         0         0         0         0         0         0         0
         0         0         0         0         0         0         0         0
         0         0         0         0         0         0         0         0
         0         0         0         0         0         0         0         0
         0         0         0         0         0         0         0         0
         0         0         0         0         5        10         7         8
        10         6        10         8         3         5         6         4
        13         6         4         5        13         9         8         8
         9        10         5        12        11        10         7        16
        11        11         9        11         8        10         9         2
         3         7         5         5         5         5         2         6
         0         7         3         7         5         5         3         0
         3         2         8         4         3         2         5         7
         2         5         6         6         9         5         6         8
         3         5         5         5         2         2         4        11
         0         6         8         5         2         7         6         9
        12         5        10         5         4        10         9         6
        10        18         8        22        28        29        37        48
        54        48        70        59        68        73        39        35
        27        33        15        20        20        24        36        30
        41        64        83       106       138       147       165       163
       158       168       143       141       118       119       109        98
        92        97        98        93       106       100       107       110
       110       108       132       122       138       125       123       141
       175       126       149       171       165       162       158       163
       161       185       171       189       155       155       174       165
       152       183       163       154       182       184       196       182
       211       201       187       184       184       209       160       152
       195       197       175       189       219       193       190       211
       173       189       214       175       206       220       233       185
       204       208       181       237       209       229       229       228
       235       235       240       263       237       249       242       250
       276       283       272       277       296       288       251       257
       237       238       221       258       234       268       263       268
       291       247       242       253       246       264       282       267
       267       267       266       308       311       282       269       290
       240       289       285       290       277       288       287       323
       313       309       310       294       270       327       362       297
       317       304       316       326       363       351       367       336
       364       391       412       395       448       420       492       441
       470       473       492       463       460       468       473       478
       489       437       441       456       447       440       427       458
       420       403       416       378       408       387       407       398
       380       385       373       340       365       381       368       374
       361       385       340       371       354       381       355       350
       369       365       329       359       326       335       339       333
       371       321       360       319       341       333       319       332
       347       346       357       303       356       320       316       323
       326       321       296       288       339       333       317       311
       330       295       321       335       324       328       331       304
       324       344       298       337       339       314       323       325
       329       309       295       307       326       325       314       309
       336       337       325       342       309       278       302       328
       334       337       328       335       312       321       348       319
       365       349       345       326       317       337       351       362
       375       354       335       338       346       320       354       366
       391       373       354       342       392       319       363       387
       379       361       363       434       538       713       985      1481
      2155      3063      3884      4681      5543      5727      5554      5305
      4474      3502      2686      1850      1283       861       562       413
       346       297       275       249       249       278       256       260
       283       277       247       266       245       280       249       256
       264       260       272       267       247       248       235       249
       270       261       295       254       277       264       266       281
       239       246       256       263       250       232       290       238
       235       257       279       242       257       243       242       280
       243       254       250       247       248       268       258       270
       260       256       226       246       236       252       250       245
       232       241       258       293       239       254       267       233
       251       251       235       271       238       255       269       280
       247       233       239       265       242       254       238       240
       242       258       284       267       265       275       310       294
       267       267       283       293       303       263       285       281
       282       268       282       268       250       260       249       300
       275       270       281       299       265       283       243       268
       271       289       282       273       267       238       265       285
       283       248       255       253       277       256       270       320
       280       274       262       279       265       266       261       283
       249       250       270       295       272       278       292       285
       287       277       278       277       275       261       276       263
       262       253       243       278       239       226       251       239
       271       208       247       258       232       247       242       240
       252       246       234       255       234       248       256       227
       244       233       200       241       230       231       226       234
       244       239       232       252       272       246       235       232
       223       216       254       222       235       208       233       235
       237       260       211       209       212       247       200       236
       230       225       203       223       250       225       218       224
       200       223       218       209       217       193       218       230
       226       219       207       228       222       234       196       245
       222       225       249       199       222       235       249       223
       233       222       230       229       208       202       215       203
       240       195       203       221       236       210       211       232
       228       198       220       208       202       176       201       215
       204       213       212       200       242       221       214       218
       212       231       209       211       209       196       217       189
       202       237       192       180       196       190       181       231
       183       187       201       198       193       180       196       189
       195       207       162       204       174       197       185       211
       167       198       189       176       190       213       177       161
       202       162       175       172       195       191       200       202
       183       195       177       179       186       183       197       191
       179       191       197       189       153       195       191       168
       185       175       195       204       186       185       195       181
       180       197       181       181       194       191       178       168
       155       188       183       189       161       165       182       190
       190       183       191       175       182       173       159       164
       176       183       197       171       177       158       175       164
       157       153       191       168       180       179       180       147
       186       171       186       146       173       171       164       164
       172       153       173       184       166       164       160       143
       176       160       176       164       145       156       156       139
       171       156       158       129       150       173       163       132
       159       158       160       148       173       155       162       149
       151       146       169       148       146       157       142       155
       155       143       169       143       147       138       136       153
       139       138       138       148       130       144       137       136
       124       128       149       132       139       147       137       139
       128       129       122       133       137       146       177       230
       267       380       472       608       777       914      1001       957
       946       895       808       582       457       342       260       183
       160       132       155       118       116       123       132       116
       115       125       125       142       128       121       123       116
       120       132       128       112       129       124       120       124
       142       123       113       119       146       132       131       110
       113        94       131       114       100        98       112       114
       112       125        96        98       124       102       106       114
       106       105       103       111        97       112       114       103
       101       103        99       110       105       129        93        96
       103       112        99       100       102       106       109       102
       133        91       112       118        96       109       105       112
        96       120        94       108       105       110       112       101
        99        97       112       107       112       111       100       125
       108       110       103       120       100       108        94       104
        87       108       109       105       106       105       107       103
       103       114       114        92        88       108        87       100
       100       104        96       101        91        97        98        82
        83        84        89        95       109       116        80        82
        83        81       100        82        94        91        96        85
        86       115       101        91       116       109       101        93
        91        91       105        91       103       100       107        78
        80        89        90       105        79        80        76        80
        87       109        96        95        74        80        94       104
        85        99        94        90        79        88        85        82
        98        88        72        67       100       112       103        98
       132       119       120       128       126       122       112       111
       109        96        86        95        83        77        90        85
        81        86        80        78        69        80        98        94
        71        62        77        70        89        81        80        68
        76        85        82        87        57        69        80        87
        85        82        74        71        75        68        68        76
        92        73        82        95        91        58        75        69
        62        83        82        93        65        71        78        73
        65        80        64        70        76        88        72        75
        83        77        77        65        91        89        79        69
        71       102        77        84        91        87        78        64
        85        71        72        85        79        73        77        65
        79        74        82        73        92        72        76        74
        75        85        82        78        63        73        73        60
        66        73        62        75        92        81        84        70
        86        72        89        60        70        72        73        74
        89        69        59        76        74        69        90        90
        70        77        69        96        72        74        70        71
        68        59        74        78        63        77        66        89
        80        64        65        62        69        75        53        75
        64        71        46        69        72        68        70        66
        56        64        75        58        67        62        79        63
        63        67        66        67        79        69        59        67
        81        91       113       172       256       376       592       871
      1201      1572      1938      2174      2405      2319      2210      1858
      1533      1100       789       580       346       247       147       115
        74        66        49        39        58        62        50        32
        52        54        63        54        43        44        62        55
        58        64        46        52        52        73        52        57
        60        63        60        58        55        46        46        55
        48        46        57        66        55        65        51        59
        37        54        42        57        60        50        49        54
        57        67        37        45        40        60        53        56
        54        54        55        54        51        61        54        42
        55        47        59        48        42        63        51        36
        49        61        62        60        62        70        69       129
       109       123       120       123       107        93        85       102
        79        57        60        50        54        54        45        55
        54        43        66        49        57        42        58        48
        50        39        56        47        41        63        53        44
        63        45        58        48        69        51        54        65
        59        50        44        44        56        49        43        46
        56        52        66        43        45        49        52        57
        49        52        47        49        50        47        48        54
        44        47        50        48        50        46        55        47
        52        54        42        55        44        53        47        50
        57        44        50        60        48        37        61        40
        52        34        43        55        53        60        35        42
        53        56        37        40        41        47        42        49
        53        40        52        60        52        56        57        49
        41        49        51        54        53        49        47        41
        44        47        47        45        48        51        37        47
        51        44        49        45        63        57        36        40
        44        50        44        44        51        44        52        53
        50        49        39        52        50        49        42        44
        47        64        40        52        41        47        50        38
        42        40        42        47        45        56        54        67
        69        79        89       109       148       165       195       178
       229       207       182       171       149       118        90        77
        64        59        49        51        56        37        47        46
        44        48        61        32        47        49        51        56
        52        56        40        38        46        54        43        40
        30        33        47        52        43        38        41        45
        44        38        44        41        50        51        42        42
        44        46        36        42        35        52        55        44
        59        37        58        37        45        41        46        44
        43        40        51        36        29        43        38        37
        44        42        41        38        41        40        45        28
        34        38        49        37        34        42        46        33
        56        52        55        42        48        48        37        35
        45        45        48        37        39        54        37        51
        41        44        42        49        46        52        45        49
        50        37        41        42        57        44        42        48
        52        56        60        66        71       108       122       141
       174       222       229       223       237       242       200       170
       134       119        78        59        51        53        47        47
        41        39        47        43        27        41        39        40
        34        49        47        46        59        48        32        49
        28        45        34        56        39        38        54        47
        45        48        41        55        41        33        31        50
        41        35        49        36        33        46        39        43
        39        43        36        39        35        40        38        38
        36        53        32        53        66        39        37        46
        41        35        36        38        37        43        38        43
        37        43        48        40        56        52        41        44
        52        54        32        45        39        49        42        34
        47        34        41        41        49        37        46        51
        36        41        49        43        44        41        40        45
        38        31        34        37        31        33        44        40
        45        35        44        34        43        41        51        48
        43        38        49        32        36        58        40        43
        52        43        43        33        31        37        45        41
        38        51        37        57        39        43        49        44
        46        57        42        36        50        39        58        52
        40        31        39        41        41        42        31        39
        47        46        50        39        36        48        42        35
        30        50        64        66        62        66        71        68
        76        63        67        44        60        50        49        35
        45        50        30        30        46        43        34        45
        54        42        44        41        53        49        41        48
        36        41        35        41        35        40        35        47
        35        51        51        33        38        45        38        49
        43        45        37        56        40        46        40        35
        44        42        33        63        43        46        42        38
        48        59        69        45        57        42        40        32
        42        43        40        36        43        41        39        45
        41        41        42        43        34        44        37        43
        44        40        38        52        48        43        43        46
        57        54        50        41        45        41        49        35
        45        35        44        47        48        40        44        45
        40        44        43        51        34        36        43        56
        47        44        60        43        45        55        44        47
        34        32        53        42        34        32        42        44
        43        46        36        47        41        43        44        42
        41        46        46        44        46        39        39        32
        36        59        35        40        31        49        48        28
        35        36        42        35        42        53        32        40
        43        38        51        44        43        34        36        27
        33        33        39        43        53        54        54        43
        49        48        54        56        43        46        51        42
        47        45        43        43        38        40        41        48
        40        39        41        39        38        51        37        36
        38        46        30        45        60        55        34        46
        59        41        51        34        36        43        35        46
        46        44        33        47        40        53        54        43
        52        35        44        37        37        43        49        37
        44        33        39        48        44        31        43        39
        37        40        39        39        49        42        39        41
        29        43        42        41        42        51        36        38
        43        46        46        54        40        33        37        44
        39        42        41        58        38        42        50        48
        42        37        41        45        44        41        43        30
        48        58        44        45        42        42        47        35
        43        54        49        56        61        65        56        68
        70        61        71        77        51        67        69        61
        67        59        56        54        38        48        61        49
        48        40        44        48        43        35        35        52
        54        43        40        43        44        41        43        45
        43        38        32        42        38        44        45        48
        32        54        48        40        46        46        52        53
        40        47        49        44        45        47        47        31
        45        41        47        42        40        59        55        38
        39        47        41        37        36        38        33        48
        32        47        44        46        44        32        60        32
        55        40        41        38        46        52        57        60
        56        61        72        51        72        61        57        55
        68        51        39        41        36        48        30        36
        45        35        44        44        40        32        36        34
        50        37        37        40        33        47        55        36
        27        38        41        40        51        43        39        43
        38        37        39        54        39        31        39        42
        35        38        40        40        40        39        41        44
        43        31        33        40        36        30        38        39
        24        46        34        28        44        28        49        27
        30        43        39        26        38        39        39        42
        33        30        32        38        39        42        29        32
        41        25        36        38        26        44        46        52
        39        40        48        39        37        40        47        37
        40        38        30        38        38        27        43        43
        34        29        25        30        36        48        39        34
        32        36        33        31        36        43        36        36
        38        35        41        41        31        44        33        41
        45        41        29        25        34        26        30        44
        33        33        33        53        27        36        28        42
        52        46        35        39        29        34        34        39
        23        38        37        39        29        38        34        40
        37        33        23        36        36        33        32        26
        40        31        31        38        38        33        31        35
        30        32        41        31        36        38        57        39
        32        28        37        44        29        41        35        39
        43        34        35        33        37        37        43        37
        29        45        37        41        40        32        37        38
        38        44        46        40        43        33        44        38
        28        47        35        39        39        35        29        33
        28        37        29        35        22        38        39        31
        26        29        51        39        37        32        43        34
        38        34        33        30        42        33        29        28
        40        32        45        30        38        36        37        37
        29        40        33        32        31        34        25        43
        46        33        48        37        36        29        31        28
        26        46        37        41        35        45        38        51
        41        40        36        27        34        43        31        30
        23        37        38        35        29        38        32        31
        38        39        36        36        34        34        30        38
        28        35        35        30        37        35        35        33
        36        36        39        30        34        23        30        37
        33        32        34        30        33        38        33        39
        42        32        37        48        30        35        30        38
        27        29        39        31        36        39        39        34
        33        48        41        41        33        45        39        42
        43        44        38        44        49        35        60        36
        36        40        54        54        58        67        48        54
        68        45        49        34        28        29        39        37
        34        18        34        36        34        27        33        30
        31        29        38        38        19        32        33        32
        39        27        30        28        41        28        48        46
        30        57        65        63        68        74        64        66
        67        59        71        47        40        28        48        36
        32        28        30        34        34        35        43        34
        52        36        30        26        28        38        41        37
        39        49        25        32        30        29        32        41
        31        29        30        34        42        28        36        31
        32        32        34        32        28        25        20        34
        38        35        37        30        32        34        41        33
        38        37        25        33        42        34        27        35
        46        40        33        39        33        17        32        36
        39        38        44        20        30        22        36        51
        28        23        33        40        36        36        27        42
        39        42        31        39        35        39        39        37
        33        33        35        26        41        29        33        38
        32        27        38        44        35        30        41        27
        42        36        42        34        50        46        39        53
        47        43        46        44        39        48        45        39
        25        33        39        32        42        42        51        35
        47        25        48        45        33        35        38        43
        24        28        35        47        33        47        30        27
        47        41        33        33        32        34        35        31
        30        27        37        32        32        40        31        30
        33        28        32        45        31        33        30        27
        39        43        37        43        43        25        27        35
        46        40        37        43        40        37        42        39
        32        32        20        30        33        29        33        38
        31        33        45        39        36        30        34        31
        34        28        32        32        41        37        41        30
        34        38        36        36        34        36        31        29
        35        46        38        24        41        28        34        33
        40        48        32        38        21        27        54        38
        28        41        34        21        28        37        32        29
        22        29        33        24        39        35        42        41
        32        24        39        32        28        32        34        46
        38        33        39        27        37        33        40        29
        33        32        41        37        31        24        33        33
        32        37        26        47        38        26        30        28
        42        32        25        33        26        33        32        45
        27        43        37        43        41        50        44        37
        39        31        36        41        40        32        30        35
        27        25        31        29        29        43        39        26
        37        41        38        39        24        22        34        41
        32        35        36        36        28        40        21        23
        30        39        32        34        35        27        31        35
        24        45        23        31        35        38        69        76
        87       117       191       242       284       345       435       484
       514       519       536       464       376       331       217       190
       128        76        56        39        40        27        35        34
        28        38        43        29        24        36        27        32
        43        31        25        27        25        28        19        29
        34        25        25        28        45        31        35        27
        40        21        34        34        26        30        33        28
        25        32        33        23        36        22        29        17
        33        29        36        33        23        38        30        27
        32        26        27        31        29        20        25        30
        25        29        21        30        26        25        26        29
        29        33        15        21        27        31        23        31
        31        20        34        30        24        33        29        26
        25        35        31        25        38        25        25        44
        30        20        25        18        26        27        34        26
        33        23        30        24        34        24        35        25
        24        33        39        34        37        29        38        42
        44        36        46        32        35        37        37        30
        34        20        31        25        26        29        22        30
        27        25        40        21        26        22        30        21
        30        21        30        31        29        27        22        32
        24        33        32        23        27        27        31        35
        24        25        29        28        18        31        25        23
        35        29        33        23        25        28        39        28
        24        30        28        26        28        32        24        32
        26        22        21        29        25        27        25        29
        27        24        26        21        26        40        31        23
        29        32        21        30        29        36        26        35
        34        27        31        26        21        35        25        29
        31        30        19        38        31        26        26        35
        23        25        21        24        36        36        22        21
        22        20        24        33        27        31        31        41
        21        30        35        43        25        33        31        26
        32        39        23        23        43        34        30        30
        33        35        26        27        32        24        28        22
        28        31        39        27        32        31        34        28
        24        27        21        30        24        33        29        38
        31        24        32        25        25        27        26        20
        25        34        31        31        32        27        28        24
        25        26        20        33        14        25        28        24
        38        23        31        19        26        28        30        33
        27        31        19        31        33        26        30        31
        21        24        38        28        34        27        25        37
        28        31        27        25        40        26        26        26
        36        28        25        32        49        50        52        75
        89       100       136       134       155       147       148       186
       166       127       115        85        68        67        56        32
        36        34        30        32        34        27        33        26
        25        34        25        28        24        22        39        31
        30        34        30        29        27        28        32        34
        26        21        25        24        36        26        26        34
        31        37        29        36        35        27        24        34
        22        29        27        23        33        31        29        33
        27        31        24        24        33        25        29        29
        18        24        31        38        18        31        15        22
        27        22        23        17        29        33        30        28
        18        22        25        30        26        14        33        19
        25        40        27        33        31        28        24        25
        29        27        24        28        25        29        24        28
        22        25        25        37        23        23        24        28
        21        25        31        24        24        23        24        21
        26        25        26        21        19        31        28        31
        18        23        18        28        31        26        26        28
        29        25        27        34        29        17        28        14
        15        21        16        23        29        15        29        26
        22        25        30        21        21        22        28        18
        17        10        14        24        28        19        16        20
        25        23        21        18        19        22        23        33
        19        23        24        22        29        16        12        18
        26        17        22        25        17        24        17        19
        15        26        19        19        16        21        29        15
        16        30        25        27        22        37        33        28
        35        37        25        16        19        19        22        22
        20        20        21        26        23        22        15        22
        16        17        23        18        24        19        24        18
        28        17        27        25        21        32        29        24
        19        18        29        22        24        15        23        21
        26        26        21        21        26        24        22        23
        17        22        21        18        14        23        21        23
        21        18        23        18        19        17        19        16
        20        24        26        18        16        20        13        21
        20        17        11        18        17        24        17        18
        13        30        18        18        25        21        12        11
        25        12        19        11        15        19        18        13
        11        21        16        15        15        22        10        22
        19        22        16        12        20        18        13        18
        21        10        15        19        20        19        14        19
        13        21        19        15        22        18        16        18
        13        17        17        15        15        23        17        23
        16        20        18        15        20        18        20        22
        26        21        13        21        17        16        19        18
        15        16        10        12        17        27        14        18
        20        24        20        22        24        20        37        39
        57        82       130       156       243       294       358       427
       425       473       472       427       378       335       246       197
       139       106        62        34        40        25        17        17
        15        20        18        15        16        24        19        12
        19        17        22        15        16        17        16        18
        14        11        20        13         9        20        15        22
        10        18         8        11        17        17        13        18
        13        14        18        15        13        11        20        15
        11        15        14        13        11        14        18        10
        13        23        12        13        15        12        12        24
        11        14        11        15        13        12        16        12
        13        16        17        11        13        20        14        12
        19        11        12        13        15        10        12        22
        22        10        14        17        11        23        16        20
        24        23        15        16        16        13        16        12
        11        16        11        16        17        13        27        17
        11        14        15        17        20        25        20        15
        22        21        12        15        14        15        21        17
        10        11        12        13        17        11        19        16
        16        14        18        11        16        18        13        13
        15        19        25         7        18        18        24        26
        27        40        35        42        39        40        32        29
        32        30        22        15        22        19        16         8
        10        15         9        13        14        12        15        10
        19        11        13        13        18        11        12        12
        13        20        16        12        13         9        18         9
        15         8        13        23        12        12        16         6
        13         7        13        11         8        15        18        14
        13         9        12        11        12        14        14        12
        10         8        20        12        17        14        15        13
        13        12         6        10        17         4        10        16
        15        20        15        16        20         8         7        14
        17        15        15        17        11         9        18         8
         9        17        14         8         6        10        21        13
        12        12         8        10        17        24        17         7
        15        19        12        11        18        13        12        16
        12        18        13        14         9        16        13        11
        13        13        12        20        18        19        19         9
        14        15         5        15        16         6        10        14
        13        18        19        12        11        13        12        14
        17        16        14        15        17         7         7        15
        11        17        13        10         7         8        14        16
        13        11        16        10        12         9        10         9
        10        15         9        10        17        21        12        12
        14         9        12        18        14        10        13        14
         9        19        14        18         7        17        17         8
        12         8        10        12         9         8        16        18
        14         7        12        11        18         7         9        12
        14         8         8        14        16        15         9        18
        12        11        15        18        13        13        12        13
        13        12        13         8        24        17        11         7
         9         9        16        13        12        13        14        24
         8        20        11        14        16        12        14        15
        10        14        10        14        13        10        19        17
        10        19        12        12        13        12        11        14
        14        16        13        15        15        15         5        12
        16        11         9        17        11        16        10        11
         7        11        12         7        12        14        10         8
        15         9        13        18        13         8        16        21
        11        15        12        15        12        23        14        11
         9        18        24        23        36        37        48        70
        93       141       137       204       214       266       286       328
       303       282       267       207       174       133        94        94
        43        52        55        53        48        48        69        54
        52        53        42        47        32        29        23        15
        13        11        15        12        13        11        12        12
        12        10        14        11        17        15        18        15
        17        11        10        13         7        13        15        14
        12        10        15        10        11        10        14        13
         9        10        14         6        13         9        12        19
        10         9        16        12        19        12        15         8
        12        12        11        10        11        14        16        13
        23        12        13        15        18        13        17        18
        21        14        24        22        36        33        56        77
        86       106       148       202       318       297       352       393
       427       336       352       293       230       210       157       107
        65        40        41        22        24        17        15        12
        15        12        10         5        18        13        13        20
         6        13        15         4        17        10        10        13
        16        17        14        15        15         9         9        16
        10        15        17         8         9        18        10        20
        13        21        11        14        18        11        12        15
        12        19        12        19        22         8        12        14
        14        11         8        13        11        10        14        13
         8        11        10        13        14         8        13        17
        10        14        10        14        12        19        18        11
        10        13        12        15         8         6         7        10
        13        10        11         9        19        11        12         9
         9        15        15        16        15        12         8        17
        11        15        13        13        10         8        17        12
        17         7        12        10        12        11        12        11
        12        15        13        18        14         9        14        12
         6        16         7        14        12         7        19        15
        11        16        13        14        15        15        15        10
        10        19        18        18        11        18        15        12
        15        29        11        11        21        12        18        17
        11        14         9        13        12        10        14        17
        15        19        17        20        14        19        17        18
        13        10        15        15        15        11        13         9
         9        22        16        18        22         7         6         9
        15        26        15        12        20        17        15        15
        14        11        14        12        12        13         8         8
        16        12        13         9        15        16        18        13
        13         6        21        11        11        12        21         9
        12        14        11        16         9        17        13        11
         8        21        20        21        16        17        15        15
        12        10        12        10        13        13        21        15
        21        15         9        10        14        10        17        24
        17        10        22        13        19         9        12        11
        14        16        11        12        14        12        16        15
        12        11        12        11        14        18        21        12
        19        20        12        18        15        14        11        15
        16        12        10         6         6        20        13        14
         8        20        13        10        11        12        12        15
        10        15        13        14        13         8         7        19
         6        15        12        11         9        13         8        13
        11         7        10         7        11        12        11         8
        10         9         7         8         9         9        13         7
        12         9         8         7        10         5         8        10
         5        14         9         5         7         6        11        17
        11        11        13         7         6        10        11        10
        12        13         7        11        12         8         8         9
         8         8         9         7         6        14        13         6
        10         7         7        13         9        12        10        17
         9        15        13        18        20        28        33        33
        33        48        42        51        48        41        34        31
        36        20        18        14        13        13         9         9
        10         8         8        11         5         7         8         5
        12         4         8        12        12         8         6        10
         8         4        11         8         6         8        11         5
         8         8         7         8         4         8         4         4
         8         6         3        10         5         7         9         4
         9        13         4         7         7         5         8         6
         4         9         4         6         8        12         9         9
         7         6        10         8        10         7         7         2
         9        10         8        12         6        10        11         5
        12         9         6         6         7         9         5         5
         7         8        11         8         9         4         3        10
         7         9        11         6         6         9         7         7
         7         5         9         5         9         8        11         3
         8        13        15         4        10         7         7         8
         6         5         7         5         4         9         5         5
        10         9         7         6         6         9         9         7
         5         9         9         8         9         8        15        12
         8        15        16        12        12        13         8         5
         9         7         6         5         7         4         2        12
         6         2         2        10         7         9         6         4
         1         4         5         5         5         4         6         8
         3         3         2         7         4         6         9         9
         5         7         8         7         3         6         4         8
         5         7         8         5         6         9         2         5
         4         7         8         3         2         6         2         3
         8         9        10         7         6         7         6        11
         4         5        10         6         7         2         7        10
         9         3         4         5         4         6         3         5
         6         4         6         8         6         7         7         7
        16         9         9        11         7         8         9         6
         4         4         4         5        15         3         3         2
         4         6         6         3         3         3         5         5
         2         3         7         5         8         7         5         5
         6         6         6         6         6         1         6         5
         2         8         1         3         4         5         5         4
         3         2         2         4         6         5         5         4
         5         1         5         4         1         2         2         2
         7         3         5         4         8         3         4         4
         7         9         2         6         8         5         5         6
         6         8         3         6         6         2         2         5
         6         8         4        12        18        10        19        33
        35        28        46        44        41        32        38        38
        22        17        15        10        10         5         7         5
         2         5         2         5         2         2         7         3
         2         2         4         4         0         3         0         5
         1         3         5         3         2         3         2         0
         2         4         4         2         3         3         1         2
         6         2         3        10         2         2         4         0
         3         1         4         3         0         1         0         2
         2         3         1         2         2         3         2         2
         2         6         4         4         0         3         1         1
         2         4         3         5         2         2         1         2
         1         3         1         0         2         1         1         2
         6         6         3         1         1         0         1         1
         2         1         0         2         3         5         1         3
         1         1         2         0         1         3         1         2
         2         2         3         3         2         2         4         2
         2         2         3         2         2         0         1         2
         0         1         4         2         1         2         2         2
         0         2         3         2         5         2         3         2
         2         4         2         1         0         3         0         1
         3         2         1         2         0         3         0         1
         2         3         0         1         3         1         1         3
         1         1         0         4         1         2         0         1
         1         0         3         0         2         2         0         1
         0         1         0         2         1         1         2         1
         2         3         1         1         1         1         4         1
         1         2         2         1         3         3         1         2
         0         1         4         1         0         3         2         2
         0         3         1         1         1         1         1         0
         0         2         1         2         1         0         1         0
         2         0         4         0         1         1         3         2
         3         3         2         1         1         1         4         1
         2         2         3         1         0         1         1         4
         2         1         0         1         6         4         1         4
         1         1         1         1         4         0         4         0
         0         3         2         2         2         0         1         3
         0         3         1         0         0         1         3         1
         1         1         1         1         2         0         1         1
         3         1         1         1         0         0         1         1
         1         2         2         2         3         0         1         5
         3         1         0         1         4         2         5         1
         3         0         1         2         2         2         3         0
         3         1         4         0         1         1         2         0
         2         5         2         2         1         4         0         4
         2         1         2         0         1         2         1         0
         4         0         0         0         1         2         1         0
         1         2         3         3         3         4         0         0
         4         3         2         0         1         1         1         0
         2         3         2         3         1         0         1         1
         2         4         1         0         2         6         3         0
         0         1         1         1         1         1         2         1
         2         1         3         2         5         4         2         3
         4         4         2         3         2         8         5         8
         2        21         9        28        42        49        67       108
       175       207       272       297       399       425       425       471
       447       414       331       251       212       152        99        77
        52        26        19        15         5         3         0         3
         1         0         0         2         1         0         0         0
         0         0         2         1         2         0         0         1
         0         0         1         0         1         0         0         0
         0         1         1         0         1         0         1         2
         1         0         0         1         1         1         2         0
         0         0         0         1         1         2         1         0
         0         1         0         0         0         2         0         2
         0         0         0         0         2         1         0         0
         0         0         0         0         0         2         0         0
         0         0         0         0         0         0         0         1
         0         0         0         0         1         1         1         1
         0         2         0         1         1         3         0         0
         1         1         1         0         0         0         0         0
         0         0         1         0         1         0         0         0
         0         0         1         0         1         1         0         0
         0         0         1         0         1         0         2         0
         2         3         2         1         1         3         1         1
         3         5         3         1         3         5         5         9
         2         3         5         2         4         1         2         2
         3         1         0         0         1         2         0         1
         0         0         2         2         0         1         0         2
         1         0         2         3         1         6         3         7
         4         6        14         8        10        17        10        11
        13         6         6        12         5        10         3         4
         6         8         2        11         6         5         3         5
         1         0         0         3         0         0         2         1
         1         0         1         1         0         0         0         0
         0         0         0         1         0         0         0         0
         0         1         1         0         0         0         0         0
         0         1         0         0         2         1         1         0
         0         2         0         1         0         0         0         1
         1         1         0         1         2         0         1         1
         1         0         0         0         1         0         0         0
         0         0         0         0         0         1         0         0
         0         0         0         0         0         2         1         0
         0         0         2         1         1         0         1         2
         0         1         0         0         1         0         0         0
         0         0         0         0         1         0         1         1
         0         0         1         1         0         0         0         0
         1         0         0         0         0         0         0         0
         3         0         0         1         0         2         0         0
         0         0         0         0         1         0         0         0
         1         0         0         0         0         1         0         0
         1         0         1         1         0         1         0         1
         0         0         1         0         0         1         0         0
         0         1         0         0         0         1         2         1
         1         0         0         2         0         0         0         0
         0         0         0         0         0         1         2         1
         0         0         0         0         0         2         1         0
         0         0         0         0         1         1         0         0
         0         1         0         0         0         0         0         1
         0         0         1         0         2         0         1         1
         0         0         0         0         0         0         0         0
         0         0         0         0         0         0         0         1
         0         0         1         0         0         0         0         0
         0         2         0         1         0         1         0         2
         2         0         0         0         0         3         2         0
         3         2         7         5         2         8         8         4
        10         8         6         7         6         6         6         8
         4         2         4         2         4         4         0         1
         1         1         0         2         1         0         1         0
         0         0         1         0         0         0         1         1
         0         0         1         0         0         0         0         0
         0         0         1         0         0         0         0         0
         1         1         0         0         0         1         0         0
         0         0         1         0         0         0         0         0
         0         0         0         0         0         0         1         0
         0         0         0         0         1         0         1         0
         0         0         0         0         0         0         0         0
         0         0         0         0         0         0         0         0
         0         0         0         1         1         0         2         0
         0         0         0         0         1         0         1         0
         0         0         0         0         0         0         0         0
         0         0         1         0         0         0         0         0
         0         0         1         0         0         0         1         0
         0         1         1         1         0         0         1         0
         1         0         1         0         0         0         1         0
         0         1         0         1         0         0         0         0
         0         1         1         0         1         0         0         1
         1         0         0         0         1         1         0         0
         1         2         0         1         1         1         0         0
         0         1         0         0         0         1         0         0
         0         0         1         1         1         1         0         0
         1         0         0         0         0         0         0         0
         1         0         1         0         0         0         0         0
         0         1         0         0         0         0         0         0
         0         0         0         0         0         0         0         0
         0         0         1         0         0         2         0         0
         0         0         0         0         0         1         0         0
         0         0         0         1         2         1         0         0
         0         1         0         0         1         0         1         0
         0         0         0         0         0         0         1         0
         0         1         0         0         0         0         0         1
         0         0         0         1         0         0         0         0
         0         1         0         0         0         0         0         0
         1         0         0         1         0         0         0         0
         1         1         0         1         0         1         0         0
         0         0         0         0         0         0         0         0
         0         1         1         0         0         0         0         0
         1         0         0         0         0         0         0         0
         0         0         0         0         0         1         0         0
         0         0         0         0         0         0         0         0
         1         1         1         0         0         0         1         0
         0         0         0         0         0         0         0         1
         0         0         0         0         0         0         0         0
         0         0         1         0         0         0         0         0
         1         1         0         0         0         0         0         0
         0         0         0         0         1         1         0         0
         0         0         0         0         0         0         0         1
         0         1         0         0         2         0         0         1
         0         0         0         0         0         0         2         0
         0         0         0         0         1         0         0         1
         1         0         1         0         0         0         0         0
         0         1         1         0         1         0         0         0
         0         0         0         0         1         0         1         0
         1         1         0         0         0         0         0         1
         0         0         0         0         0         0         0         0
         0         0         0         1         0         0         3         2
         0         0         1         0         0         0         0         0
         1         0         2         0         0         1         0         0
         0         0         1         0         0         0         0         0
         0         0         0         0         0         0         0         0
         0         0         0         0         0         0         0         0
         1         0         0         0         0         0         0         0
         1         0         0         0         0         0         1         2
         1         1         2         0         0         0         0         1
         0         0         0         0         1         0         0         0
         0         1         0         0         0         0         0         1
         0         0         0         0         0         1         0         1
         0         0         0         0         0         0         0         0
         0         0         0         1         0         0         0         0
         0         0         0         0         1         1         0         1
         0         0         0         0         0         0         1         1
         0         0         0         0         1         0         0         0
         0         0         1         0         0         0         0         0
         0         2         0         0         0         0         0         0
         0         0         0         0         1         0         0         1
         0         0         0         1         1         0         0         0
         0         0         0         0         0         0         1         0
         0         0         0         0         0         0         0         0
         0         0         0         1         0         0         0         0
         0         0         0         1         0         0         0         0
         0         0         0         0         0         0         0         0
         0         0         0         0         0         0         0         0
         0         0         0         0         0         0         0         0
         0         0         0         0         0         2         0         0
         0         0         0         0         0         1         0         0
         1         0         0         0         0         0         0         1
         0         0         0         0         0         0         0         0
         0         0         0         0         0         0         0         0
         0         0         0         1         0         1         0         0
         0         0         0         2         0         0         0         0
         1         0         0         0         0         0         0         0
         0         0         0         0         0         0         1         0
         0         0         0         0         0         0         0         1
         0         0         0         0         1         0         0         0
         0         0         0         2         0         1         0         0
         0         0         0         0         0         0         0         0
         0         0         1         0         0         1         1         0
         0         0         0         0         1         0         1         0
         0         0         0         0         0         0         0         0
         0         1         0         0         0         0         0         1
         0         0         0         0         0         0         0         0
         0         1         0         0         0         0         0         0
         0         0         0         0         0         0         0         0
         0         0         1         0         0         0         0         0
         0         0         1         0         1         0         0         0
         0         0         0         1         0         0         0         0
         0         0         0         0         0         0         0         0
         1         1         0         0         0         1         1         1
         0         0         0         0         0         0         0         0
         0         0         0         1         0         0         0         0
         0         0         1         1         0         0         0         0
         0         0         0         0         0         0         1         0
         0         0         0         0         0         0         2         2
         0         0         1         3         1         0         0         1
         1         4         2         1         1         1         0         0
         1         0         0         0         0         0         1         0
         1         0         0         2         1         0         0         0
         1         0         0         0         0         0         1         1
         0         0         0         0         0         0         0         0
         0         0         0         1         0         1         0         0
         0         0         0         0         1         0         1         1
         0         0         0         0         0         0         0         0
         0         0         0         0         0         0         0         0
         1         0         0         0         0         0         0         0
         1         0         1         0         0         0         0         0
         1         1         0         1         0         0         1         0
         0         0         1         0         0         0         0         0
         0         0         1         1         0         0         0         0
         1         0         0         1         1         0         0         1
         0         0         0         0         0         0         0         0
         0         1         1         0         0         0         0         0
         0         0         0         0         1         0         1         0
         0         1         0         0         0         1         0         0
         0         0         0         0         0         0         0         0
         0         0         0         1         0         0         0         0
         1         0         0         0         1         0         0         0
         0         0         0         0         0         1         0         0
         0         0         0         0         0         0         0         0
         0         0         0         0         0         0         1         0
         0         0         0         0         0         1         1         1
         0         0         0         0         0         0         0         0
         0         0         0         0         0         0         0         0
         0         0         0         0         0         0         0         0
         0         0         0         0         1         0         0         1
         0         0         0         0         0         0         0         0
         0         0         1         1         0         0         0         0
         0         0         2         0         0         0         0         0
         0         0         0         0         0         1         0         0
         0         0         0         0         0         0         0         0
         0         0         0         0         0         0         0         0
         1         0         0         0         0         0         0         0
         0         0         1         0         0         0         0         0
         0         0         0         0         0         1         0         0
         0         0         0         0         0         0         0         0
         0         0         0         1         0         0         0         0
         0         0         0         0         0         0         0         0
         1         0         0         0         1         0         0         0
         0         0         0         1         0         0         0         0
         0         0         0         0         0         0         0         0
         0         0         0         0         0         1         0         1
         0         0         0         0         0         1         0         0
         0         0         0         0         0         0         0         1
         0         0         1         0         0         0         0         0
         0         0         0         0         0         1         0         0
         0         0         0         0         0         0         0         0
         0         0         1         0         0         0         0         0
         0         2         0         0         0         0         0         0
         0         0         0         0         0         0         0         0
         0         0         0         1         0         0         1         0
         0         0         0         0         0         0         0         0
         0         0         0         0         0         0         0         0
         0         0         0         1         0         0         0         0
         0         0         0         0         0         0         0         0
         0         0         0         0         0         0         0         0
         0         0         0         1         0         0         0         0
         0         0         0         0         0         1         1         1
         0         0         0         1         0         0         0         0
         0         0         1         0         0         1         0         0
         0         0         1         0         0         0         1         0
         1         0         0         0         0         0         0         0
         0         0         0         0         0         0         0         1
         0         0         1         1         0         0         0         0
         0         0         1         0         0         0         0         0
         0         0         1         0         0         0         0         0
         0         0         0         0         1         2         0         0
         0         0         0         0         0         0         0         0
         0         0         0         0         0         0         0         0
         0         0         0         0         0         0         0         0
         0         0         0         0         0         0         1         0
         0         0         0         0         0         0         0         0
         0         0         2         0         0         0         0         1
         0         0         1         0         0         0         0         0
         0         0         0         0         0         0         0         0
         0         0         0         0         0         0         0         0
         0         0         0         0         0         0         0         1
         0         0         1         0         0         0         0         0
         0         1         0         1         1         0         0         0
         0         1         0         0         0         0         0         0
         0         0         0         0         0         0         0         0
         0         0         0         0         0         1         0         1
         0         0         0         0         0         0         1         0
         0         0         0         0         1         0         0         0
         0         0         1         0         0         0         0         0
         1         1         0         0         0         0         0         0
         0         0         1         0         0         0         0         0
         0         0         0         0         1         0         0         0
         0         0         0         0         0         0         0         0
         2         0         0         0         0         0         0         1
         0         0         0         0         1         0         1         0
         1         0         0         0         0         0         0         0
         2         0         0         0         0         1         0         1
         0         0         0         1         0         0         0         0
         0         0         0         0         0         0         0         0
         0         0         2         0         0         0         0         0
         0         0         0         0         0         0         0         0
         0         0         0         0         0         0         0         1
         0         0         0         1         0         0         0         0
         0         0         0         0         0         0         0         0
         0         0         0         0         0         0         0         0
         0         0         0         0         0         0         0         0
         0         0         0         0         0         0         0         0
         0         0         0         0         0         0         0         2
         0         0         0         0         0         0         0         0
         0         0         0         0         0         0         0         0
         0         0         0         0         0         0         0         0
         0         0         0         0         0         0         0         0
         0         0         0         0         0         0         0         0
         0         0         1         0         0         1         0         0
         0         0         0         0         0         0         0         0
         0         0         0         0         0         1         0         0
         0         0         0         1         0         0         0         0
         0         1         0         0         0         0         0         0

