h6	8000	1	1	1
         0         0         0         0         0         0         0         0
         0         0         0         0         0         0         0         0
         0         0         0         0         0         0         0         0
         0         0         0         0         0         0         0         0
         0         0         0         0         0         0         0         0
         0         0         0         0         0         0         0         0
         0         0         0         0         0         0         0         0
         0         0         0         0        81        97        81        89
        83        92        76        83        75       104       103       118
        86       123        98       111       119       132       159       135
       155       150       162       156       164       176       173       216
       183       201       232       253       259       260       287       274
       244       263       254       262       265       242       251       254
       247       241       235       239       258       227       310       315
       320       371       384       399       461       434       462       428
       411       412       364       402       373       347       378       423
       425       432       510       581       604       697       776       826
       965      1073      1183      1175      1226      1170      1100      1139
      1204      1236      1314      1455      1568      1981      2701      3517
      4695      6160      7655      8927      9747     10052      9768      8749
      7342      5623      4303      2886      1951      1303      1003       741
       686       646       639       697       758       979      1339      1621
      2130      2353      2638      2687      2693      2471      2126      1832
      1576      1242       908       673       528       421       337       283
       217       201       215       228       194       206       178       190
       173       181       179       140       159       174       192       198
       182       187       169       192       189       201       151       188
       178       217       184       179       161       177       210       202
       181       177       197       191       216       198       171       195
       221       217       169       182       237       188       235       199
       190       209       200       196       200       206       196       235
       236       209       212       213       232       232       251       211
       250       260       252       238       269       276       268       268
       266       270       293       310       285       300       279       296
       327       309       308       293       293       298       282       282
       300       270       282       282       259       309       294       282
       287       307       295       285       281       283       280       318
       291       284       294       285       300       296       330       286
       353       322       321       325       339       350       357       325
       344       317       334       321       363       350       366       339
       346       369       383       391       387       359       433       451
       443       452       440       492       487       467       509       535
       510       582       536       460       520       497       506       502
       485       492       452       481       454       453       456       437
       391       437       403       431       397       445       432       413
       427       452       371       434       380       342       422       385
       371       349       391       361       377       369       380       367
       366       393       347       323       353       345       384       343
       368       347       355       355       337       347       366       316
       366       353       317       343       349       338       362       343
       314       349       344       358       364       312       324       350
       329       366       336       335       348       333       339       318
       335       372       349       347       392       337       335       336
       339       361       332       355       340       328       365       326
       328       352       343       321       338       330       356       363
       378       385       362       337       364       363       384       376
       358       350       337       363       349       409       358       349
       362       392       328       374       385       346       373       357
       367       353       361       375       376       364       364       392
       382       380       517       558       711      1125      1562      2241
      3175      4317      5274      6089      6509      6292      5797      4910
      3859      2825      1947      1280       841       613       459       368
       281       270       319       279       299       303       284       269
       270       276       244       281       281       272       285       279
       246       262       258       286       286       288       260       272
       275       279       275       281       286       297       280       291
       284       255       278       279       259       245       268       281
       262       254       299       276       257       247       244       263
       249       288       260       253       254       240       287       302
       249       267       267       280       256       227       284       262
       267       251       271       275       253       279       270       250
       250       255       244       280       268       287       248       260
       251       277       274       279       295       295       266       267
       298       284       281       314       296       304       297       305
       324       317       289       304       331       290       301       317
       307       300       294       307       324       313       264       278
       324       275       291       300       296       299       317       273
       330       313       299       270       289       317       288       280
       306       279       273       278       309       258       322       276
       298       295       274       275       285       288       296       282
       286       303       303       323       328       295       313       328
       291       310       281       273       273       268       241       265
       276       269       266       288       254       270       298       273
       285       273       259       316       275       254       260       263
       241       241       255       262       266       235       240       266
       236       270       238       270       251       239       243       268
       254       214       242       222       254       254       253       275
       269       221       230       257       277       246       255       228
       255       259       231       253       205       235       228       235
       223       252       226       223       223       241       233       216
       240       240       207       239       250       243       220       215
       248       265       251       221       242       225       225       219
       240       235       223       231       201       271       237       196
       239       235       225       215       253       252       209       208
       225       219       199       239       218       203       215       216
       220       208       226       220       214       231       213       225
       234       240       207       200       201       240       228       231
       231       216       228       212       239       252       231       216
       251       236       230       206       253       224       209       220
       208       217       214       221       215       206       222       223
       204       195       189       227       191       207       193       181
       204       203       170       198       205       181       172       183
       206       185       194       207       204       197       193       215
       199       195       199       203       193       183       210       191
       234       185       176       209       217       217       211       201
       209       194       233       169       204       202       201       183
       208       182       202       201       189       198       207       195
       186       179       190       207       213       187       187       207
       212       189       195       183       185       204       186       155
       184       182       182       181       171       169       180       181
       182       182       176       167       187       189       172       174
       189       168       185       180       189       176       160       175
       176       166       169       168       157       173       163       166
       168       169       169       182       153       176       192       170
       176       148       161       162       157       154       162       144
       151       169       167       147       138       151       175       151
       180       159       158       159       158       144       145       174
       154       168       150       162       142       169       124       161
       155       137       149       128       161       156       138       138
       163       141       144       145       155       161       152       150
       149       147       124       133       143       152       201       277
       339       431       587       768       932      1014      1074      1180
      1072       919       762       650       459       309       255       178
       158       154       156       129       143       137       156       105
       120       130       117       130       121       145       123       109
       127       139       143       140       147       135       109       130
       122       130       106       133       129       123       128       118
       123       114       118       113       119       104       137       128
       109       112       102       127       115       122       105       108
       129        98        97       123       118       127        89       114
       104       112       105       104       119       101       126        93
       105       115       128       112        99       104       105       101
       103        87       105       111       112        87       114       129
        95       110       113       121        97       104        99        99
       113       118       117        81       107        98       103       122
       117       100       114       112       104       115       103       105
       104       106       106        94        87        99       103        95
       131       110       102       105        97       115        90        95
        84        95        93       107        88       106        82        92
       104        96        94        98        94        96        94        91
        94        94       105       102        94        92        85        98
        88       101       115        88       105       103        89        99
       111        98        93        98        99        93        86        93
        95        86       103        89       101        84        95        91
       112        91        83        93       104        83        80        86
        93        87        75        89        88        91        80        87
        76       102        83        79       110       104       111       116
       117       148       124       125       128       114       112       119
       107       100        82        82        87        76        82        82
        78        68        79        82        76        85        89        74
        73        74        72        89        85        87        68        84
        75        85        76        62        89        69        88        91
        90        82        68        84        72        93        93        74
        65        80        90        87        85        72        82        67
       105        85        74        70        96        80        78        68
        79        74        72        62        80        85        61        81
        77        83        89        64        77        74        80        75
       101        81        80        83        72        71        75        75
        78        85        74        88        59        75        81        59
        73        73        76        66        75        76        74        70
        81        78        66        79        65        93        76        61
        79        73        71        65        85        82        90        94
        70        79        86        82        83        83        72        70
        67        86        64        63        78        85        89        81
        75        78        75        80        92        71        80        71
        58        68        81        67        55        80        63        66
        70        70        71        58        61        55        77        62
        67        71        59        63        68        67        71        70
        63        66        68        66        71        67        65        69
        67        67        65        88        65        87        56        76
        88       105       137       218       280       444       721      1032
      1408      1775      2238      2521      2671      2547      2342      2002
      1607      1222       834       568       297       219       133        80
        70        63        61        76        63        63        49        69
        59        63        56        52        51        55        63        61
        53        59        50        57        63        52        66        51
        50        42        67        62        60        61        60        65
        57        71        46        51        50        54        64        52
        52        44        66        54        65        64        54        61
        54        63        59        56        66        52        43        59
        32        60        48        47        65        56        73        63
        47        51        67        51        62        58        56        53
        54        54        55        65        79        82        99        93
       122       132       147       123       136       111       106        88
        75        78        80        63        58        58        45        48
        42        59        52        44        42        64        53        59
        42        49        47        55        45        55        61        50
        53        63        49        41        54        50        43        58
        54        58        55        46        54        53        37        51
        51        51        62        54        50        56        44        48
        55        56        50        53        45        55        50        37
        55        61        52        57        41        38        57        51
        49        54        45        57        52        57        57        68
        58        43        53        51        47        61        48        60
        57        52        48        58        71        65        45        46
        42        43        51        46        42        40        57        36
        48        39        35        55        60        54        50        44
        50        53        56        47        34        46        44        48
        62        32        56        47        50        41        64        50
        46        37        45        47        53        44        45        57
        37        36        46        54        37        46        40        47
        55        53        49        46        35        50        53        46
        47        49        51        48        47        51        39        48
        46        53        48        42        37        58        54        48
        83        81       100       125       161       176       236       212
       241       233       206       169       151       114       112        72
        58        59        52        43        49        46        43        43
        54        53        48        71        60        59        50        53
        41        61        49        55        47        45        59        35
        44        39        45        48        41        42        51        34
        46        40        43        49        58        55        41        57
        51        51        41        49        44        47        40        47
        48        49        39        50        38        50        47        47
        38        45        34        35        50        48        46        45
        46        43        48        40        45        42        52        48
        51        31        50        43        46        39        48        43
        42        49        45        45        56        36        32        42
        59        42        40        39        38        44        53        45
        31        43        49        47        42        35        42        42
        38        49        53        42        53        45        51        51
        50        57        57        75        90       113       150       167
       203       224       272       290       271       231       219       172
       137       129        77        71        54        48        39        36
        47        32        36        52        40        52        62        39
        47        40        44        46        38        40        31        38
        46        34        42        42        50        53        47        57
        36        52        34        31        39        46        33        50
        45        35        55        48        34        49        43        40
        41        27        45        46        51        42        37        37
        49        41        51        50        48        59        48        41
        37        42        45        32        37        49        45        50
        34        47        45        46        39        40        37        50
        43        33        36        46        46        49        52        44
        51        37        47        46        45        47        38        40
        47        47        36        44        45        36        38        45
        54        46        55        53        44        35        47        43
        46        46        41        46        47        56        41        35
        38        41        50        34        36        36        48        53
        48        45        47        43        39        54        40        36
        50        36        49        49        41        42        40        41
        38        42        40        34        42        53        50        54
        33        41        42        31        44        45        48        41
        42        40        36        50        47        46        52        37
        52        52        44        61        50        60        82        71
        80        73        56        47        64        44        45        56
        53        40        35        50        32        41        41        51
        44        44        30        49        47        39        39        56
        42        52        41        54        48        50        45        57
        40        40        57        39        51        36        38        48
        48        47        39        43        39        53        48        52
        43        44        38        56        39        48        51        37
        38        56        61        54        56        57        45        60
        40        36        54        51        40        42        31        49
        47        46        35        46        45        35        38        35
        42        39        42        54        33        38        30        34
        52        47        34        53        51        56        50        56
        58        48        62        44        40        45        53        41
        43        36        41        44        39        40        44        51
        41        38        50        31        49        36        53        34
        48        43        60        40        39        46        48        49
        54        38        53        42        53        45        54        36
        43        49        34        39        38        52        39        39
        52        65        39        45        46        42        30        50
        49        47        51        43        37        48        38        51
        56        45        38        51        44        36        52        50
        37        32        43        60        40        39        49        34
        45        41        46        35        42        44        46        37
        36        37        41        49        39        39        39        52
        40        37        48        54        40        48        36        45
        35        45        46        34        51        46        48        40
        52        46        45        39        41        39        41        51
        34        45        37        51        54        47        43        59
        43        53        45        48        41        50        51        30
        29        60        45        44        39        50        43        44
        46        51        44        39        38        51        40        47
        39        40        44        38        45        43        42        44
        47        40        53        52        52        46        49        48
        47        38        37        41        46        38        35        39
        47        51        46        48        50        57        45        44
        50        54        52        39        49        35        40        32
        40        47        49        54        45        49        52        46
        37        38        39        43        53        69        53        61
        62        65        73        64        69        68        76        59
        76        48        57        51        56        50        56        53
        58        47        47        58        47        51        58        46
        41        49        52        45        54        33        35        46
        48        35        42        50        49        44        46        53
        34        38        41        59        50        51        39        45
        37        44        47        33        44        41        45        43
        44        47        50        42        56        58        48        53
        36        51        32        48        47        39        55        64
        36        51        42        45        58        44        46        42
        41        39        43        41        44        57        58        51
        52        63        69        81        66        60        68        45
        64        58        59        63        49        40        57        40
        46        37        41        51        49        44        32        43
        39        37        47        46        38        50        48        38
        35        38        40        33        49        27        41        39
        37        42        32        45        41        58        40        35
        38        46        33        31        30        40        41        44
        39        28        35        37        37        44        34        44
        31        39        53        40        43        41        34        35
        37        40        43        37        31        35        35        38
        41        54        29        39        30        37        39        41
        33        45        42        42        27        31        51        43
        51        46        42        39        54        31        45        43
        30        47        36        43        38        45        38        31
        36        38        37        26        31        42        44        44
        34        40        33        33        34        33        35        38
        41        32        49        34        45        29        43        35
        29        47        40        38        45        47        37        48
        44        40        30        43        40        37        36        51
        34        41        34        45        38        34        40        32
        41        32        40        42        37        36        48        29
        29        41        41        45        33        38        48        41
        31        43        33        46        36        37        35        37
        44        39        31        32        34        38        32        42
        53        46        37        39        32        34        35        42
        41        30        44        37        26        40        41        31
        43        31        30        40        39        42        39        35
        30        51        29        37        39        36        50        42
        33        44        43        36        33        32        37        28
        43        47        40        35        47        36        31        39
        29        32        29        48        39        41        30        38
        34        39        38        48        36        30        46        27
        24        34        41        37        34        42        39        40
        36        37        30        35        36        36        42        43
        30        43        31        46        42        42        41        44
        35        43        36        55        34        63        48        37
        34        49        35        33        45        38        36        35
        41        31        38        37        29        41        32        32
        42        30        43        40        34        39        31        36
        41        37        32        38        44        41        31        43
        28        43        29        31        26        43        42        33
        42        40        33        46        40        27        38        40
        32        42        42        38        41        35        47        31
        46        47        37        40        44        34        44        37
        52        40        49        38        41        43        46        45
        42        43        52        43        45        39        37        45
        47        46        51        46        65        57        60        62
        58        51        58        46        40        41        34        46
        45        33        44        30        40        43        30        43
        33        38        37        40        35        35        41        27
        36        42        50        36        56        49        33        64
        46        58        67        73        67        89        68        90
        64        60        58        61        54        42        28        37
        31        36        40        29        32        31        40        29
        43        29        34        33        40        29        49        43
        30        40        24        39        26        28        39        43
        38        27        35        41        33        43        34        34
        31        28        38        27        24        36        33        28
        32        38        26        37        44        32        45        32
        40        39        38        40        41        36        35        30
        41        30        39        29        37        28        40        33
        37        37        29        34        27        46        31        36
        26        30        36        38        35        35        32        34
        42        55        44        47        32        31        45        34
        47        43        40        41        38        30        33        33
        41        43        39        35        34        52        38        33
        41        33        49        38        52        46        48        48
        67        53        47        45        43        58        38        42
        43        51        44        37        29        47        43        49
        43        60        41        33        37        50        34        41
        42        28        36        39        36        35        39        35
        31        39        32        36        27        39        36        49
        34        34        44        34        41        39        49        43
        29        39        36        42        27        46        48        35
        39        39        38        31        30        28        49        35
        28        32        19        33        35        28        38        38
        38        32        32        35        37        27        26        28
        39        37        34        42        52        31        32        41
        40        45        44        40        28        32        33        54
        37        30        40        30        34        56        48        40
        37        37        50        36        37        32        48        37
        35        40        44        29        32        38        36        41
        35        52        37        51        43        38        53        31
        35        41        37        46        43        36        36        39
        43        47        43        31        52        43        45        37
        35        31        50        44        44        37        40        34
        35        42        49        40        36        33        46        33
        41        46        41        44        36        34        32        31
        31        32        36        34        35        36        33        44
        38        23        37        43        38        38        45        41
        40        56        40        52        32        29        29        38
        46        38        26        34        37        47        52        35
        28        40        29        36        28        36        32        38
        35        34        30        35        48        23        25        27
        30        36        37        36        47        39        41        37
        41        48        50        62        74       106       131       203
       264       341       393       495       538       597       577       527
       535       447       347       285       186       136       108        64
        60        47        33        30        29        26        43        34
        38        30        23        30        24        39        42        37
        35        38        29        37        40        28        26        39
        41        28        34        18        36        32        30        28
        32        39        32        29        36        34        35        21
        37        32        27        19        33        31        32        22
        31        30        28        32        23        34        28        37
        39        42        25        32        27        29        33        28
        41        29        28        27        34        24        33        22
        33        27        37        28        39        33        42        33
        35        26        27        25        40        30        34        38
        28        24        20        28        31        26        33        30
        34        21        27        36        34        31        25        28
        32        20        40        35        35        32        40        42
        40        45        49        49        46        51        56        45
        42        34        29        33        29        29        37        28
        31        36        28        27        26        40        32        28
        29        24        35        36        35        24        29        39
        27        30        37        28        29        31        25        32
        25        29        28        24        32        30        34        33
        35        33        26        31        29        23        25        20
        39        34        28        40        32        30        31        23
        37        28        28        35        32        38        33        35
        25        28        30        23        26        37        38        34
        36        28        25        36        26        24        35        25
        37        24        28        31        38        33        44        44
        25        28        38        34        43        42        42        37
        40        25        34        26        40        30        24        27
        37        23        38        32        30        24        32        35
        34        25        33        41        42        36        41        42
        38        42        43        30        41        34        36        32
        35        43        29        25        28        25        33        27
        32        18        33        35        32        42        27        39
        33        38        44        25        33        23        26        30
        33        27        17        35        26        31        31        26
        31        30        38        35        29        22        34        39
        20        43        25        35        36        34        31        33
        30        27        27        34        24        39        34        41
        26        37        29        30        21        25        36        27
        38        32        25        26        35        33        32        32
        38        26        33        34        29        36        35        34
        24        40        38        40        33        45        50        67
        77        84       104       130       147       196       176       211
       198       194       172       155       133        98        61        66
        39        39        37        38        34        31        41        28
        39        36        31        36        34        28        31        29
        38        35        33        45        27        27        31        30
        32        22        38        24        34        30        20        31
        26        36        30        34        28        31        37        33
        32        30        40        27        24        24        32        27
        26        22        32        28        24        31        33        24
        36        36        28        31        35        34        27        28
        24        34        31        24        36        24        27        28
        27        36        27        29        24        24        22        27
        25        35        25        33        28        28        17        26
        25        30        31        30        26        25        27        27
        21        27        21        27        26        27        30        20
        35        33        25        28        34        37        31        27
        22        24        26        31        23        32        32        36
        26        31        28        37        31        28        20        34
        26        21        20        27        23        13        26        34
        24        22        18        33        23        29        18        24
        30        28        25        25        22        28        23        20
        22        23        15        17        24        18        24        22
        24        28        20        27        20        33        27        32
        19        29        24        27        32        27        29        23
        24        19        24        24        15        27        22        17
        25        25        26        15        23        29        20        26
        36        27        29        32        23        33        43        37
        40        32        40        29        18        21        14        25
        22        25        12        25        20        16        16        27
        19        20        19        23        23        29        33        23
        16        21        35        32        27        33        29        26
        37        22        23        20        26        24        19        23
        21        27        19        20        20        24        23        24
        17        21        19        30        20        21        26        23
        21        21        11        30        18        23        19        23
        27        24        13        19        16        20        20        19
        14        19        23        20        20        23        18        18
        15        22        17        16        18        21        20        28
        26        15        25        13        14        15        16        19
        25        20        17        20        15        30        19        28
        17        12        20        29        15        24        22        15
        21        20        18        21        18        20        12        13
        20        18        19        18        18        18        19        23
        20        24        18        31        15        18        20        21
        24         9        11        20        20        15        22        30
        16        19        24        16        15        23        21        20
        22        20        23        29        20        20        19        23
        20        16        34        29        35        47        41        67
        67       101       143       178       206       298       399       468
       538       516       571       500       468       362       299       274
       160       134        80        76        32        21        17        22
        14        23        19        24        27        21        23        16
        15        21         8        14        10        14        15        14
        16         9        15        10        16        16        19        18
        12        19        19        13        19        11        12        19
        11         8        22        20        10        14        23        13
        12        18        14        27        18        20        13        21
        22        13        14        21        13        17        17        22
        13        12        15        17        10        16        10        15
        15        13        10        14        12        17        13        21
        16        17        14        14        12        16        21        13
        21        16        18        16         7        13        16        21
        20        15        22        16        12        16        17        20
        19        10        23        16        14        14        10        22
        15        18        15        22        11         6        16        18
        10        11        13        15        25        11        19        12
         7        11        14        13        12        13         9        18
        16        17        10        13        10        16        18        24
        17        20        20        15        28        25        22        24
        29        28        46        39        38        40        44        35
        39        41        32        15        32        17        13        12
        11        16        10        14         6        12        14        19
        16        13        21        18        17        14        10        16
        20        19        13         9        13        26        13        19
        15        12        15        19         8        14        10        13
        11        11        10        12        12        11        21        11
        13        16        17        14        18        17        21        14
         7        15        11         9        12        10        13        22
        16        11        17        16        18        11        19        13
        15        14        13         8        13        19        13         7
        14        12        15        13        20        12        14        14
        14        13        12        13        11        13        13        14
        16        16        18        11        12        16        10        13
        16        12         9        19        11         6         7        13
        10        10        13        12         9        10        11        15
        15        14         6        14        17        16        10        14
        16        22        11        18        10         6        14         6
        19         9        10        10        11        16        16        14
        13        16        10        11        12        13        14        14
        15        18        10         9        12        14        13        12
        10        13        18        16         8        20        18        13
        15        14        13         8         9        16        13         8
        24        13        11        19        10        13        12         8
        14        14        13        14        19        18        13        17
         7        20        15        10         6        17        14        14
        12        13         7        14        13        15        10        17
        10        21        16        12        12         7        11        16
        15        11        20        19        16         7        11         9
        12        10         9        14        12        12        12        14
        16        16        11        10        15        12        15        11
        11        11        13        16        11        19        17        10
        21        18        13        11        13         5        10         9
        14        11        13        14         8        12        10         8
        13         7        18        18        15        10        12        17
        12        15        11         9        17        17        19        17
         9        12        21        13        21        14        14        11
         7        16        13        20        17        10        16        11
        15        17        13        17        19        10        17        15
        20        24        30        24        36        45        53        50
        63        97       130       159       224       262       295       339
       325       325       287       253       240       190       147       123
        92        59        67        73        64        50        67        69
        70        62        61        46        49        26        42        26
        20        17        11        11        17        20        14        16
        14        15        11        10         9        16        15         7
        20         8        12        13        12         8         9        15
        12        19        18         9        11        23        12        18
         8        15         8        17        11        15        14        10
        15        12        16        14        12        13        19        20
        10        13        16        17        16         7        16        12
        19        13         9        12        23        18        18        20
        19        30        28        34        52        38        67        67
        84       116       159       204       266       290       318       382
       438       408       376       360       323       263       203       167
        99        74        67        42        25        19        15        20
        16        13        19        10        18        17        16         8
        11        14        19        14        21        13        10        17
        11        10        14        14        16        11        23        19
        15        25        15        22        25        18        18        16
        13        15        17        26        17        14        21        30
        20        20        14        15        10        11        15        12
        17        14        11        15        10        13        15        11
        13        13        20        12        16        14         9        13
         5        18        14        15        13        16        11        10
        13        16        15        14        15         9        16        11
        12         7        18         9         6        14        21        17
        15        10        11        14        13        15        10        19
        15        13        15        16        12         8        15        16
        13        14         7        12        19        20        16        17
        13        20        15        20        14        15        22        15
        13        15         9        15        19         7        17        15
         9        15        13        11        10        21        17        14
        24        11        26        13        18        17        18        13
        19        23        16        11        22        19        18        15
        14        15        15        18        14        19        18        20
        12        12        18        21        21        17        14        22
        16        11        15        22        19        21        17        15
        16         7        14        14        12        12        17        20
        22        13        19        12        13        17        12        17
        19        23        13        16        17        17        19        18
        16        14        18        11        12        15        22        15
        19        16        13         8        18        21        14        16
        12        21        19        11        14        16        12        26
         9        21        13        21        15        14        11         9
         9        13        12        13        16        12        15        18
        14        18        14        13        17        14        18        17
        19        21        11         9        10        15        12        12
        11        20         8        18        17        12        14        12
        10        16        14        12        16         7        15        18
        18        11        19        16        22        16        15        19
        12        15        21         9        11        13        16        19
         8        15        16        14        14        15        11         8
         7        14        13        10        21         9        10        12
        10        10        13        10         9        16        14         7
        10        13        16        10        14        13        15         9
        12         8         4        11        11        12         5        11
         8        16        12         7        16        10         9        11
         9        11        11        11        14         7        14        12
        10        14         8         8         5        10         7         6
        10        12        11         9         7         8         7         9
        12        10         6        12        12         7         9         4
         7         4        10         9         7        10        11        16
        10        15        19        13        29        19        29        28
        45        40        48        35        55        47        48        32
        26        29        19        23        19        21        10        11
         1         7         8        10         7        14         9         5
         7         7        10        10         2        14         9        11
         4         8         8         7        12         9         5         7
         9        11         8         9         5         9         6         7
         4        10         8         9         5         3         6         4
         9        10         8         8         9         6         9        12
        10         9         7         9        10        11         8         7
        12         7        11         9         7        11         9        11
        10         3         5        16        12        16        12        12
        10         6        10        14         7        10         4         7
         7         7         9        10         9        14         9        10
        10         8         3         9        10         3         8         3
         4        10         9        10         4         7        10         6
        12        11         6         9         7         6        11         6
         8         8         5         5         7         3         6         7
         6         7        12         7        12        10        11        11
         8        11         8        15        11        10        15         8
        13        11        14        14        10         9        11        10
        10         8         6         4         5         5         5         5
         5         8         7         5        11        11         8         8
        13         5         9         6         4         7         2         4
        10        10         7         6         7         8         3         2
         5         5         6         7         4         7         3         7
         9        10         7         5         5         3         4         6
         6         7         5         5         7         5         5         3
         7         6         3         7         3         4         5         9
         5         3         5         5         3         5         6         0
         2         8         3         7         3         3         7         6
         5         4         3         8        11         6        11         4
        12        17        13         9        16         6         6         7
         9         5         4         6         2         7         6         5
         4         3         5         3         7         6         9         4
         6         4         5         4         3         2         1         5
         5         6         6         4         3         4        11         9
         2         4         5         3         5         4         4         1
         4         6         3         3         8         2         4         2
         8         5         6         3         3         2         3         4
         5         4         4         6         8         8         7        10
         9         5         6         6         7        12         6         4
         7         4         6         5         7         1        10         7
         8         6        11        15        19        17        22        21
        36        35        44        46        44        39        46        33
        38        26        25        15        18         9         5         6
         3         5         5         3         1         6         2         4
         6         6         2         1         2         2         0         5
         2         2         2         2         1         2         1         1
         1         5         2         1         2         4         3         3
         5         2         6         0         2         2         4         6
         7         1         3         2         1         6         7         2
         2         1         2         4         4         3         3         3
         3         2         1         2         2         2         3         0
         4         4         1         3         0         1         3         3
         1         2         2         2         2         0         4         4
         2         2         0         3         3         2         2         2
         0         0         1         2         1         3         3         4
         2         1         2         2         4         4         1         0
         2         2         3         3         4         4         1         2
         1         2         3         3         1         3         3         4
         1         1         1         2         1         1         1         2
         1         2         4         1         2         1         2         1
         3         3         4         1         4         3         3         0
         2         2         3         1         0         2         0         1
         3         4         1         2         1         0         1         4
         0         2         2         3         0         3         2         2
         0         1         3         2         1         2         3         1
         2         1         3         2         0         3         1         4
         0         4         0         7         2         0         3         2
         2         2         2         1         0         2         1         4
         3         2         5         0         1         3         1         1
         2         2         1         0         0         0         0         3
         1         1         0         2         2         1         1         0
         3         1         2         2         3         1         1         2
         0         4         0         2         2         6         2         2
         2         0         2         3         2         1         2         3
         4         0         3         2         1         0         1         2
         0         1         2         4         1         0         0         2
         3         1         0         2         1         1         2         1
         2         1         0         2         1         2         1         0
         1         2         1         1         2         4         0         2
         3         1         0         1         2         2         2         2
         1         4         0         1         0         1         2         5
         1         0         2         2         0         3         0         5
         1         0         2         2         1         2         2         1
         3         3         1         1         0         2         1         1
         2         3         0         2         0         0         1         1
         3         0         1         2         2         1         1         1
         3         2         2         3         2         1         1         0
         2         1         0         0         3         2         1         1
         1         1         2         1         5         2         1         0
         1         2         1         1         1         2         1         4
         2         3         3         0         2         2         3         1
         1         0         0         0         4         0         1         2
         2         3         0         1         4         2         1         5
         3         7         6         6        12         8        11        17
        18        35        45        41        68       100       119       168
       203       245       298       399       407       476       437       472
       462       407       361       321       235       164       131        90
        55        29        24        10         8         7         3         1
         0         0         0         0         0         1         2         4
         1         2         1         0         0         2         0         0
         0         0         0         1         1         1         0         2
         1         0         2         1         0         0         0         1
         1         3         0         0         1         1         0         2
         1         1         1         0         0         1         0         1
         1         2         0         0         0         0         0         1
         0         1         0         1         1         0         0         1
         1         1         0         0         1         0         0         0
         0         0         0         1         0         0         0         2
         2         0         1         0         3         1         1         1
         2         2         0         0         1         2         0         0
         1         1         0         0         0         0         0         1
         0         0         0         1         0         0         0         2
         0         3         0         3         0         1         0         1
         3         0         1         2         0         0         0         1
         3         2         1         0         1         3         6         0
         3         4         3         5        10         8         4         5
         3         3         3         5         0         2         2         0
         1         4         2         0         2         1         1         3
         0         2         0         2         3         1         5         0
         1         5         4         4         4         6         8        10
         9         8        12         9        10        17        15        11
        10         8         7         7         5         5         5         7
         5         7        12        12         6         5         8         1
         1         2         2         2         1         0         0         0
         0         0         0         0         0         1         0         0
         0         1         0         0         0         0         0         1
         0         0         0         0         1         0         1         1
         0         1         0         1         0         0         1         1
         0         0         0         0         0         1         0         0
         0         1         0         0         0         0         0         0
         2         0         1         1         0         0         1         0
         2         0         0         0         1         1         1         0
         0         1         1         1         0         0         0         0
         2         0         1         0         0         0         0         1
         0         0         0         0         0         0         2         0
         1         0         0         0         0         0         0         0
         0         0         0         0         0         0         1         1
         0         0         1         0         2         0         0         1
         1         0         1         0         1         1         0         1
         0         1         0         2         0         0         0         0
         1         0         0         1         1         0         1         0
         1         0         0         0         2         1         0         1
         0         1         0         0         0         0         1         0
         0         1         0         0         1         1         1         1
         0         0         0         2         0         1         0         0
         0         0         0         0         0         2         0         1
         0         1         0         1         1         1         2         0
         1         0         0         1         0         0         2         0
         1         1         0         1         1         1         0         0
         0         1         0         0         0         0         0         0
         0         1         1         0         0         0         1         0
         0         0         1         0         0         1         0         0
         1         0         0         0         1         1         0         2
         1         1         1         1         0         1         0         1
         1         2         1         0         0         3         1         3
         4         3         8         7         7        12         9         9
         8         4         7         7         5         6         7         5
         4         2         5         1         2         0         1         0
         2         0         1         1         0         0         0         0
         0         0         1         1         0         0         1         0
         0         0         0         1         0         0         0         1
         0         0         0         1         0         0         0         0
         0         0         0         0         0         0         0         1
         1         1         0         0         0         1         0         0
         0         0         1         0         0         1         0         0
         0         0         0         0         0         2         0         0
         1         0         0         0         1         0         0         0
         0         0         0         0         1         1         0         0
         0         0         0         0         0         1         1         0
         1         0         0         0         2         1         0         0
         0         1         0         0         0         0         0         1
         0         1         0         0         0         0         1         0
         0         0         0         0         0         0         0         0
         0         0         0         0         0         0         0         0
         0         0         0         0         0         0         0         0
         2         1         0         0         0         1         0         0
         0         0         0         0         0         1         1         1
         0         0         0         0         1         1         0         0
         0         1         0         1         2         0         0         0
         0         0         0         0         0         0         0         0
         0         0         0         0         0         0         0         0
         1         0         2         0         0         1         1         1
         1         0         0         1         0         0         0         1
         1         1         0         1         0         0         0         1
         0         0         0         0         0         0         0         2
         0         0         2         0         0         0         0         1
         0         1         0         0         1         0         0         0
         0         0         1         0         1         0         1         2
         0         0         1         0         2         1         1         0
         1         0         2         0         1         0         0         0
         2         0         2         0         2         0         0         0
         0         0         1         1         0         0         0         0
         0         0         0         1         1         0         0         0
         0         0         0         0         2         0         0         0
         2         1         0         1         0         0         1         0
         0         0         0         0         1         0         0         0
         0         0         1         0         1         0         1         0
         0         0         0         1         0         0         0         0
         0         0         0         0         1         0         0         1
         0         0         0         0         0         0         0         0
         1         1         0         1         0         0         0         0
         0         1         0         0         0         1         0         0
         0         0         0         1         1         0         0         0
         0         0         0         0         0         0         0         0
         0         0         0         0         0         0         0         0
         0         1         0         0         0         0         2         0
         0         0         0         1         0         0         0         0
         0         0         0         1         0         0         1         1
         0         0         0         0         0         0         0         0
         0         0         1         0         0         0         0         0
         1         0         0         0         0         0         1         0
         0         0         0         0         0         0         1         0
         0         1         0         1         1         0         1         0
         0         1         0         1         1         3         0         1
         0         0         0         0         0         0         0         0
         1         0         0         0         0         1         0         0
         0         1         1         1         0         0         0         0
         0         0         1         0         1         0         0         0
         0         1         0         0         0         0         0         0
         0         0         0         0         0         0         0         0
         0         0         0         0         0         0         0         0
         0         0         0         0         1         0         0         0
         0         0         1         1         0         1         0         0
         0         0         0         0         1         0         0         0
         0         0         0         0         0         0         0         0
         0         0         1         0         0         2         0         0
         0         0         0         0         0         0         0         0
         0         0         0         0         0         0         0         0
         0         0         0         0         0         0         0         0
         0         0         0         0         1         0         0         1
         0         0         0         0         1         0         0         0
         1         0         0         0         0         0         0         0
         0         0         0         0         1         0         1         0
         0         1         0         0         1         0         1         1
         0         0         1         0         0         0         0         0
         1         0         0         0         0         1         2         0
         0         0         1         0         0         0         0         0
         0         0         0         0         0         1         0         0
         0         0         0         0         0         0         0         0
         0         0         0         0         0         0         0         0
         0         1         0         0         0         0         0         0
         0         1         0         0         0         0         0         0
         0         0         0         0         0         0         0         0
         1         0         0         1         0         0         0         0
         0         0         0         0         0         0         0         0
         0         0         0         0         0         0         0         0
         0         0         0         0         0         0         1         0
         1         0         0         0         0         0         1         0
         0         0         0         1         0         0         0         0
         0         0         0         0         0         0         0         0
         1         1         0         2         0         0         0         0
         0         1         0         1         0         0         0         0
         1         0         0         0         0         0         1         0
         0         0         0         0         0         0         0         0
         0         2         0         0         0         0         0         0
         1         0         0         0         0         0         0         0
         0         0         1         0         1         0         1         0
         2         1         0         0         0         1         0         0
         0         0         0         0         0         1         1         0
         0         0         0         0         0         0         0         0
         0         0         0         0         0         1         0         0
         0         0         1         0         0         0         0         0
         0         0         0         0         0         0         0         1
         0         0         0         0         0         0         0         0
         0         0         1         0         0         0         0         0
         0         1         0         0         0         0         1         0
         0         0         0         0         1         0         0         0
         0         0         0         0         0         0         0         0
         0         0         0         0         0         0         0         0
         0         0         0         0         0         1         0         0
         0         0         0         0         0         0         1         0
         0         0         0         1         0         0         0         0
         0         0         0         0         0         0         0         1
         1         1         0         0         1         1         2         1
         2         1         3         1         1         0         0         1
         1         0         0         0         0         1         1         0
         0         0         0         0         0         0         0         0
         1         0         0         0         0         0         0         0
         0         0         0         0         0         0         0         0
         1         0         0         0         0         0         0         0
         0         0         0         0         0         0         0         0
         0         1         0         0         0         0         0         0
         0         0         0         0         0         0         0         0
         0         1         0         0         0         0         0         0
         0         0         0         1         0         0         1         0
         0         0         0         0         0         0         0         0
         0         0         0         0         1         0         0         0
         0         0         0         0         0         0         0         0
         0         0         0         1         0         0         0         0
         0         0         0         0         0         0         0         0
         0         1         1         0         0         0         0         0
         0         0         0         0         0         0         0         0
         0         0         0         0         0         1         1         0
         0         0         0         0         0         0         0         1
         0         0         0         0         0         0         0         1
         1         0         2         1         0         0         0         0
         0         0         0         0         0         0         0         1
         1         0         0         1         0         0         0         1
         1         0         0         1         0         0         0         0
         0         0         0         0         0         0         0         0
         0         0         0         1         0         0         1         0
         0         1         0         0         0         0         0         0
         0         0         0         0         0         0         0         1
         0         0         0         0         0         0         0         0
         0         0         0         0         0         0         0         0
         0         0         0         0         0         0         1         0
         0         0         0         0         0         1         0         0
         0         0         0         0         0         0         0         0
         0         1         0         0         1         0         1         0
         0         0         1         0         0         0         1         0
         0         0         0         1         0         0         0         0
         0         0         1         0         0         0         0         0
         0         0         0         0         0         0         0         0
         0         0         0         0         0         0         1         0
         0         0         0         0         0         0         0         0
         1         1         0         1         0         0         0         0
         1         0         0         0         1         0         0         0
         0         0         0         0         0         0         0         0
         0         0         0         0         0         1         0         1
         0         0         0         1         0         0         0         1
         1         1         0         1         0         0         0         0
         0         0         0         0         0         0         0         0
         0         0         0         0         0         1         0         1
         0         0         0         0         0         0         0         1
         0         0         0         0         0         0         0         0
         0         0         0         0         0         0         0         0
         0         0         0         0         0         0         0         0
         0         0         1         0         0         0         1         0
         0         1         1         0         0         0         0         0
         0         1         0         0         0         0         0         0
         0         0         0         0         0         0         0         0
         0         1         1         0         0         0         0         0
         0         0         0         0         0         0         0         0
         0         0         0         0         0         0         0         0
         0         0         1         0         0         0         0         1
         0         0         0         0         0         0         0         0
         1         0         0         1         0         1         0         0
         0         0         0         0         0         0         0         0
         0         0         0         1         0         0         0         0
         0         0         0         0         0         0         1         0
         0         0         0         0         0         0         0         0
         0         0         1         1         0         0         0         0
         0         0         0         0         0         0         0         0
         0         0         0         0         0         0         0         0
         0         0         0         0         0         0         0         0
         0         0         0         0         0         0         0         0
         0         0         0         0         0         0         0         0
         0         0         0         0         0         0         0         0
         0         0         0         1         1         1         1         0
         0         0         0         0         1         0         0         0
         0         0         0         0         0         1         1         0
         0         0         0         0         1         2         0         0
         0         0         0         0         0         0         0         2
         0         0         0         0         0         1         0         0
         0         0         0         0         0         0         0         0
         0         0         1         0         0         0         0         1
         0         1         0         0         0         0         0         0
         0         0         0         0         0         0         0         0
         0         0         1         0         0         0         0         0
         0         0         0         1         0         0         0         0
         1         1         0         0         0         0         0         0
         0         0         0         0         0         0         0         0
         0         1         0         0         0         0         0         1
         0         0         0         0         0         1         0         0
         0         0         0         0         0         0         0         0
         0         0         0         0         0         0         0         0
         0         0         0         0         0         0         0         0
         0         0         0         0         0         0         0         0
         0         0         0         0         0         0         1         0
         0         0         0         0         0         0         0         0
         0         0         0         0         0         0         0         0
         0         1         0         0         0         0         0         0
         0         0         0         0         0         0         0         0
         0         0         0         0         0         0         0         1
         0         1         0         0         0         0         0         0
         0         0         0         0         0         0         1         0
         1         0         0         0         0         0         0         1
         0         0         0         0         0         0         0         1
         0         0         0         0         0         0         0         0
         0         1         0         1         0         0         1         0
         0         0         0         0         0         0         1         0
         0         0         0         1         0         0         0         1
         0         0         0         0         0         0         0         0
         0         0         0         0         0         0         0         0
         0         0         0         1         0         0         1         0
         0         0         0         0         0         0         1         0
         1         0         0         0         0         0         0         0
         0         0         0         0         0         1         0         0
         0         0         0         1         0         0         0         0
         0         0         0         0         0         0         0         0
         0         0         1         0         1         0         1         1
         0         0         0         0         0         0         0         0

