h2	8000	1	1	1
         0         0         0         0         0         0         0         0
         0         0         0         0         0         0         0         0
         0         0         0         0         0         0         0         0
         0         0         0         0         0         0         0         0
         0         0         0         0         0         0         0         0
         0         0         0         0         0         0         0         0
         0         0         0         0         0         0         0         0
         0         0         0         0         8         5         3         6
         4         1         5         4         2         1         2         2
         3         1         2         1         2         4         1         2
         3         2         0         5         1         3         3         4
         1         3         1         0         2         0         2         2
         0         2         1         1         2         1         2         3
         3         1         1         1         2         3         2         0
         2         4         1         2         4         0         2         1
         3         3         2         2         5         6         4         3
         4         6         2         7        10        10        13         7
         8        15        22        28        31        40        52        80
        95       119       171       218       260       380       437       497
       598       639       773       830       884       930       968       893
       968       846       800       750       718       638       606       562
       574       549       585       617       700       778       828       939
      1060      1137      1183      1237      1302      1303      1282      1232
      1104      1050       944       840       698       618       521       470
       429       357       304       269       268       227       222       232
       215       214       194       159       223       176       189       203
       211       188       185       196       158       198       198       190
       189       188       202       212       190       200       225       223
       202       195       222       230       204       205       211       230
       202       247       240       199       221       206       236       254
       214       243       238       225       237       237       243       232
       207       255       250       222       253       277       251       270
       256       272       258       276       281       271       293       285
       278       307       302       323       309       317       313       294
       328       339       312       364       298       304       316       307
       288       334       321       312       314       310       271       323
       319       316       298       305       314       325       298       346
       311       334       331       319       336       318       352       331
       342       365       365       359       320       383       362       353
       372       384       418       423       434       427       384       407
       447       418       399       417       459       437       466       487
       473       467       561       524       549       542       540       577
       510       563       589       562       624       545       578       548
       552       540       521       522       564       523       535       521
       543       468       489       485       480       514       509       478
       456       489       491       449       434       429       446       442
       496       473       461       478       419       423       452       407
       440       407       424       392       416       382       441       406
       412       419       451       431       383       406       371       403
       430       402       391       403       383       419       399       423
       382       392       388       421       346       371       384       399
       369       375       420       386       382       391       394       358
       423       368       389       385       368       395       379       370
       398       341       365       350       387       404       386       352
       358       394       385       387       384       365       380       384
       404       361       411       351       378       392       367       417
       371       404       385       411       390       410       419       391
       390       419       360       416       382       444       405       402
       421       416       404       461       509       552       670       791
       914      1146      1426      1792      2069      2550      3017      3563
      3901      4332      4600      4846      4802      4943      4773      4488
      4184      3650      3321      2727      2336      1901      1578      1186
       920       779       632       494       442       388       389       347
       302       309       306       299       318       323       324       340
       330       303       313       324       288       281       313       283
       303       309       310       326       299       309       317       303
       300       333       326       291       321       279       321       275
       316       293       277       309       293       318       311       320
       302       283       292       309       298       293       340       301
       309       312       287       330       281       261       291       312
       294       310       304       340       289       309       303       281
       316       279       308       314       312       280       303       287
       294       314       304       299       303       320       295       317
       314       321       358       329       317       350       355       320
       339       362       334       352       327       357       354       298
       332       337       340       340       357       329       327       344
       331       306       339       348       339       359       333       294
       350       354       328       300       320       324       319       303
       333       363       344       330       323       312       326       319
       300       304       313       349       320       344       358       362
       335       346       340       359       327       378       394       335
       310       365       318       338       330       352       304       316
       377       303       301       304       307       306       295       271
       281       294       331       305       286       304       288       290
       293       301       317       330       286       330       308       287
       265       293       309       270       281       301       275       295
       294       268       245       287       282       276       263       268
       264       258       275       287       276       256       290       282
       299       287       291       247       306       260       304       272
       277       268       313       260       235       252       275       258
       291       271       256       299       251       263       247       260
       260       283       276       275       239       272       265       271
       254       278       276       285       260       279       247       278
       271       292       251       281       270       246       243       261
       248       265       272       232       239       259       250       238
       263       271       273       280       270       263       256       273
       268       277       266       278       262       271       256       226
       275       249       268       263       251       245       274       270
       238       250       268       248       215       242       252       217
       241       251       238       251       257       230       230       248
       227       222       236       231       222       266       231       226
       211       244       216       223       203       245       237       220
       226       240       242       207       229       217       230       200
       254       228       233       230       253       231       233       220
       221       226       202       227       218       211       206       225
       205       218       230       237       209       252       215       226
       205       236       224       213       218       189       211       220
       232       204       209       221       209       231       233       208
       213       226       198       224       207       195       217       217
       227       214       222       245       210       210       215       198
       210       198       214       206       221       214       216       221
       216       184       202       208       221       199       211       201
       165       202       205       202       186       217       201       198
       186       203       199       176       192       203       161       206
       195       178       185       196       211       179       174       171
       192       195       185       198       185       195       212       202
       196       180       170       191       179       158       183       183
       178       188       155       162       187       178       205       165
       181       183       194       185       152       193       184       161
       164       166       194       166       142       193       188       173
       203       181       230       213       281       278       363       431
       454       600       658       683       795       827       915       891
       891       857       910       815       721       697       583       517
       449       404       333       281       257       194       211       192
       162       165       149       145       147       147       173       145
       154       122       134       155       139       134       156       152
       165       152       160       149       136       156       143       137
       134       137       143       127       127       131       131       143
       132       126       133       123       141       120       137       151
       131       133       158       132       131       112       125       133
       134       121       131       139       122       130       133       135
       121       122       133       110       127       136       116       111
       128       135       131       141       127       107       126       140
       120       136       132       147       128       152       170       213
       199       282       293       411       531       574       686       839
      1015      1116      1250      1332      1376      1467      1445      1357
      1231      1125      1096       928       767       666       523       447
       344       313       252       201       175       150       163       139
       109       121       116       106       134       107       108       119
       132       118       117       109       110       104       105        84
       137       123       135       117       115       114       107        94
       126       123       122       110       126       122       111       106
       110       112       109       114       122       120       113       120
       121       123       106       102       101       116        98        94
        86        98       123        92       108       132        89       116
       102       105        97       116       122        96       109       106
       100       113       115       104       145       119       102       120
       129       140       113       122       143       132       149       135
       140       124       145       105       132       124        94       117
        87       109       105        97       110        76        94        96
        91        95        99        79       110        81       102       101
       121       106       113        94       100        78        83       103
        95        94        83        99        97       100        77        92
        92        83        82        90        96        94        92        87
        99        87       105        95       101        76        85        81
        92        92       114        82        88        83        95        82
        82        94        93       105        79        93       103        95
       111        82        67        97        75        98       107        81
        92        93       100        86        78        95        95       100
        80        86        92        80        73        70       101        72
        79        78        79        86        97        91        85        85
        98        86        88        95        94        90        88        85
        82       100        99        92        91        78        86        80
        87        64        93        82        81        77        78        82
        90        95        91       112        77       100        83        92
        92        87        70        82        89        89        84        82
        90        84        75        88        91        87        84        73
        80        85        86        76        88        88        77        74
        80       105        95        83        72        75        91        91
        86        93        85       108       103       106       137       143
       201       256       283       393       560       697       815      1023
      1141      1359      1678      1826      1941      1990      2141      2031
      1999      1894      1662      1564      1412      1202      1007       839
       603       534       383       270       242       189       123       109
        92        90        72        78        67        74        57        79
        68        62        57        61        80        67        80        67
        60        40        59        76        90        57        60        69
        69        74        63        69        65        84        62        87
        74        72        68        67        71        70        69        80
        60        64        65        60        65        63        63        45
        64        58        58        61        54        62        65        57
        80        69        72        67        68        54        57        79
        67        77        83        86        93        95       101       108
       118       119       132       147       106       145       112       104
       123       108       108        97        98        99        84        69
        64        61        66        56        64        63        69        55
        55        51        56        67        62        70        70        63
        77        61        62        48        70        67        60        71
        69        62        60        62        63        69        58        47
        49        46        54        64        65        44        55        69
        58        65        53        54        64        51        57        73
        54        55        61        52        59        55        69        63
        60        89        66        66        53        61        67        68
        53        55        69        54        59        64        74        51
        65        47        65        47        61        52        58        55
        60        59        70        63        54        61        68        62
        64        56        57        60        52        49        46        59
        72        48        61        59        63        61        54        48
        49        46        68        65        53        61        59        52
        65        64        51        45        46        74        49        54
        49        55        64        69        54        46        48        62
        37        57        60        59        66        50        61        63
        57        47        54        53        67        53        53        56
        54        67        67        57        60        82        66        58
        76        99       122       123       143       159       175       181
       175       180       205       189       216       197       180       157
       128       124       117       122        90        76        76        67
        76        83        79        74        62        65        61        52
        49        49        68        60        57        64        64        63
        46        65        57        72        61        59        48        38
        47        56        53        64        58        59        69        54
        65        53        74        70        49        49        51        49
        46        46        65        51        40        63        55        51
        44        65        56        45        71        55        56        51
        51        57        47        67        56        51        57        39
        66        45        48        66        40        44        58        60
        53        57        46        49        38        64        50        53
        40        53        61        53        66        57        66        46
        53        49        65        50        55        54        52        53
        44        66        54        65        57        44        59        66
        69        81        83       102       100       131       132       147
       161       184       214       215       217       227       224       248
       220       205       168       191       170       156       135       109
        97        91        70        64        62        53        58        55
        50        49        51        47        68        57        52        52
        56        45        50        58        58        60        57        47
        45        55        49        37        60        45        43        71
        58        54        43        51        64        54        46        46
        55        52        62        53        48        50        49        56
        55        47        51        57        49        60        54        47
        53        45        42        56        44        53        60        49
        52        53        49        48        61        53        59        57
        50        52        48        62        52        49        49        50
        60        48        43        47        60        38        64        59
        60        57        46        59        44        57        49        42
        42        66        43        54        55        57        52        69
        46        59        53        45        53        53        46        52
        53        53        57        48        41        44        59        59
        63        57        69        51        58        69        49        55
        52        40        38        54        61        58        49        56
        47        46        38        47        59        51        68        43
        54        63        59        54        53        59        63        53
        50        50        51        59        63        61        55        58
        59        69        72        67        67        67        83        90
        71        66        70        72        86        76        45        63
        61        58        57        45        45        64        58        55
        35        50        45        60        64        60        58        55
        52        66        50        45        53        49        51        55
        47        58        44        53        41        46        52        44
        56        53        63        50        52        43        48        52
        62        52        57        54        53        67        58        61
        58        43        55        60        58        62        65        40
        70        46        58        65        49        39        56        50
        58        49        61        46        43        61        46        49
        61        57        51        66        48        59        57        40
        63        53        58        64        51        45        50        53
        48        56        57        56        55        50        59        51
        40        48        57        52        55        61        47        47
        37        55        63        56        54        51        47        63
        43        54        58        55        55        66        61        50
        54        43        59        53        40        58        62        63
        51        54        73        52        54        57        54        61
        56        63        44        47        57        48        55        52
        66        57        58        54        56        46        58        53
        47        45        54        51        48        54        47        50
        52        42        62        54        66        52        48        61
        54        66        54        66        50        60        61        60
        42        61        59        45        66        65        56        41
        58        50        60        55        42        50        52        54
        58        61        57        50        54        54        46        51
        56        58        45        56        57        56        53        52
        48        34        50        47        54        49        66        40
        65        51        56        42        53        58        66        64
        54        53        57        61        49        66        55        44
        58        51        57        55        61        56        51        48
        41        63        43        55        63        49        51        62
        55        57        66        65        54        37        47        53
        54        59        62        58        45        66        47        54
        58        44        57        65        62        54        49        54
        58        54        56        43        54        48        60        53
        66        54        44        64        62        73        69        78
        71        72        86        73        72        87        93        72
        67        74        79        85        82        63        69        82
        58        57        70        72        64        67        80        64
        52        45        66        51        48        60        48        61
        53        53        45        51        42        65        55        47
        50        43        61        60        69        49        60        48
        51        53        49        60        60        62        40        58
        47        53        58        43        53        69        56        48
        69        60        59        37        40        58        51        60
        47        54        58        51        44        65        41        51
        64        52        67        47        68        65        64        72
        53        62        66        57        68        64        70        64
        69        55        58        67        51        67        54        59
        51        59        41        33        48        52        56        45
        43        50        59        59        29        58        44        39
        55        43        39        52        41        44        50        49
        40        46        54        46        57        43        50        39
        48        48        60        44        40        44        50        37
        37        47        48        44        64        56        58        45
        39        25        47        61        47        54        50        43
        58        43        50        35        50        49        44        55
        45        60        36        39        56        37        43        43
        45        46        54        47        51        60        39        49
        38        48        53        47        50        60        51        49
        40        46        56        44        38        61        32        45
        45        50        55        48        41        42        55        52
        46        55        29        49        45        44        44        46
        55        52        48        51        46        50        41        41
        49        45        41        43        58        58        47        64
        46        38        45        42        39        45        55        49
        37        46        42        43        38        53        48        52
        51        33        48        46        47        39        36        54
        55        37        44        52        50        32        45        53
        46        52        43        43        51        45        42        50
        45        39        45        51        34        46        49        40
        54        37        44        44        45        47        43        51
        50        55        31        55        41        46        55        46
        53        43        52        48        41        42        38        47
        40        34        55        41        57        46        41        35
        34        42        43        50        53        47        30        38
        49        45        49        54        52        49        50        52
        47        43        44        55        55        47        42        43
        46        41        51        29        54        35        49        44
        50        49        39        52        41        24        47        34
        35        48        52        53        56        41        52        53
        35        50        48        57        48        49        39        61
        48        23        46        53        57        39        47        45
        56        49        48        50        49        42        46        52
        42        31        50        34        45        43        34        41
        40        39        62        39        51        34        46        55
        41        28        29        41        43        49        45        46
        35        42        46        43        58        58        34        31
        39        46        47        46        40        35        49        43
        47        53        52        56        40        40        38        56
        47        40        47        31        41        49        56        47
        52        48        52        48        52        50        58        49
        40        60        50        44        57        49        70        66
        57        55        39        63        63        64        59        53
        51        68        57        45        62        57        47        45
        47        62        46        41        38        47        52        39
        39        36        39        57        33        27        36        41
        50        42        45        60        47        55        55        62
        66        71        67        67        76        89        80        65
        72        80        75        76        88        59        64        67
        50        56        57        44        39        47        42        37
        38        33        45        38        48        41        45        48
        49        50        47        49        36        41        50        42
        37        55        36        45        34        45        44        46
        45        47        39        48        38        48        42        48
        48        35        37        42        36        43        37        45
        32        41        50        40        45        50        42        47
        35        46        46        35        43        40        41        43
        55        47        40        40        43        51        58        41
        50        48        42        44        54        48        36        33
        57        36        50        41        44        57        59        34
        43        47        45        47        49        43        36        51
        41        55        40        35        37        41        48        39
        47        40        40        59        54        53        62        58
        61        53        63        57        53        51        52        54
        62        51        47        58        42        42        43        47
        49        32        49        55        43        47        46        50
        40        45        53        43        51        44        54        53
        48        45        47        40        40        44        41        50
        38        38        25        50        49        39        36        42
        44        51        46        51        42        55        41        48
        41        37        42        44        56        47        52        59
        49        30        46        44        42        48        31        52
        48        39        53        54        34        44        38        33
        45        33        47        42        41        45        56        57
        42        57        44        46        47        40        39        54
        32        48        38        48        48        48        46        52
        42        54        36        50        47        44        46        41
        44        44        36        40        49        48        42        47
        44        42        38        48        54        39        45        48
        46        58        41        49        54        54        55        41
        46        49        50        48        42        53        41        41
        44        48        48        52        36        42        51        56
        49        54        43        42        41        46        37        44
        51        45        34        34        41        45        48        48
        46        52        47        44        52        41        46        40
        35        48        45        44        46        44        42        51
        44        57        48        43        40        35        41        39
        60        47        35        41        45        40        39        47
        41        45        41        41        34        47        42        38
        47        40        42        42        31        43        40        41
        32        45        34        44        44        43        51        41
        61        52        74       100       116       153       151       201
       217       248       329       344       451       475       477       455
       527       521       496       443       410       394       329       276
       220       186       147       139       108        75        75        66
        64        50        46        36        46        36        32        41
        45        42        47        31        52        34        48        43
        37        43        37        39        35        33        33        33
        35        39        41        47        36        43        29        34
        36        30        39        45        43        45        30        38
        34        24        37        30        46        41        32        44
        27        38        45        37        46        45        36        47
        34        37        26        35        42        33        41        47
        27        39        37        29        29        35        34        35
        44        20        44        37        50        34        38        43
        27        30        27        47        42        45        35        44
        42        51        36        37        37        35        43        38
        29        42        31        36        38        34        37        29
        31        49        49        45        44        37        51        64
        58        44        51        46        39        33        44        41
        46        30        41        37        29        56        46        36
        33        29        34        34        34        37        40        32
        43        34        34        34        35        39        40        41
        36        39        32        39        22        46        25        29
        34        34        40        36        40        34        34        31
        37        29        47        31        31        39        38        41
        41        53        40        34        37        34        37        46
        42        38        38        42        49        34        34        45
        36        47        40        39        35        49        43        35
        27        34        36        30        51        37        36        32
        30        30        38        40        39        41        36        42
        34        41        29        37        37        43        33        31
        33        40        33        41        45        43        40        45
        37        46        36        24        34        44        47        38
        53        50        49        60        49        39        42        55
        32        38        41        43        39        32        40        44
        41        49        32        39        31        37        40        30
        37        42        38        39        43        32        34        36
        36        41        31        40        41        37        40        40
        31        47        31        35        41        36        40        46
        30        48        37        29        39        46        41        42
        27        42        36        28        47        25        34        35
        34        26        33        40        28        32        39        45
        32        44        33        42        48        38        31        37
        25        56        30        36        45        43        39        46
        42        41        38        45        43        41        57        64
        52        74        80        88       111       113       140       118
       152       165       176       190       155       154       162       139
       148       125        98       109        84        79        68        58
        59        50        47        41        29        49        46        40
        44        30        45        46        35        50        39        43
        28        33        39        39        46        38        43        36
        29        25        40        45        28        34        39        36
        36        39        31        35        38        51        35        29
        40        39        53        40        39        41        35        26
        34        35        30        34        50        26        35        40
        31        34        38        28        28        24        35        33
        30        42        32        27        38        50        29        34
        28        25        43        39        34        30        44        27
        26        42        31        28        30        30        37        30
        33        26        40        41        40        35        29        37
        31        28        38        38        33        33        30        42
        35        38        34        36        37        26        33        40
        37        38        43        39        37        29        41        22
        34        32        29        30        22        43        32        36
        28        28        21        36        35        32        29        39
        27        34        27        37        21        35        21        38
        28        33        20        25        28        19        32        34
        26        40        28        26        41        38        32        19
        27        18        32        35        30        24        39        26
        35        31        25        30        25        27        18        21
        27        25        35        22        32        26        18        34
        27        33        32        25        37        31        42        29
        35        29        48        40        31        26        51        44
        31        33        31        31        27        39        26        36
        22        27        23        29        30        18        27        25
        28        24        25        28        41        27        34        34
        39        32        41        27        33        34        30        34
        30        34        22        26        29        32        18        22
        30        25        18        35        23        19        22        33
        24        32        23        28        29        33        20        38
        19        27        32        32        19        27        30        25
        35        23        23        29        28        26        17        38
        28        18        20        14        20        27        23        23
        19        22        18        27        14        27        22        27
        28        23        19        27        27        28        25        18
         6        30        26        23        24        13        23        11
        26        22        23        23        25        23        18        16
        35        26        24        19        25        24        18        27
        23        18        13        26        26        17        21        20
        18        21        12        25        19        21        15        16
        23        30        28        25        26        21        22        27
        18        22        22        19        33        30        21        23
        23        38        22        22        30        34        34        50
        42        65        71       104       141       171       181       223
       295       304       337       377       366       481       436       412
       417       434       362       356       330       272       223       178
       170       135       102        70        67        51        38        40
        24        23        24        22        22        25        19        19
        23        18        21        17        18        21        19        15
        20        17        19        21        21        23        30        18
        14        27        23        15        17        27        13        15
        26        18        12        26        24        17        19        22
        29        27        20        15        16        17        15        16
        32        27        19        21        16        13        17        27
        16        16        25        21        20        13        22        18
        22        17        19        15        22        19        25        25
        26        17        22        20        18        25        18        23
        12        25        27        20        19        22        14        24
        22        17        18        26        22        16        18        17
        21        25        19        20        17        18        19        29
        32        17        28        23        24        16        11        23
        23        25        16        21        17        19        23        23
        19        22        21        13        21        19        26        21
        11        22        18        21        28        26        24        22
        24        21        19        29        29        25        38        51
        29        39        48        44        36        40        30        38
        28        28        37        35        30        22        30        27
        18        27        14        16        18        16        20        23
        16        14        13        15        15         9        13        14
        10        24        10        17        12        11        26        17
        16        16         5        18        12        13        17        17
        12        14        13        12        15        16        21        15
        19        16        17        13        10        10        16        18
        19        14        15        11        18        21        13        21
        19        10        10        18        15        24        13        20
        12        20         8        13        14        14        16        15
        16        12        14        14        12        19        17        14
        18        21         9        11        15        16        18        17
        16        10         9        10        19        23        17        14
        19        12        22         9        20        22        13        14
        22        13        10        20        10        16        13        14
        14        19         8        19        17        12        14        10
        16        11        17        13        16        16        13        11
        17        19        11        11        17        20        11        12
        14        18        18        14        11        17        11        14
        22        17        16        12        17        18        11        17
        21        29        19        19         8        23        22        17
        15        20        19         7        22        20        18        21
        16        13        26        12        24        16        14        17
        15        11        21        19        11        11        17        14
        14        18        12        16        13        17        10        12
        13        16        22        14        11        16        15        18
        12        18        19        13        12        15        12        16
        24        18        15        23        21        14        10        22
        18        13        11        20        14        14        12        16
        16        13        19        14        15        18        18        11
        16        15        13        16         8        14        18        16
        20        18        11        13        13        17        21        18
        22        14        16        17        14        21        20        17
         8        21        19        12        21        16        12        13
        16        22        12        20        12        14        14        18
        15        18        16        10        13        13        12        15
        16        21        18         9        16        14        12        22
        20        14        12        15        13        23        19        43
        42        47        70        88        82       113       124       147
       176       238       253       230       248       295       305       295
       308       250       253       240       236       199       184       171
       145       127        96        97        96        72        87        74
        52        48        61        48        43        57        45        30
        27        32        22        23        19        24        13        13
        10        16        23        18        25        13        19        14
        18        17        20        16        20        20        14        18
        18        17        14        17        18        12        17        11
        13        14        11        24        19        17        17        20
        19        20        13        18        17        12        14        11
        23        15        20        18        19        23        17        15
        20        32        21        31        21        17        21        38
        37        50        66        75        76        98       123       147
       220       206       277       313       332       350       395       367
       373       389       330       325       313       244       226       223
       162       123       111        77        61        61        46        40
        24        23        16        21        19        18        20        16
        17        14        25        22        17        12        15        12
        10        19        28        21        22        17        17        22
        22        23        20        19        16        26        16        22
        25        19        14        26        24        22        24        15
        18        13        19        21        17        14        20        24
        10        18        15        17         9        19        16        12
        15        11        17        19        23        24        16        15
        22        14        25        10        20        16        14        23
         6        14        22        22        19        14        21        13
        16        14        17         9        20         6        28        14
         8        23        11        13        18        14        16        16
        15        22        14        15        21        19        21        20
        20        11        27        13        17        22        25        15
        18        12        22        21        26         8        20        11
        19        21        15        15        15        20        17        18
        16        26        15        13        18        23        17        25
        17        23        19        19        25        17        21        28
        19        28        17        23        27        29        27        23
        22        15        16        19        14        22        15        17
        13        18        19        19        17        19        16        21
        21        26        11        26        14        19        19        24
        22        26        18        12        23        18        19        17
        25        16        18        17        18        19        16        22
        18        18        20         8        16        19        20        14
        21        18        17        21        24        22        22        21
        20        21        17        21        17        10        17        19
        11        22        18        19        15        26        15        16
        21        24        28        15        13        19        26        21
        27        11        15        17        20        19        20        22
        19        19        21        21        12        16        20        22
        15        13        15         9        25        11        19        22
        18        22        20        15        19        18        20        18
        16        17        20        14        16        21        17        21
        18        16        20        22        14        12        10        13
        21        13        17        12        17        19        18        19
        18        20        15        16        17        17        26        11
        17        14        16        17        12        12        21        13
        12        24        23        16        18        15        10        12
        13        15        16        12        15         6        17        13
        18        17        12        16        16        14        18        17
        14        12        13        11        13        12        10        17
        12        11        15         5         8        13        15        10
        11        11        13        12        10        17        13         7
        10        11        15        14        16         5        10        11
        15         9         7        14        11        16        12        12
        11        14        11        21        10        12        21        17
        25        19        23        20        22        30        31        33
        41        36        41        44        53        48        37        41
        48        28        39        35        19        16        26        25
        15        15         9        21         7        13        10        14
         8        11         9        10         9        15         6        18
         8        11        11         7        14        15        18         7
        16         9        11         5         9         7        12        11
        10         6        11         8        11         9        10        16
        13         8         8        10        12         6        13        10
         7        14         9         9        15         7        15        14
        11         9        11        10        10        13        11         9
        15        13        13        11         7        16        16         8
         4        11        16         8        10        13        12        11
        11        11         6         8        11         9        12         5
         7         6        16        13        15         5        13         8
         9         6         3        15         8         7         5         8
         7        14        11         9        11         7         9         5
         6        12         9        13        11         8        10        11
         8         7        12         8        10         6         8        15
        10         9        14        11        14        16        13        12
        11        19         9        13        17         6         8        13
         8        16        11        16         9         7        14         9
         5         8         6         9         3        10         4        14
         9         8         4        10         6         8         7         6
         7         9         5         8         9         7        15         8
         5        10        11        18         7        10        12         9
         8        12        10        10         4        11         9         6
         7         6        11         9         4         4         8         7
        10         6        10         6         3        10        10         4
         8         3         6         9         3         6         5         2
         7         5         7         7         9         6         5         5
        14         7         6        13         7         9         9        15
        10        18        14         7        11        12        11        12
        10         5         7         7         8        12        10         7
         9         8         3         3         7         5         5         7
         6         8         6         5        10         4        11         6
         4         2         3         9         6         1         8         7
         5         8         9         3         7         5         3         7
         6         3         5        11         7         2         4         5
         4         2         4         8         3         5         1         5
         5         4         5         6         7         6         9         6
        10         7        10         9         9         7         9         7
         6         7         4         5        17         9         4         4
        13        12        15        13        13        24        20        27
        38        42        41        41        44        55        35        40
        44        27        31        34        29        24        23        13
        16        12        11         6         7         5         1         2
         3         5         2         3         2         5         0         4
         7         5         2         3         3         4         4         4
         4         2         1         4         2         2         3         3
         5         1         4        10         2         2         1         3
         1         3         4         3         3         4         4         5
         2         2         3         3         4         5         4         1
         3         2         2         4         4         0         2         4
         2         4         2         0         5         1         2         6
         2         0         3         6         2         0         2         6
         0         1         5         7         4         3         2         5
         1         1         2         2         8         1         5         4
         2         4         2         3         2         5         2         5
         0         2         1         3         4         3         3         5
         4         2         2         2         1         1         1         2
         3         2         3         5         0         2         4         1
         0         0         6         1         2         1         2         5
         1         2         1         3         1         1         3         4
         2         4         0         1         5         2         2         5
         5         3         1         3         5         1         0         2
         1         2         3         3         3         4         2         3
         1         1         1         2         1         4         0         0
         3         1         4         4         2         0         1         3
         3         3         2         0         2         2         7         2
         1         1         2         1         1         2         3         3
         2         2         1         1         4         1         0         2
         0         0         3         1         4         2         0         0
         3         4         5         3         0         2         0         3
         6         2         3         2         1         2         4         5
         3         3         2         3         4         2         3         1
         0         1         3         7         2         0         4         3
         4         2         3         1         2         3         5         2
         1         1         1         0         2         1         1         0
         1         4         3         2         1         1         1         1
         1         3         1         6         2         0         1         1
         4         2         3         2         0         1         3         1
         4         1         3         1         5         3         0         2
         3         0         1         2         0         2         2         0
         2         0         4         1         3         0         2         3
         2         2         1         2         3         3         4         4
         1         1         4         3         1         0         1         3
         1         2         1         3         0         1         2         3
         3         0         2         2         2         1         2         1
         1         3         2         0         1         2         2         1
         2         1         3         1         1         1         2         3
         3         3         1         0         1         1         3         2
         3         4         4         1         1         3         0         2
         0         0         1         3         4         2         2         1
         2         1         2         1         1         2         3         1
         3         5         2         2         3         4         0         2
         5         3         5         3        12         9        17        27
        31        28        46        50        83       105       143       169
       201       243       299       342       368       371       440       399
       424       392       391       419       359       352       290       255
       203       198       166       104        96        53        35        34
        31        16         6         2         8         2         0         0
         2         0         1         0         1         2         0         1
         2         1         1         0         0         1         0         1
         1         0         0         1         1         3         0         2
         0         0         1         2         0         1         0         0
         0         1         1         0         0         0         1         0
         1         0         1         1         0         1         0         2
         1         0         1         0         1         0         2         3
         0         0         1         0         0         2         1         0
         0         0         1         0         1         1         1         1
         2         1         2         0         1         2         0         1
         0         1         1         2         2         1         3         2
         2         2         2         2         1         2         2         4
         1         0         0         1         0         1         0         0
         1         1         0         0         0         1         1         1
         0         2         3         3         1         1         0         3
         0         2         2         1         2         3         3         2
         4         3         2         6         5         6         7         5
        10         7         6         2         6         5         4         1
         2         2         2         1         0         4         2         1
         1         3         1         2         3         4         2         1
         2         3         3         9         6         9         5         1
         4        12         8        10         7         9        14         8
         8         9        14         9         8        15        13         7
        10        11        10        10         6        10         4         4
         3         3         5         2         4         3         3         1
         0         3         1         3         0         0         0         0
         1         1         0         0         0         1         0         1
         0         0         1         0         1         0         0         1
         1         0         0         0         1         0         2         0
         0         0         0         1         2         0         0         1
         1         2         0         0         0         2         1         1
         0         0         0         0         0         1         0         0
         0         0         1         0         1         0         2         0
         0         0         0         0         0         0         1         1
         0         0         0         0         0         1         0         0
         0         2         0         1         1         0         0         0
         0         1         1         0         1         1         2         0
         0         1         0         0         1         0         1         1
         1         0         0         0         0         0         1         1
         1         0         1         1         0         1         0         0
         2         2         2         2         0         1         0         0
         1         2         1         0         3         0         0         0
         0         0         1         1         0         3         0         1
         0         1         0         0         0         2         2         1
         0         0         3         0         0         1         1         0
         0         0         0         1         0         1         0         0
         0         1         0         2         0         0         1         0
         0         0         1         1         0         0         1         0
         0         0         1         1         0         1         1         0
         2         0         0         0         0         2         0         0
         0         0         0         1         0         0         1         0
         0         0         0         0         2         1         0         1
         1         0         3         0         0         0         0         0
         0         0         1         1         0         1         2         0
         1         0         0         0         0         0         0         1
         0         0         2         1         0         2         1         6
         3         3         5         7         9         6         9         3
         9        16         5         5         7         7        15        13
         6         3         4         2         3         3         6         2
         0         4         0         1         1         0         1         1
         0         1         0         0         0         0         0         2
         0         0         0         1         0         1         0         1
         1         0         1         0         2         0         0         1
         0         0         0         0         0         0         0         2
         0         0         1         0         1         2         0         1
         0         0         0         0         0         0         0         1
         1         0         1         0         0         2         0         0
         0         0         1         0         0         0         0         0
         0         0         0         2         0         0         1         0
         1         0         0         1         0         0         1         0
         0         1         0         0         0         0         0         0
         0         0         0         0         0         0         0         1
         0         0         0         0         0         0         0         0
         0         1         1         0         0         0         0         0
         0         0         1         0         1         0         0         0
         0         0         0         0         0         0         0         0
         0         0         0         0         0         0         0         0
         0         0         0         1         0         1         0         0
         0         1         0         1         0         0         1         0
         0         0         1         1         0         0         0         0
         0         0         0         1         1         1         0         0
         1         1         0         0         0         1         0         0
         0         0         1         0         1         0         0         0
         1         0         0         0         0         0         1         0
         0         0         0         0         0         0         0         2
         1         1         0         0         0         0         2         1
         0         0         0         0         0         0         0         0
         2         1         1         1         0         0         0         0
         0         0         2         0         1         2         2         0
         0         1         0         0         1         0         1         0
         1         0         0         0         1         0         0         2
         0         1         0         0         1         0         0         0
         0         0         0         0         0         0         0         0
         1         0         0         1         0         0         0         0
         0         0         0         0         1         0         0         0
         0         0         0         0         0         0         0         1
         0         1         0         1         0         1         0         1
         0         1         0         0         0         0         0         0
         0         1         0         1         0         1         0         0
         0         0         0         0         0         0         0         0
         0         0         0         0         1         0         1         0
         0         0         0         1         1         0         0         0
         0         0         0         1         0         1         0         0
         0         1         0         0         0         1         2         2
         0         0         0         0         1         0         0         0
         0         0         1         0         0         0         1         0
         1         1         0         0         1         0         1         0
         0         0         0         0         0         1         0         0
         0         0         1         0         0         2         0         0
         0         0         0         1         0         0         1         0
         0         0         0         0         0         0         0         0
         0         0         1         0         0         0         0         0
         1         0         0         0         0         0         0         0
         0         0         0         2         0         0         1         2
         0         1         0         0         3         4         0         0
         2         1         1         1         1         0         1         0
         1         1         0         0         0         1         0         0
         0         2         0         0         1         0         0         0
         3         0         0         0         0         0         1         1
         0         0         1         0         0         0         0         1
         0         0         0         0         0         0         0         0
         0         0         0         0         0         0         0         0
         0         0         0         0         0         0         2         0
         0         1         0         0         1         0         0         0
         0         0         0         0         1         1         1         0
         0         0         0         0         1         0         0         1
         0         0         0         0         1         0         0         0
         0         0         1         0         0         0         0         0
         1         0         0         1         0         0         0         1
         0         0         0         0         1         0         0         0
         0         0         0         0         0         0         0         0
         0         1         0         1         0         0         0         0
         1         0         0         0         0         0         0         0
         0         0         0         0         0         0         0         0
         0         1         0         1         1         0         0         0
         0         0         0         0         0         0         0         0
         0         1         1         0         1         0         0         0
         0         0         0         0         0         0         0         0
         0         1         0         0         1         0         0         0
         0         0         0         0         0         0         0         0
         0         0         0         0         0         0         1         0
         0         0         0         0         0         0         0         0
         0         0         0         0         2         0         1         0
         0         0         0         0         0         0         0         0
         0         0         0         0         1         1         0         0
         0         1         0         0         0         1         0         0
         0         0         1         0         0         0         0         0
         0         1         1         0         0         0         0         0
         0         0         0         0         0         0         0         0
         0         0         0         0         0         0         1         1
         0         0         0         0         0         0         0         0
         1         0         1         0         0         0         0         0
         0         0         0         0         0         0         0         0
         0         0         0         0         0         1         0         0
         1         1         0         1         0         0         1         0
         0         0         0         1         0         0         0         0
         0         0         0         0         1         1         0         0
         0         2         0         0         0         2         1         0
         0         0         0         0         0         2         0         0
         0         0         0         0         0         0         0         1
         0         0         0         0         0         0         1         0
         0         0         0         0         0         0         0         0
         0         0         0         0         0         1         0         0
         0         1         1         0         0         1         0         0
         1         0         1         0         0         0         0         0
         0         0         0         0         0         0         0         0
         0         0         0         1         0         0         0         0
         1         0         0         0         0         0         0         0
         0         1         0         0         1         0         0         1
         0         1         0         0         0         0         0         0
         0         1         0         0         0         0         0         0
         0         0         0         0         0         0         0         0
         0         0         0         0         0         0         0         0
         0         0         2         0         0         0         0         1
         0         0         0         0         0         0         0         0
         1         0         1         1         0         1         0         0
         2         0         3         1         6         2         1         1
         1         2         1         1         3         3         1         2
         1         1         1         2         1         0         0         0
         0         1         0         0         1         2         1         0
         0         1         1         0         0         0         0         0
         0         0         0         0         0         0         0         0
         0         0         1         0         0         0         0         0
         0         0         0         0         0         0         0         0
         0         0         0         0         0         0         0         0
         0         0         0         1         0         0         0         1
         0         0         0         0         0         0         0         1
         0         0         0         0         0         0         0         0
         0         0         0         0         0         0         0         0
         0         0         0         0         0         0         0         0
         0         0         0         1         0         0         0         0
         0         0         0         1         0         0         0         0
         0         0         0         0         0         0         0         0
         0         0         0         0         0         0         0         0
         0         0         0         0         0         0         0         1
         0         0         0         0         0         0         1         0
         1         0         0         0         0         0         0         2
         0         1         0         0         0         0         1         0
         0         0         0         0         0         2         0         0
         0         0         0         0         0         1         1         0
         0         1         0         0         0         0         1         0
         0         0         0         0         0         0         0         0
         0         0         0         0         0         0         0         1
         0         0         0         0         0         0         1         0
         1         0         0         0         0         0         0         0
         0         0         0         2         0         0         0         0
         0         0         0         0         0         0         0         1
         0         0         0         0         0         0         1         0
         0         0         0         0         0         1         0         0
         1         0         0         0         0         0         0         0
         0         0         0         1         1         0         0         0
         0         0         0         0         1         0         0         0
         0         1         0         0         0         1         0         0
         0         0         0         0         0         0         0         0
         0         1         0         1         0         0         0         0
         0         1         1         0         0         0         1         0
         0         0         1         0         0         0         0         0
         0         0         0         1         0         0         0         0
         0         1         0         0         0         0         0         0
         0         0         1         0         1         0         0         0
         0         0         0         2         0         0         0         1
         0         0         0         0         0         0         1         0
         0         0         0         0         0         0         0         0
         0         0         0         0         0         1         0         0
         0         0         0         0         1         0         1         0
         1         0         0         0         0         0         1         1
         0         0         0         0         0         0         0         0
         0         0         0         1         0         0         0         1
         0         1         0         0         0         0         0         0
         1         0         1         0         0         0         0         0
         0         0         1         0         0         0         0         0
         0         0         0         0         0         0         1         0
         1         0         0         0         0         0         1         0
         1         0         0         0         0         0         0         0
         0         0         0         0         0         0         0         0
         0         0         0         0         0         0         0         0
         0         0         0         0         0         0         0         1
         0         1         0         0         0         0         0         0
         0         0         0         0         0         1         0         1
         0         0         0         0         0         0         0         0
         0         0         0         0         0         0         0         1
         1         1         0         0         0         0         1         0
         0         0         0         0         0         0         0         0
         0         0         0         0         0         1         0         0
         0         0         0         0         0         0         0         2
         0         0         0         0         0         0         0         1
         0         1         0         0         1         0         0         0
         0         0         0         1         0         0         0         0
         0         0         0         1         0         0         0         0
         0         0         0         0         0         2         1         0
         1         0         0         0         0         0         1         0
         0         0         0         0         0         0         0         2
         0         0         0         0         0         0         0         0
         1         0         0         0         0         0         0         0
         0         0         0         0         0         0         0         1
         0         0         0         0         1         0         0         0
         0         0         0         0         0         0         1         0
         0         0         0         0         0         0         0         0
         0         0         0         0         0         0         0         0
         0         1         0         0         0         1         0         0
         0         0         0         0         0         0         0         0
         0         0         0         0         0         0         0         0
         0         0         0         0         0         0         0         0
         0         0         0         0         0         0         1         1
         0         0         1         1         0         0         0         0
         0         1         0         0         0         2         0         0
         0         0         0         0         0         0         0         0
         0         1         0         0         1         0         0         0
         0         0         1         0         1         0         0         1
         0         0         0         0         0         0         1         0
         0         1         1         0         0         0         0         0
         1         0         0         0         0         0         0         1
         0         0         0         0         0         1         0         0
         0         0         0         0         0         1         0         0
         0         0         0         0         0         0         0         0
         0         0         0         0         1         0         1         0
         0         1         0         0         0         0         0         0
         0         0         0         0         0         0         0         0
         0         0         0         0         0         0         0         0
         0         0         0         0         0         0         0         0
         1         0         0         0         0         0         0         0
         0         0         0         0         0         0         0         0
         0         0         0         0         0         0         0         0
         0         1         0         0         0         0         0         0
         0         0         0         0         0         0         0         0
         0         0         0         0         2         0         0         0
         0         1         0         0         0         0         0         0
         0         2         0         0         1         1         1         0
         0         0         0         0         0         1         0         0
         0         0         0         0         1         0         0         0
         0         0         0         0         0         0         1         0
         0         0         2         1         0         0         0         0
         0         0         0         0         0         0         0         0

