h5	8000	1	1	1
         0         0         0         0         0         0         0         0
         0         0         0         0         0         0         0         0
         0         0         0         0         0         0         0         0
         0         0         0         0         0         0         0         0
         0         0         0         0         0         0         0         0
         0         0         0         0         0         0         0         0
         0         0         0         0         0         0         0         0
         0         0         0         0        95        83        93        86
       104       109       118       124       136       146       154       148
       143       133       157       161       161       152       151       170
       147       161       162       191       150       147       179       183
       196       192       193       231       219       206       273       235
       245       215       207       193       203       206       194       184
       209       222       226       244       274       235       252       278
       339       351       356       395       391       402       403       373
       369       395       342       299       322       353       345       370
       358       465       443       513       555       632       765       840
       916       926       934       990      1049       955       997      1074
      1034      1123      1244      1532      1994      2629      3469      4443
      5674      6652      7604      8104      7850      7227      6294      5080
      3782      2776      1955      1327       938       727       599       535
       553       589       641       762       975      1256      1517      1795
      2052      2169      2100      1990      1747      1561      1305      1036
       762       579       479       378       296       266       220       204
       187       174       151       155       149       164       152       163
       144       161       157       148       177       140       161       160
       159       175       152       177       167       181       168       161
       150       181       167       177       171       169       145       180
       185       175       196       168       192       184       189       176
       193       159       199       206       160       190       172       211
       185       196       191       208       176       186       171       207
       195       213       217       195       198       211       221       220
       211       241       225       233       245       242       257       234
       239       258       278       261       261       264       292       263
       289       251       259       275       211       242       230       217
       243       209       238       237       222       227       260       280
       214       241       259       273       234       265       267       250
       286       261       276       297       284       255       285       255
       273       240       294       305       325       296       295       277
       305       300       293       301       286       301       339       319
       333       327       322       348       333       388       358       381
       386       406       395       405       373       400       410       393
       436       445       368       412       370       404       378       381
       381       359       401       360       377       369       386       348
       385       353       343       369       353       355       362       345
       342       321       357       335       340       337       311       331
       359       337       322       339       347       354       322       374
       346       316       306       345       318       306       312       305
       326       267       296       282       334       325       346       324
       293       318       297       273       289       299       325       272
       316       315       308       267       306       286       339       304
       307       312       325       314       333       306       295       286
       295       269       286       291       299       282       306       338
       296       321       294       300       295       324       338       301
       299       307       300       280       318       333       318       314
       317       305       337       312       319       293       312       311
       308       304       309       279       287       319       296       288
       323       300       290       287       308       315       286       307
       288       302       313       287       292       324       313       377
       517       651       920      1414      2103      2894      3685      4428
      5024      5307      5313      4673      3978      3109      2281      1570
      1040       687       535       386       291       254       277       242
       223       241       270       257       260       252       249       242
       236       234       227       227       259       242       232       241
       262       234       222       234       236       215       249       253
       269       286       252       229       229       239       232       239
       212       262       240       201       249       239       243       246
       245       228       243       252       237       240       246       240
       269       241       245       239       233       220       229       230
       234       227       232       241       268       226       252       204
       252       239       232       233       244       235       218       215
       260       254       245       262       258       247       239       292
       257       272       242       256       263       244       252       258
       284       255       278       265       259       275       245       252
       264       259       247       276       292       249       277       264
       226       271       258       267       266       286       279       274
       250       232       274       270       230       229       270       274
       259       252       246       254       238       240       247       245
       225       240       235       262       254       253       257       261
       252       281       277       243       275       246       291       262
       258       259       253       236       258       235       219       239
       214       225       238       242       250       206       213       248
       239       253       221       232       231       226       222       223
       223       242       227       228       239       231       199       205
       237       212       248       210       210       176       225       218
       227       219       217       219       220       213       218       220
       220       201       211       210       228       198       207       217
       247       181       203       206       204       226       237       194
       228       214       210       224       191       181       231       202
       196       225       211       199       222       220       197       191
       210       210       194       213       200       215       207       223
       205       213       207       188       210       198       218       217
       193       210       208       229       216       213       204       198
       204       226       218       204       200       212       210       212
       199       217       179       212       207       207       208       211
       201       216       214       213       189       186       191       170
       196       210       201       201       209       229       178       186
       196       197       201       199       172       178       177       196
       192       181       178       200       184       174       167       181
       149       180       201       189       157       205       174       190
       176       180       195       161       188       193       178       198
       161       162       176       186       175       150       179       174
       204       178       189       165       176       179       201       184
       192       175       172       177       177       198       153       161
       169       153       192       191       179       177       176       185
       180       183       163       179       157       141       157       175
       184       169       154       162       176       161       174       189
       196       177       211       169       170       177       164       169
       170       143       162       159       164       169       177       172
       168       164       183       151       172       148       149       152
       142       171       136       189       155       167       161       166
       147       145       155       159       152       133       163       160
       131       162       147       131       147       160       137       136
       155       143       141       147       165       139       116       140
       124       157       152       143       129       157       134       125
       146       129       160       145       146       124       123       143
       139       153       147       130       139       118       124       140
       129       146       142       123       121       123       144       137
       142       144       132       112       152       128       124       137
       151       120       133       134       140       126       148       185
       238       262       356       462       584       773       863       937
       968       957       824       679       533       448       343       243
       203       171       124       148       107       119       101       125
       127        99       117       109       117       121       122       133
       120       106       112       134       135       115       118       115
       110       127       112       116        87       131       137       120
       111       100       133       109       114        99        98        85
       110       121       116       107        89       116       102       102
       124        92       111        86       103       103       115       110
        91       102       107        82       106       110       112       113
        98        98       107        92        92        86       103        86
        96        93        97        86        87        99        88        98
        87        96        83        94        99        75        98        98
       102       104       116       104        83        96        80        86
        94       105       100       101        96        82       105        95
       112        96        94        88       119        79       111       100
       102       105        92        99        79       103        87        92
        82        81        86        84        91        78        77        95
        85        87        88        88       100        91        88        88
        80        94        81        91        79        81        82        84
        86        82        92       102        91       102       102        93
        88       101        95        86        68        85        97        78
        93        74        72        91        90        79        78        70
        87        79        85        82        78        73        91        93
        83        84        95        65        84        76        62        91
        58        70        69        82       102        90        99       102
        96       127       105       115       114       109       102       105
       104        93        94        69        84        71        67        90
        71        87        79        59        60        63        79        70
        79        71        74        71        76        62        74        76
        67        68        69        81        83        85        81        91
        66        68        65        85        85        72        81        74
        74        70        66        78        77        69        69        88
        91        77        86        57        82        70        73        62
        66        59        70        62        73        66        76        70
        63        70        76        63        67        82        52        68
        52        76        65        80        69        70        76        72
        69        76        85        78        60        61        59        69
        65        65        51        73        79        67        51        80
        59        69        62        52        76        52        70        64
        75        76        71        62        78        65        59        65
        76        64        70        82        73        70        69        59
        70        74        68        52        44        56        71        58
        94        71        69        79        82        67        68        69
        68        50        64        62        61        58        67        57
        68        69        72        66        59        61        60        60
        71        63        57        54        66        59        66        47
        75        55        58        55        78        59        65        64
        54        65        70        63        58        62        75        69
        75        95       124       165       277       372       559       877
      1204      1577      1873      2064      2222      2199      2044      1604
      1369      1006       655       519       282       180       122       122
        66        59        54        53        42        46        48        56
        46        49        64        59        39        61        67        60
        61        60        49        56        51        65        41        48
        54        47        64        67        57        48        42        52
        45        54        44        58        55        58        52        49
        52        47        56        51        51        53        38        48
        59        58        51        52        44        56        53        40
        51        60        50        42        49        43        50        66
        47        56        47        58        57        55        50        54
        69        66        72        70        70        87       100        95
       111       112       114        97       102       106        85        55
        70        56        56        55        71        47        50        47
        52        45        48        51        49        40        57        45
        43        45        45        41        39        55        55        51
        43        36        56        44        40        38        35        40
        52        47        52        63        49        39        43        36
        43        53        39        40        53        53        49        45
        43        54        44        50        53        56        39        62
        54        46        47        48        54        57        41        55
        47        36        58        61        42        56        58        54
        46        54        50        43        46        53        44        41
        48        40        41        37        50        47        48        46
        42        45        35        40        35        63        53        35
        41        43        45        47        45        44        47        42
        45        47        43        51        49        45        47        45
        48        51        37        44        46        51        39        39
        34        34        43        51        48        43        37        45
        35        42        43        54        51        62        40        42
        42        41        41        46        49        39        37        49
        66        42        40        36        44        57        36        37
        51        38        43        37        44        56        63        79
        95       112       137       163       190       156       177       193
       185       121       109        99        71        65        60        41
        51        40        54        45        46        40        41        41
        55        45        38        42        51        46        37        46
        43        48        40        46        41        38        57        46
        35        45        43        47        52        42        47        40
        40        37        39        50        53        52        37        52
        43        42        41        24        31        43        37        50
        37        41        52        35        46        40        44        43
        31        34        52        49        46        51        48        38
        41        38        43        33        34        39        39        44
        46        39        44        61        43        52        43        33
        45        45        47        37        46        45        41        39
        44        44        46        39        35        29        47        56
        33        43        48        33        41        41        40        48
        43        46        37        55        39        49        50        49
        58        74        85       114       156       186       193       210
       229       228       222       163       140       122       111        84
        58        50        29        35        45        38        48        46
        36        41        39        40        40        38        37        37
        46        43        46        48        34        30        44        45
        27        35        52        30        41        41        38        41
        42        46        36        39        35        42        35        43
        43        41        37        44        48        42        38        31
        44        30        50        25        43        25        37        36
        29        34        44        43        41        27        50        41
        39        38        40        41        42        32        51        34
        49        38        47        37        35        47        50        33
        35        39        31        32        21        32        29        42
        32        46        39        37        39        52        30        35
        41        47        38        47        32        31        42        41
        24        23        46        39        39        29        35        43
        37        36        28        33        36        36        35        34
        29        50        37        39        31        46        44        38
        39        39        38        37        44        38        45        39
        42        42        40        35        46        48        27        36
        33        36        39        48        35        30        40        45
        35        37        47        46        48        36        42        34
        33        39        41        44        34        43        54        49
        44        55        52        70        60        54        71        57
        58        56        44        44        40        45        39        44
        40        41        48        36        35        35        49        39
        42        41        44        33        37        44        47        39
        38        34        38        39        36        40        42        35
        46        40        39        38        26        49        28        36
        35        40        37        38        47        38        51        45
        39        41        34        40        41        48        39        45
        54        51        39        53        39        43        40        34
        34        47        39        30        33        44        39        48
        43        40        46        34        33        45        36        35
        38        31        37        44        49        39        45        31
        44        41        34        28        34        44        48        33
        46        47        37        26        43        31        32        45
        42        38        35        47        41        33        34        35
        42        40        34        39        43        37        24        38
        42        31        48        41        49        47        41        37
        39        32        40        35        37        38        28        51
        39        62        41        36        47        41        33        37
        45        37        36        37        48        43        46        44
        34        34        42        42        37        45        37        28
        48        28        40        39        38        35        42        34
        43        44        49        36        40        36        39        23
        30        38        40        41        40        36        43        53
        40        32        47        40        39        47        46        48
        26        48        42        34        44        42        48        46
        36        36        47        42        47        34        36        40
        43        40        41        37        39        41        29        32
        43        39        37        40        48        32        42        31
        36        31        47        30        35        45        42        51
        46        37        41        42        29        32        37        35
        40        42        39        37        40        36        40        38
        40        45        33        44        46        33        42        40
        40        39        53        44        50        37        42        45
        43        41        35        42        37        39        43        42
        47        43        38        37        40        35        39        46
        40        37        27        33        43        39        36        46
        39        42        38        42        38        51        44        46
        50        69        81        71        50        54        58        51
        56        58        43        40        39        45        44        48
        53        49        42        48        45        43        34        34
        51        50        35        49        41        55        52        37
        43        33        36        42        50        38        46        42
        48        50        40        48        41        36        40        40
        34        48        41        28        33        45        48        34
        48        42        29        28        31        38        43        42
        48        32        41        40        32        46        42        32
        55        43        42        48        38        45        41        42
        34        46        35        36        36        36        41        60
        48        64        44        55        62        60        67        43
        46        42        45        32        40        35        28        49
        42        33        33        31        42        36        39        46
        34        42        42        56        49        37        36        32
        39        38        40        35        31        36        29        36
        28        27        32        39        29        40        38        30
        37        29        38        32        29        39        33        37
        24        23        38        39        37        33        35        30
        39        40        28        31        33        38        32        26
        22        42        32        41        37        32        45        52
        39        28        40        34        39        30        30        33
        42        32        33        25        29        38        34        44
        40        35        36        34        30        37        37        34
        42        40        23        33        34        31        29        44
        30        44        36        37        34        31        38        24
        32        41        31        38        34        38        33        35
        33        39        43        25        40        28        32        27
        39        27        37        36        34        40        48        36
        35        36        44        42        37        40        30        33
        40        41        35        38        44        37        39        34
        36        28        37        32        30        34        34        39
        41        34        32        30        20        42        31        42
        23        34        40        19        36        41        36        36
        41        33        43        31        34        31        42        46
        33        33        42        30        31        29        37        34
        42        39        27        23        31        33        42        23
        36        39        29        37        29        32        38        39
        35        41        28        42        25        33        36        30
        32        31        36        29        38        32        36        33
        41        25        37        28        30        36        32        40
        38        41        37        36        38        35        48        36
        41        28        34        33        30        29        25        30
        34        40        42        44        28        27        30        27
        24        30        25        39        38        30        38        33
        39        32        47        29        24        38        41        40
        41        36        43        39        42        43        34        34
        24        43        40        41        29        20        32        31
        47        31        34        32        26        29        30        32
        23        38        38        30        36        27        31        24
        40        28        32        34        25        37        31        35
        29        27        41        27        19        32        29        26
        38        27        27        30        25        35        33        30
        29        30        31        32        27        33        25        24
        33        32        35        41        38        36        26        36
        45        42        30        42        37        36        42        36
        32        33        31        34        32        36        40        50
        53        49        55        60        46        48        39        37
        46        39        35        25        28        39        30        30
        26        29        34        29        35        39        25        23
        38        33        38        29        34        34        31        38
        34        35        32        44        49        44        47        58
        62        74        79        65        64        57        57        47
        42        41        32        36        22        30        24        33
        24        25        26        35        24        24        35        37
        28        28        40        34        28        32        37        36
        31        41        31        35        35        24        34        33
        27        27        34        28        31        26        29        25
        31        27        28        34        36        26        34        29
        30        32        31        38        30        32        25        36
        30        38        39        27        28        25        29        24
        31        32        27        40        30        32        21        32
        29        29        36        24        32        26        35        32
        28        38        47        44        29        32        29        41
        28        35        40        34        47        31        35        28
        42        39        38        42        28        27        26        33
        42        32        19        33        26        47        34        46
        49        40        30        36        35        48        41        40
        40        36        35        32        37        31        42        29
        25        30        38        30        34        31        40        32
        35        37        35        24        36        35        18        37
        29        24        21        38        30        36        42        29
        41        27        27        34        28        37        31        28
        29        19        32        25        35        28        29        28
        27        30        34        37        48        37        29        24
        26        40        35        29        42        36        41        36
        35        32        33        37        38        38        40        38
        29        24        32        19        34        37        36        31
        34        45        32        39        30        35        32        35
        31        41        32        37        44        34        37        37
        37        23        32        36        27        24        30        22
        29        30        32        26        43        27        30        46
        25        40        30        36        34        31        30        31
        25        18        31        39        34        41        43        29
        32        31        33        46        30        39        39        37
        40        41        30        36        41        35        28        37
        32        37        34        28        31        33        23        34
        32        30        40        36        23        31        31        24
        26        28        39        31        37        27        33        24
        38        37        31        39        37        35        38        40
        32        34        45        32        30        30        32        30
        28        27        36        30        42        28        29        19
        34        44        35        33        29        37        29        41
        28        25        28        39        32        31        23        34
        22        28        34        32        40        36        34        33
        35        45        37        36        41        44        57        77
       110       148       207       237       357       358       442       493
       528       473       446       357       282       224       163       123
        82        68        44        33        47        44        27        27
        35        19        23        17        35        21        28        20
        25        26        28        21        26        31        24        20
        28        29        26        35        25        26        25        22
        33        32        28        29        26        33        26        20
        31        28        24        30        31        17        29        26
        20        35        41        25        23        33        32        32
        32        27        27        25        19        23        25        29
        24        24        38        33        23        33        19        34
        17        21        25        34        27        26        27        21
        29        26        36        27        33        23        23        32
        27        32        28        29        22        30        16        29
        38        37        27        31        27        16        39        42
        23        37        26        26        18        36        28        35
        31        34        33        55        39        38        42        48
        29        30        33        34        35        32        39        32
        17        23        30        28        30        22        25        34
        18        36        32        30        26        28        24        37
        25        15        28        23        18        26        33        22
        20        31        31        24        25        27        19        27
        30        20        29        29        28        23        28        23
        31        22        29        27        30        29        21        29
        26        30        31        22        33        33        20        20
        26        25        26        22        27        29        31        33
        35        22        21        23        28        21        27        32
        25        24        25        23        34        28        20        27
        29        26        23        31        22        27        23        17
        18        33        20        26        26        31        28        38
        35        18        29        35        34        23        37        25
        23        24        30        33        25        29        24        32
        25        28        26        34        30        28        22        34
        38        29        26        19        32        22        28        27
        26        23        31        40        28        18        17        21
        37        21        31        23        27        25        25        27
        32        25        27        27        33        36        33        29
        28        24        22        33        32        36        38        17
        25        27        27        22        35        28        37        33
        29        35        20        24        33        29        23        33
        24        32        26        20        34        23        27        24
        29        25        24        27        25        20        30        33
        26        35        29        29        37        22        32        22
        19        31        19        26        22        34        54        40
        65        77        92        96       129       140       197       160
       156       160       125       110       103        75        58        47
        52        35        31        23        34        21        26        27
        21        26        22        22        30        25        30        28
        28        30        23        30        19        32        25        19
        25        28        32        23        20        29        12        25
        28        26        25        22        22        20        29        34
        34        16        18        21        25        23        19        25
        25        26        21        28        20        26        21        25
        24        30        23        16        24        28        28        25
        36        28        27        29        23        15        17        18
        28        24        35        23        25        14        35        17
        13        33        26        31        23        18        36        21
        32        28        21        25        21        18        27        22
        29        28        29        23        35        22        34        21
        13        23        26        25        29        16        28        31
        18        37        19        32        23        31        23        27
        17        30        20        33        26        25        28        27
        30        26        30        26        26        23        22        20
        24        18        15        23        21        20        21        19
        17        16        21        13        27        23        21        22
        20        16        21        17        27        21        27        16
        22        28        14        26        19        18        17        16
        19        17        25        14        21        24        22        23
        18        28        25        21        11        18        16        16
        26        16        15        20        24        18        17        14
        22        32        27        32        23        33        37        29
        39        21        23        20        22        20        24        26
        20        24        18        20        18        13        17        14
        20        15        19        18        19        16        25        27
        23        22        16        23        25        33        27        27
        14        15        20        17        16        20        22        14
        22        16        27        16        21        20        16        14
        12        14        13        15        12        20         8        30
        14        19        19        21        28        18        19        21
        14        24        20        14        28        11        17        23
        21        14        16        23        16        16        11        15
        21        17        27        18        16        25        10        13
        19        13        13        21        13        12        15        18
        20        17        18        17        13        14        27        21
        11        16        23        11        18        13        11        24
        16        12        14        22        14        14        20        17
        29        18        18        18        24        19        19        16
        14        14        21        16        16        19        13        10
        16        16        12        11        17        13        18        15
        17        17        16        19        15        17        18        17
        18        20        21        28        29        18        21        20
        18        14        19        33        51        45        73       102
       148       148       252       292       322       407       405       435
       387       424       371       266       214       144       115        78
        58        38        36        24        17        22        11        18
        19        14        16        12        15        22        13        18
        12        15        17        13        15        11        17        14
        16        12        14        15        17        10         9         8
        23        14        14         8        16        11        12         7
        11        20        10        16        17         8         7        13
        15        11        10        12         9         9        17         9
        11        14        15        10        16         7        16        11
        16        12        11        21        11        13        15        10
        12        12        21        10         6         7        15        15
        14        10        22        11        20        13         7        13
         5         8        11         9        10        15        18        11
        14        11        17        11        15        14        14        15
        21        18        19        13         6        17         9        14
        13        13        16        12        12        17        18        12
        17        19        12        14        12        19        14        11
        12         9        10        14        22        15        16        12
        12        11        22         5        16        15        14         9
        14        12        27        14        27        28        27        44
        33        33        30        28        42        30        26        20
        28        18        21        19        12        11        11        11
        16        17        13        12        15         9        15        14
        10        20        11        10        12        11         8        15
        10        10        14        11        11        12        12        13
        11        11         9         7        13        13        13        11
         7        15        14        11         9        12        12        12
        20         8        11        10        16        11        11        14
        10         8        15        11        10         9        16        12
        12        12         9        17        10        10        16        10
        12        12        11        13        12         8        10        20
         8        14         8        16        13        13         9        22
         9         8        14         8        11        10         9        13
        11         8        11        11        13        12        12        17
        17        11        15        10        12        12        12        14
         5         9        10        10        16        13        15        11
        16        11        14        13        17        12        13        10
        12        10        19         9         7        17         9         7
         7        13        14         9        11        16         7         9
         6        16         4        11        10         6        19        10
         4         8        14        10        11        13        10        10
        15        13        10        11        14        13        10         8
        12        14        11        11        11        13        13        10
        15        12        10        14        13        14        15         9
         8        11         9        11        11        12        13        13
        10        12        14         8         7        13        12        15
         8        13        11        15        17         8         7        15
        10        14        11        10        13        10         7        12
        11        16         8        10        12        17        14         8
        13        12        14        21        23        17        15        11
        13        11         9        16         7        15        12        12
        20        17        11        11         9        13        14        16
        16        13        10        20        13        11         9         9
         6         8        13        13        17        12        13        11
        21        11        13        11        13        11        12        11
        16        12        14         9         6        11        11        15
        16        13        18        11         7         9        17        12
        13        11        20        12        11        17        14         9
        16         9        18        15        18        23        17        24
        35        42        62        65        83       149       210       215
       270       284       309       267       249       219       215       151
       127        83        65        59        40        39        55        64
        57        44        62        49        38        45        33        31
        24        27        18        17        25         9        11        13
        12        11         8        12        13        15        10        12
        10         7        18        13        14        11        12        15
        10        10        12        14         9        13         6        16
        16        12        10        12        11        15        12        16
         4        10        15        11        13         5         9        10
        19        12        15        10        11        10        17        15
        15        12        15         8        23        11        10        14
        14        20        15        14        27        23        22        33
        38        34        64        91       139       159       247       284
       296       332       313       338       324       301       246       227
       168       109        80        66        34        36        22        16
        11        12        14        13         8        12        13         7
         9        10        18         8        16        10         9        14
        14        10        11        15         7         9        13        12
        15        15         9        13        13        12        14        14
        21        11        10        10        16        10        20        16
        12        15        12         8        11         8        10         8
        12         8        19         8         8        14         8        12
         8         8         5         9        14        16         9        18
        15        11        14         9        13        15         7        14
        13        15        14         8        14         9        17        12
        11        12        11         9         8         8        12         8
        13         7        16        19         8         8        13        14
         8        23        14         9         8         5         5        14
         8        18        17        11        10         8        20        15
         8        14         8         9         7        13        18        16
        10        12        17        16        15        11        12        15
        17         7        13        13        10         8        10         9
        13        13        19        17         8        15         9        10
        16        13        20        15        11        13        11        10
        10        18         8        14        11        14        12         8
        13        21         5        16        16         7        11        19
         6        24        14        11        13        15        15        14
        10        18         8        19        12        18        14        23
        12        15        15        14        19        10         9        15
        16        12        16        12        12        14        12         6
        15         7        18        13        14        11        13        11
        17         8        13        12        14         9         8        11
        14        17        18        21        19        12        13        18
        12        12        11        17        17        16        16        10
        13        17        12        17        10        14        17        21
        19        11        20        10        15        10        17        14
        11        21        15        10        17        16        12        14
        13         8        11        21        17        18        16        14
        13        19        14        13        12        10        19        13
        12        11        12         8         9        15        12        10
         7        15        15        12        14         7        15        13
         6        14        15        11         8        10        21         9
        11         7        11        13         8        15        11        18
        15         7        11        10        14        13        13         9
         8         6        14         8         6         9         8         9
         8         9         7        13         6        11         8        14
         8        12        10        10        15         3         7        11
         9        18        10         5        11         5         6        12
        11         9        10         6         3         5        11        10
         6        10        10        11         7         4         9        10
        13         5        10         9        11        10         9         7
        11        11         6         8        12        14        10         9
        11        12        12        13        16        25        18        29
        37        28        39        49        40        42        39        38
        27        22        17        20        10         4         9        12
         7         9         4         2         5         6         3         5
         1        11         6        11         8         5        10         9
         5         5         6         0         5         4         6         8
         5        10         8         6         9         6        11         5
         5         5         7         6         5         8         8         9
         4        10         7        11         8         2        10         6
         9        10         3        16         3         9        10        11
         6         4         5         6        13        10         3         9
         6         5        10        10         8         6         8         5
         6         7         7        11         3         4         9         7
         7         8         5         4        10        10         7         6
         5         9         7        10         7         6         6         5
         5         6        10         7         6         4         6         8
         6         5         5         8        10         6         8         6
         4         7        11         4         8         8         4         8
        11         7         7         7         6         7        13         9
        10         6        10        12        11        12        10         7
        10        11         7        13         5         4         3        12
         3         6         3         3         2         8         5         5
         6         6         6         4         6         5         6         2
         2         6         3         7         5         5         9         6
         8         8         1         2         8         7         4         1
         9         6         6         6         5         1         9         3
         0         4         2         2         3         6         6        11
         5         5         4         3         6         6         1         7
         6         5         3         9         6         4         3         3
         9         7         8         3         5         5         5         3
         6         6         9         2         5         5         3         8
         6         9         4        12        10        10         9         9
        11         9        11         2         8        10         3         3
         6         3         5         4         3         5         5         5
         2         3         1         6         4         3         2         8
         2         8         5         7         4         3         3         6
         4         3         2         4         4         3         4         3
         4         1         3         4         5         1         5         3
         2         4         3         3         6         3         3         4
         3         6         3        10         3         7         1         1
         4         2         8         6         7         4         8         8
        13         6         8         8         5         8         8         8
         7         7         5         6         3         3         7         5
         8         7        14        16        21        32        29        45
        32        41        36        42        37        18        27        11
        10         6         7         5         6         4         3         1
         4         2         0         2         4         4         3         3
         1         6         3         2         2         4         4         3
         2         3         0         3         4         2         0         2
         5         2         1         2         2         5         2         2
         4         1         1         4         2         3         2         3
         0         0         3         3         0         1         4         2
         1         4         1         1         1         2         3         1
         3         2         1         1         1         7         2         1
         0         1         2         3         4         2         3         1
         3         2         1         4         0         4         1         2
         3         0         3         2         0         1         1         0
         0         1         0         5         1         2         2         2
         2         3         1         2         2         3         1         1
         1         3         2         3         1         2         1         1
         3         1         0         2         3         1         4         0
         0         3         3         3         0         1         4         4
         1         2         1         3         0         2         4         3
         0         2         1         1         0         2         1         3
         0         1         2         1         1         1         3         3
         1         2         3         1         0         1         0         1
         3         2         4         1         1         1         0         1
         1         1         2         0         1         1         1         1
         6         1         2         3         0         1         1         3
         0         0         0         1         2         1         0         1
         0         2         2         1         1         1         1         0
         2         3         1         1         4         1         1         5
         3         2         1         0         0         3         4         2
         0         2         0         0         1         2         1         1
         3         6         1         4         2         1         1         0
         0         2         0         1         0         3         5         1
         3         1         3         1         3         2         1         0
         1         2         1         2         2         0         2         1
         2         1         0         2         0         3         1         0
         3         0         3         0         3         3         1         4
         1         2         2         1         3         1         0         2
         2         2         1         1         2         0         2         1
         1         0         2         0         0         2         3         2
         2         0         1         0         3         1         4         1
         1         4         1         2         0         1         2         1
         1         2         1         1         3         2         2         1
         1         2         0         0         2         4         3         3
         1         1         3         3         2         1         0         4
         2         2         2         3         3         4         0         5
         0         2         3         4         1         0         1         1
         1         1         3         1         1         1         3         3
         1         3         2         0         5         2         3         1
         4         1         3         2         0         1         1         3
         1         3         2         1         0         0         3         1
         2         0         3         0         2         2         2         4
         5         3         1         5         4         5         4         7
        10         8         8        15        21        18        23        49
        56        97       134       184       209       266       293       395
       406       439       378       360       361       268       211       172
       121        75        62        37        20         7         4         0
         1         3         0         0         1         0         0         0
         1         0         0         0         2         0         0         0
         0         0         0         0         2         0         0         1
         0         0         0         0         0         0         2         0
         0         0         0         1         0         2         0         1
         1         3         0         0         2         0         0         0
         0         1         0         2         1         0         0         1
         2         2         0         1         0         1         0         1
         0         1         0         0         0         0         2         0
         0         1         0         0         0         1         0         2
         1         1         0         0         1         0         0         0
         0         0         0         1         1         0         0         0
         0         0         0         0         1         0         0         0
         1         0         1         2         0         0         0         0
         0         2         0         0         0         0         0         1
         0         0         1         0         1         0         1         1
         0         0         3         2         2         3         2         1
         4         3         4         5         3         1         3         7
         3         3         1         0         6         1         0         3
         0         1         1         2         2         1         2         1
         2         0         0         2         1         2         3         0
         2         2         2         3         2         2         3         3
         4         9         5         0         8        13        10         9
         9        11         4         9         9         3        11         8
        11        12         7        11         3         6         6         1
         3         4         1         1         1         0         1         1
         0         0         0         0         0         0         1         0
         0         0         1         0         0         2         0         0
         2         0         0         0         0         2         0         1
         2         0         0         1         0         1         0         0
         0         1         0         2         0         1         0         0
         1         0         0         0         1         0         1         0
         0         1         0         0         1         0         1         1
         0         0         0         0         2         1         0         0
         0         1         0         0         0         1         0         2
         1         3         1         0         0         0         0         0
         0         0         0         0         0         0         0         0
         0         0         0         0         1         1         0         0
         0         1         0         2         1         1         1         0
         0         1         0         0         2         0         0         0
         0         1         1         0         0         0         0         0
         0         0         0         0         2         0         0         0
         0         0         0         0         0         0         0         0
         0         1         0         0         0         0         0         1
         0         0         0         0         0         0         1         0
         2         1         0         1         0         0         2         0
         2         0         0         0         1         0         0         0
         0         0         0         1         0         1         1         1
         2         1         1         1         0         1         0         1
         0         0         0         0         0         0         0         0
         1         0         0         1         0         1         1         0
         1         1         0         0         0         0         0         0
         0         0         1         0         0         0         0         1
         0         1         1         0         1         1         0         1
         0         0         1         0         0         0         3         0
         0         0         0         1         1         1         2         0
         0         0         0         0         2         2         2         1
         5         8         8         5         8         9         7        10
         7         9         5         3         1         6         3         4
         1         2         0         1         3         1         0         1
         0         0         0         0         0         0         0         0
         0         1         0         0         0         0         1         0
         0         0         0         0         0         1         0         1
         1         1         0         0         0         0         0         0
         0         0         2         0         0         0         0         0
         0         1         0         0         0         0         0         0
         0         0         0         0         0         0         0         0
         0         0         0         0         0         0         0         0
         0         0         0         0         0         0         0         0
         0         0         1         0         0         0         0         0
         0         0         0         0         0         1         0         0
         0         0         1         0         0         0         0         1
         0         0         0         0         0         0         0         1
         0         0         1         0         0         0         0         0
         1         1         0         1         0         0         0         0
         0         0         1         0         1         0         0         1
         0         0         0         0         0         0         1         0
         0         1         0         0         0         0         0         1
         0         0         0         0         0         0         0         0
         0         0         0         0         0         0         0         0
         0         1         0         0         0         0         1         2
         0         0         0         1         0         0         1         0
         1         0         0         1         0         0         0         1
         0         0         0         1         0         0         0         0
         0         1         1         1         0         0         0         0
         0         0         0         0         0         0         0         0
         0         0         0         0         1         0         0         0
         1         0         1         1         0         0         1         0
         0         0         0         0         0         0         0         0
         0         0         1         0         0         0         0         1
         0         0         0         0         1         0         0         0
         1         0         0         0         0         1         2         1
         0         2         0         0         0         0         0         0
         0         0         1         0         0         0         1         0
         0         0         0         1         0         0         0         1
         0         2         0         0         0         0         3         0
         0         0         0         0         0         0         1         0
         0         0         1         0         0         2         0         0
         0         0         0         0         0         0         0         0
         0         0         0         0         1         0         0         0
         0         0         0         0         0         0         1         0
         0         0         0         1         0         0         0         0
         0         1         0         1         0         0         0         0
         0         0         0         0         0         1         0         0
         0         0         1         0         1         0         1         1
         0         0         0         0         0         1         1         0
         0         0         1         0         0         0         0         0
         0         0         0         1         0         0         0         0
         0         1         0         0         0         0         1         1
         0         0         0         0         0         1         0         0
         0         0         1         0         0         1         0         1
         0         0         0         0         0         0         2         0
         0         0         1         0         0         0         0         0
         0         0         0         0         0         2         0         1
         0         0         0         0         2         1         0         0
         0         0         0         1         0         0         0         0
         0         0         0         0         1         0         0         0
         0         0         0         0         0         0         0         0
         2         0         1         0         0         0         0         0
         0         0         0         1         0         0         0         3
         0         0         0         2         0         0         1         0
         0         0         0         0         0         0         0         0
         0         1         0         1         1         0         0         0
         0         1         0         0         0         0         1         1
         0         0         0         0         0         1         0         0
         0         0         0         0         1         0         0         0
         0         0         0         0         1         0         0         1
         0         0         0         0         0         2         0         0
         0         1         0         0         0         1         0         0
         0         0         0         0         0         0         0         0
         0         0         0         0         0         0         0         0
         0         2         0         0         0         0         1         1
         0         0         1         1         0         0         0         0
         0         0         0         0         0         0         0         0
         0         0         0         0         0         0         1         0
         0         0         0         2         0         0         0         0
         1         0         0         1         0         0         0         0
         0         0         0         0         1         0         0         1
         0         2         0         0         0         0         0         0
         0         0         2         0         0         0         0         0
         0         0         1         0         0         0         0         0
         0         0         1         0         0         1         0         0
         0         0         0         0         0         0         0         0
         0         0         0         0         2         0         1         0
         1         0         0         0         1         0         0         1
         0         0         1         0         0         0         1         0
         0         0         0         0         1         0         0         0
         0         0         0         0         1         0         0         1
         0         0         0         0         0         0         0         0
         0         0         0         0         0         0         0         0
         0         1         0         0         0         2         0         0
         0         1         0         0         0         0         0         0
         0         0         0         1         0         0         1         0
         1         0         0         0         2         0         0         0
         0         0         0         0         0         0         0         0
         0         0         0         0         0         0         0         0
         0         0         0         0         0         0         1         0
         0         0         1         0         0         0         2         0
         0         2         0         0         0         0         1         0
         0         0         0         0         0         0         0         0
         0         0         0         0         0         0         0         0
         0         0         0         0         0         1         0         1
         0         0         0         1         1         0         0         1
         0         0         0         0         0         0         0         0
         0         0         0         0         0         0         0         0
         0         0         0         0         0         0         0         1
         0         1         0         0         1         0         0         1
         0         0         0         1         0         0         0         0
         0         0         0         0         0         0         0         0
         0         1         1         1         0         0         1         0
         1         0         0         0         0         1         0         0
         0         0         0         0         0         0         0         0
         0         0         0         0         0         0         0         0
         0         0         0         0         0         0         0         0
         1         0         1         0         0         2         1         2
         0         1         1         0         1         0         1         1
         0         1         0         0         1         2         1         0
         0         1         1         0         0         0         0         1
         0         0         1         0         0         0         0         0
         0         0         1         0         0         0         1         0
         0         0         1         0         0         0         1         1
         0         0         1         0         0         0         0         0
         0         0         2         0         0         0         0         0
         0         0         0         0         0         0         0         0
         0         0         0         0         0         0         0         0
         0         1         0         2         0         0         0         0
         0         0         0         0         0         0         1         0
         0         0         1         0         0         0         0         0
         0         0         1         0         0         0         0         0
         0         0         0         0         0         1         1         0
         0         0         1         0         0         0         0         0
         0         0         0         0         0         0         0         0
         0         0         0         0         0         0         0         0
         0         0         0         0         0         1         0         0
         0         0         0         0         0         0         0         0
         0         0         0         0         1         1         0         0
         0         0         0         0         0         0         0         0
         0         0         0         0         0         0         0         1
         0         0         0         0         0         0         0         0
         1         0         0         1         0         0         1         0
         1         0         1         0         0         0         1         0
         0         0         0         2         0         0         0         0
         0         0         0         0         0         0         0         0
         0         0         0         0         0         0         1         0
         0         1         0         0         0         0         0         0
         0         1         0         0         0         0         0         0
         0         0         0         0         2         0         0         0
         1         0         0         0         0         0         0         0
         0         0         0         0         0         0         0         1
         0         0         0         2         2         0         0         0
         0         0         0         0         0         0         0         0
         0         0         0         0         0         0         1         0
         0         0         0         0         0         0         0         1
         0         0         1         0         0         0         0         0
         0         0         1         0         0         0         0         0
         0         0         0         0         0         0         1         0
         0         1         0         0         0         1         0         0
         0         0         0         0         0         0         0         0
         0         0         0         0         0         0         0         0
         0         0         0         0         1         0         0         0
         0         0         0         0         0         0         0         0
         0         0         0         0         0         0         0         0
         0         1         0         0         0         0         0         1
         0         0         0         0         0         0         0         0
         0         1         1         0         0         0         0         0
         0         0         0         0         0         0         1         0
         0         0         0         0         0         0         0         1
         0         0         0         0         0         0         0         2
         0         0         0         0         1         0         0         0
         0         0         0         0         0         0         0         0
         0         0         0         0         0         0         0         0
         0         0         0         0         0         0         0         0
         0         0         1         0         0         0         0         1
         0         0         0         0         2         0         0         0
         0         0         0         0         0         0         0         0
         0         0         0         0         0         0         0         0
         0         0         0         0         0         1         0         0
         0         0         0         0         0         0         1         0
         0         0         0         0         0         0         1         0
         1         0         0         0         0         0         0         0
         0         0         1         0         1         0         0         0
         0         0         0         0         0         0         1         0
         0         0         1         1         0         2         0         0
         1         0         0         0         0         0         0         0
         0         0         0         0         0         0         0         0
         0         1         0         0         0         0         0         0
         0         1         0         0         0         0         0         0
         0         0         0         0         0         0         1         0
         0         0         0         0         0         0         0         0
         0         0         0         1         0         0         0         0
         0         0         0         0         0         0         0         0
         0         0         0         0         0         0         0         0
         0         0         0         0         0         0         0         0
         0         0         1         0         1         0         0         0
         0         1         1         0         0         0         0         0
         0         0         0         0         0         0         0         0
         0         0         1         0         0         0         0         0
         0         0         0         0         0         1         0         1
         0         1         0         0         0         1         0         0
         0         0         0         0         0         0         0         0
         0         0         0         0         0         0         0         0
         0         0         0         0         0         0         0         1
         0         0         0         0         0         0         0         0
         0         0         0         0         0         0         0         0
         0         0         1         0         0         0         0         1
         0         1         0         0         0         0         0         0
         0         0         1         0         0         0         0         1
         0         1         0         1         0         0         2         0
         0         0         0         0         0         0         0         0
         0         0         0         0         0         1         0         0
         0         0         0         0         0         0         0         0
         0         0         0         0         0         0         1         1
         0         1         0         0         0         1         0         0
         0         0         0         1         0         0         0         0
         0         0         0         0         0         0         0         0
         0         0         0         0         0         0         0         1
         0         0         1         0         0         0         0         0
         0         0         1         0         0         0         0         0
         0         1         0         0         0         0         0         0
         0         1         0         0         0         0         1         0
         0         0         0         0         0         1         0         0
         0         0         0         0         1         0         0         0
         0         0         1         0         0         0         0         0
         1         0         0         1         0         0         0         0
         0         0         0         0         0         0         0         0
         0         0         0         0         0         0         0         0
         0         0         0         1         0         0         0         1
         0         0         0         0         0         0         0         0
         0         0         0         0         0         0         0         0
         0         0         0         0         0         0         0         0
         0         0         0         1         0         0         0         0
         0         0         1         0         0         0         0         0
         0         0         0         0         0         0         0         0
         0         1         0         1         0         0         0         0
         0         0         0         0         0         0         0         0
         0         0         0         0         0         1         0         1
         0         0         1         0         1         0         0         0
         0         0         0         0         0         0         0         0
         0         0         0         0         1         0         0         0

