4.89969	0.555819	0.211057	0.153757	0.0252511	0.015383
5.02558	0.52838	0.240391	0.156217	0.0259162	0.0160407
4.97556	0.488483	0.264816	0.155067	0.026708	0.0169183
4.7855	0.510429	0.242082	0.145557	0.0258356	0.0160787
5.07009	0.523148	0.243302	0.156614	0.0258042	0.0160481
5.2554	0.522054	0.227824	0.164631	0.0260504	0.0161431
4.66104	0.494575	0.270704	0.144709	0.0264044	0.0167781
5.10465	0.518004	0.247108	0.162065	0.0264787	0.0164511
5.21741	0.515315	0.24907	0.161757	0.0258051	0.0162351
4.87	0.439136	0.284141	0.150481	0.0265975	0.0173225
4.84333	0.512077	0.245523	0.150048	0.0260863	0.0162736
4.87809	0.477452	0.272288	0.154868	0.0265018	0.0168797
4.85545	0.531327	0.221087	0.154408	0.0256139	0.0156402
4.94747	0.518957	0.245505	0.15492	0.0264974	0.0165625
5.04078	0.51656	0.254073	0.158204	0.0261945	0.0163043
4.83372	0.506055	0.249701	0.154951	0.0264957	0.0166251
4.82303	0.555195	0.219034	0.153616	0.0263101	0.0161439
4.76105	0.498988	0.240095	0.156287	0.0266876	0.0165868
5.0368	0.504475	0.236058	0.161191	0.025346	0.0157186
4.83066	0.530889	0.243216	0.151811	0.0259463	0.0161162
4.80893	0.508506	0.237975	0.149854	0.0255162	0.0159029
4.93617	0.554525	0.21708	0.154348	0.0263679	0.0161599
4.70868	0.500971	0.24893	0.147272	0.0263183	0.0164518
4.81585	0.546302	0.23516	0.148249	0.0260476	0.0161026
4.92876	0.481901	0.272853	0.157244	0.0268308	0.0170629
4.87124	0.54627	0.218571	0.150717	0.0261402	0.0160338
4.84054	0.527682	0.23922	0.15142	0.0257688	0.0159129
5.03747	0.557944	0.217754	0.160137	0.0257988	0.0157445
4.93581	0.492388	0.238471	0.152746	0.0258279	0.0162477
4.77595	0.462904	0.263297	0.153721	0.0264977	0.0168175
5.03045	0.519348	0.243386	0.158473	0.0264301	0.0164781
4.99619	0.456763	0.256731	0.156952	0.0260171	0.0167084
4.92789	0.466039	0.263408	0.161756	0.0262828	0.0167497
4.61415	0.502428	0.246728	0.151991	0.0266157	0.0166938
4.8884	0.479462	0.245026	0.159298	0.0256417	0.0160838
4.77892	0.546166	0.218814	0.152873	0.0259742	0.0158978
4.91555	0.518323	0.242721	0.154912	0.026275	0.0162514
4.75852	0.47612	0.256631	0.146443	0.0261052	0.0165462
5.08054	0.520172	0.268339	0.157273	0.0265711	0.0166873
4.81612	0.547397	0.215274	0.150748	0.0256104	0.0156431
5.06264	0.511886	0.260569	0.16074	0.0264741	0.0166177
4.94719	0.496099	0.252749	0.155902	0.0262233	0.0165188
4.91955	0.536126	0.235275	0.154998	0.0253175	0.0155813
4.96006	0.517543	0.247626	0.159478	0.0268084	0.0167249
5.0253	0.499646	0.234761	0.157254	0.0258026	0.01611
4.90103	0.534835	0.237097	0.157592	0.0269459	0.0166151
4.89135	0.52505	0.250315	0.153524	0.0261798	0.0163063
5.09721	0.503589	0.244686	0.157252	0.0260565	0.0163272
4.91924	0.490651	0.257218	0.150514	0.0258863	0.0163706
4.89292	0.493619	0.273296	0.155209	0.0260674	0.0165396
4.90523	0.539985	0.217595	0.15388	0.0261409	0.015964
4.89949	0.508505	0.2458	0.157728	0.0260807	0.016256
5.30243	0.494229	0.264163	0.167217	0.0264544	0.0167802
4.65861	0.514808	0.232391	0.150326	0.0259501	0.0160001
4.66913	0.491654	0.250666	0.15047	0.0261925	0.0163697
4.99162	0.487837	0.255419	0.159235	0.026113	0.0164029
4.97188	0.488508	0.253503	0.15604	0.0259998	0.0165031
4.56591	0.530536	0.240192	0.143461	0.0263343	0.0162847
5.10154	0.487885	0.253985	0.16147	0.0261579	0.0165026
4.72947	0.528605	0.23565	0.150702	0.0256575	0.0158421
5.21381	0.501858	0.259088	0.16437	0.0263	0.0164959
5.14823	0.508377	0.264028	0.161121	0.0265005	0.0167261
4.77532	0.533918	0.220121	0.149706	0.0251351	0.0153304
5.0721	0.506285	0.234334	0.159657	0.0257615	0.0159772
4.66847	0.521304	0.237477	0.145053	0.0257168	0.0159966
4.93079	0.529809	0.22815	0.155866	0.0263087	0.0162481
4.90729	0.520247	0.2287	0.152554	0.0262491	0.0163527
4.8702	0.490526	0.271859	0.153782	0.0263135	0.0167149
4.76659	0.563437	0.22877	0.151203	0.0265	0.016297
5.19518	0.501557	0.252949	0.174797	0.0270453	0.0171083
4.77398	0.492863	0.24017	0.150856	0.0256733	0.0161119
5.25402	0.482046	0.259049	0.168356	0.0263799	0.016674
4.88471	0.46789	0.266652	0.153464	0.0261141	0.0166677
5.0526	0.483589	0.235897	0.158957	0.0260264	0.016372
5.04134	0.47527	0.250979	0.164135	0.0264337	0.0167581
4.87935	0.495685	0.248823	0.157349	0.026221	0.0164594
4.99221	0.488609	0.254554	0.156915	0.0257815	0.0161508
5.1091	0.513084	0.233226	0.159153	0.0256882	0.0160931
4.87063	0.481005	0.272576	0.150862	0.0266144	0.016804
4.85499	0.537382	0.218726	0.156802	0.0257201	0.0155874
4.96922	0.518125	0.254612	0.15293	0.0262095	0.0164802
4.80691	0.465981	0.265547	0.154235	0.0264706	0.0169002
5.00935	0.503134	0.227041	0.158513	0.0256993	0.0160223
4.96737	0.499842	0.245715	0.157527	0.0258351	0.0162256
5.18181	0.527873	0.215171	0.163633	0.0252418	0.0154892
4.9808	0.534493	0.208972	0.163589	0.0259207	0.0156716
4.82055	0.531457	0.228912	0.152966	0.0261085	0.016081
4.8079	0.49408	0.255801	0.157343	0.0264963	0.0166274
5.12666	0.513828	0.256493	0.157369	0.0267866	0.0169099
4.93884	0.50752	0.241178	0.149993	0.0257649	0.0160524
5.04069	0.495435	0.231977	0.155801	0.0254379	0.0158635
4.98586	0.530342	0.238247	0.161154	0.0261499	0.0163569
4.80462	0.506815	0.255461	0.150248	0.0262582	0.0164964
4.95923	0.532586	0.256662	0.151936	0.0263953	0.0164621
4.93144	0.539891	0.247575	0.149086	0.0258088	0.0160434
5.2043	0.514555	0.24735	0.166464	0.0262018	0.0164169
4.83006	0.496552	0.251129	0.154478	0.0264889	0.016618
5.16612	0.524966	0.237851	0.160676	0.0256444	0.0157988
4.78063	0.515038	0.230817	0.149905	0.0255543	0.0156915
5.1426	0.4893	0.261613	0.167219	0.0266034	0.0167892
5.05575	0.501712	0.242519	0.161164	0.0263511	0.016326
5.14915	0.493961	0.270977	0.158303	0.0259918	0.0164829
5.09867	0.504235	0.251963	0.163028	0.0265157	0.0167035
5.14634	0.511121	0.252241	0.159474	0.0264092	0.0165187
4.96976	0.519701	0.249623	0.150886	0.0265526	0.0165967
5.02854	0.468016	0.260078	0.161059	0.0263728	0.0168515
5.04516	0.443098	0.286963	0.162833	0.0269536	0.0174212
4.94039	0.521148	0.248246	0.151449	0.0262794	0.0163388
4.88214	0.485277	0.251517	0.154223	0.0257849	0.0161424
4.86488	0.494056	0.269934	0.148849	0.0262009	0.0166126
4.76737	0.473741	0.26412	0.151657	0.0259947	0.0165333
4.71053	0.503956	0.249518	0.148279	0.0259937	0.016252
5.13875	0.51139	0.229936	0.155737	0.0252696	0.0157719
4.88792	0.454477	0.263537	0.158244	0.0264786	0.0168408
5.1467	0.5097	0.263149	0.155223	0.0263121	0.016596
4.98143	0.494958	0.271131	0.152098	0.0260858	0.0165851
4.76995	0.489398	0.243923	0.150016	0.0260373	0.0163302
4.99292	0.49812	0.249992	0.156125	0.0260591	0.016313
4.71091	0.516951	0.229738	0.145289	0.0256166	0.0158923
4.96658	0.436832	0.282805	0.157476	0.0260359	0.0168273
5.14712	0.503495	0.247408	0.161143	0.0259984	0.0162779
5.01994	0.540645	0.226078	0.163476	0.0262054	0.0161078
4.81202	0.487339	0.253601	0.148682	0.0258688	0.0163534
5.00519	0.512392	0.261318	0.153988	0.0260737	0.0162219
4.91048	0.493529	0.259387	0.152593	0.0263134	0.016498
4.8648	0.476396	0.259761	0.158977	0.0261849	0.0166039
5.07784	0.509004	0.224441	0.161247	0.0257336	0.0159879
5.15745	0.490703	0.256258	0.16325	0.0262959	0.01667
4.91395	0.463911	0.257967	0.158973	0.0254308	0.0161252
4.8675	0.551017	0.21581	0.149868	0.0255827	0.0155754
4.87986	0.554644	0.204672	0.157724	0.025727	0.0154499
4.72323	0.50168	0.248911	0.154319	0.0268228	0.0169586
4.8601	0.481562	0.245088	0.152711	0.0257074	0.0161232
4.84722	0.544002	0.234862	0.151321	0.0257457	0.0157738
4.63844	0.503542	0.244738	0.148003	0.0261773	0.0163548
5.00623	0.504523	0.250183	0.161661	0.0263725	0.0166356
4.94865	0.509424	0.248395	0.153446	0.025545	0.0159969
4.96583	0.502646	0.245895	0.158904	0.0260427	0.0162946
4.84994	0.557213	0.219375	0.149817	0.0255826	0.0156527
4.85777	0.514911	0.247993	0.150769	0.0263183	0.0164186
5.37567	0.511027	0.245731	0.171724	0.0264443	0.0165105
4.84854	0.492447	0.256128	0.149935	0.0259316	0.0163573
4.80511	0.464778	0.282893	0.149756	0.0265262	0.0169733
4.83151	0.484666	0.264377	0.153781	0.0267377	0.0168907
5.17524	0.523224	0.24482	0.164778	0.0260866	0.0162228
4.88167	0.523653	0.24009	0.154187	0.0261365	0.0162392
5.10419	0.476554	0.254291	0.161846	0.0262276	0.0166234
5.00596	0.508962	0.257509	0.15195	0.0259472	0.0162265
4.83041	0.505684	0.249057	0.151915	0.02614	0.0163927
4.81659	0.586682	0.224597	0.151073	0.026211	0.0158573
4.6755	0.503861	0.25078	0.149031	0.0267745	0.0168927
5.01296	0.48991	0.270509	0.153802	0.0262267	0.0165897
5.16897	0.518101	0.241282	0.168595	0.0265084	0.0165052
4.70446	0.475136	0.256201	0.145203	0.0257591	0.0162486
5.15426	0.526826	0.25484	0.16025	0.0266086	0.016637
4.94177	0.525652	0.254289	0.15326	0.0265494	0.0165926
5.10826	0.43274	0.293089	0.164221	0.0265232	0.0171715
4.78578	0.511647	0.253586	0.149731	0.0268173	0.0169076
5.2525	0.535332	0.235526	0.166025	0.0262164	0.0162716
5.02928	0.479982	0.264442	0.157111	0.0263158	0.0167158
5.05483	0.477673	0.261893	0.154824	0.0261005	0.0166115
4.86798	0.490725	0.256101	0.151513	0.0262486	0.0166506
5.16544	0.511498	0.250482	0.166737	0.0267179	0.016654
5.10987	0.520744	0.228388	0.157456	0.0256383	0.015917
5.20691	0.485319	0.255823	0.159737	0.0261293	0.0165021
4.7715	0.500966	0.27082	0.14823	0.0268408	0.0169698
4.93825	0.53135	0.222756	0.156649	0.0257056	0.0157411
4.862	0.503768	0.241681	0.148644	0.0258689	0.0162246
4.64654	0.488306	0.243043	0.15329	0.0260586	0.0161886
4.85295	0.528772	0.21084	0.157094	0.0255509	0.0156285
5.03162	0.540051	0.249755	0.154307	0.0266105	0.016656
5.00247	0.471998	0.254891	0.163309	0.0262726	0.0166004
4.90425	0.494946	0.271078	0.155635	0.0263798	0.0166168
4.73995	0.519231	0.237107	0.147284	0.0259342	0.0161586
4.86075	0.520042	0.239524	0.156058	0.026591	0.0165112
4.79233	0.529735	0.243463	0.149455	0.0263908	0.0162935
5.15314	0.486777	0.264069	0.161476	0.0259827	0.0164564
5.16956	0.52387	0.239423	0.162536	0.0260387	0.01621
4.83295	0.520013	0.233087	0.152993	0.0256796	0.0159865
5.04907	0.450379	0.273889	0.158883	0.026051	0.0167575
4.85744	0.477254	0.247082	0.149611	0.0255122	0.0161539
5.08547	0.456353	0.262752	0.16119	0.026257	0.0167628
5.06595	0.520375	0.234327	0.159965	0.0262146	0.016141
4.97185	0.484701	0.264148	0.160819	0.0268131	0.0169715
4.98478	0.528049	0.23953	0.154447	0.0261832	0.0162381
4.92108	0.530708	0.238383	0.159358	0.0265826	0.0164139
5.08014	0.506059	0.242463	0.158002	0.0257999	0.0160647
5.32854	0.45136	0.267455	0.164077	0.0260021	0.0167081
5.2763	0.48385	0.246734	0.163791	0.0260976	0.0165016
5.03955	0.514389	0.214592	0.15556	0.0249099	0.015186
4.90381	0.490648	0.245476	0.155413	0.0258423	0.0162558
4.73385	0.49834	0.252685	0.14788	0.0261471	0.0164163
4.86818	0.48288	0.251123	0.155539	0.0260566	0.0164284
5.11192	0.505523	0.227356	0.160912	0.0258791	0.0161408
4.80193	0.547563	0.195976	0.155088	0.0249144	0.0149178
4.80684	0.508351	0.224844	0.147751	0.0253512	0.0156738
4.74096	0.52543	0.241722	0.147795	0.0259863	0.016032
4.7318	0.527362	0.231398	0.146743	0.0260023	0.0160156
4.74316	0.506134	0.25131	0.144579	0.0261758	0.01641
4.79803	0.516018	0.252107	0.147692	0.0260481	0.0164442
4.98481	0.590843	0.209295	0.152145	0.0258581	0.0155857
5.02464	0.499558	0.262303	0.159259	0.0264374	0.016726
5.05246	0.487751	0.266846	0.15984	0.0263162	0.0166908
4.99434	0.465282	0.285739	0.155672	0.0265003	0.0170984
4.78962	0.565144	0.222624	0.149342	0.0260942	0.0158159
4.91889	0.537507	0.234164	0.148476	0.0255617	0.0156746
4.90099	0.4386	0.285526	0.153772	0.0261449	0.0169492
4.83296	0.454457	0.266531	0.158781	0.0261973	0.0167585
4.84406	0.523196	0.241888	0.152624	0.0256816	0.0158456
4.99878	0.493296	0.276628	0.16418	0.026584	0.016922
4.93757	0.44113	0.282151	0.156201	0.0268096	0.0174075
4.89837	0.48663	0.245121	0.147937	0.0255668	0.0160395
4.71991	0.494822	0.253915	0.150244	0.0265569	0.0167738
4.49663	0.461354	0.266871	0.140267	0.0262198	0.0165822
4.83988	0.483619	0.232383	0.155749	0.025436	0.015854
4.71751	0.506627	0.247686	0.155473	0.0266801	0.0167141
5.05144	0.520299	0.23949	0.160524	0.0263426	0.0164493
5.03553	0.511607	0.254399	0.158071	0.0266094	0.0167655
5.0304	0.510688	0.244925	0.150586	0.0254572	0.0158884
5.08968	0.467928	0.265313	0.162189	0.0265094	0.0169757
4.91073	0.530284	0.251128	0.147198	0.0259421	0.016112
4.53782	0.485082	0.25928	0.140094	0.0261675	0.0164986
5.19245	0.49432	0.252365	0.16575	0.026669	0.0167617
4.9214	0.488252	0.262394	0.154867	0.0265337	0.0169141
4.8994	0.511969	0.264918	0.153839	0.0267945	0.0169402
4.94726	0.487081	0.258768	0.154522	0.0264981	0.016741
4.7802	0.544872	0.21051	0.154002	0.0256476	0.015553
4.75459	0.471235	0.256043	0.153632	0.0260442	0.0165109
5.17824	0.457262	0.286136	0.15907	0.0264264	0.0170991
5.13812	0.475387	0.267519	0.159516	0.026441	0.0168324
4.93818	0.50102	0.268841	0.154643	0.0263209	0.0166966
4.81386	0.473414	0.244349	0.152607	0.0258429	0.0162649
4.9898	0.518076	0.224748	0.155374	0.025948	0.0159849
4.97012	0.501417	0.242261	0.151701	0.0259442	0.0162862
4.84665	0.495274	0.260702	0.15191	0.0259987	0.0164438
4.73636	0.479726	0.257813	0.149545	0.0257922	0.0162649
4.87594	0.568171	0.235334	0.151252	0.0261473	0.0161027
5.10199	0.49685	0.239559	0.166254	0.0258321	0.0161888
4.83729	0.506161	0.252223	0.147635	0.0259323	0.0161993
5.20967	0.48145	0.258035	0.166533	0.026101	0.0165054
4.66369	0.478114	0.252639	0.148156	0.0258071	0.0162539
4.69467	0.547978	0.231186	0.149074	0.0266776	0.0164143
4.99265	0.513519	0.249016	0.154237	0.025855	0.0161817
4.75345	0.526568	0.2322	0.146581	0.0255695	0.0157735
4.92831	0.46078	0.280035	0.160504	0.0265892	0.0170228
4.96668	0.461938	0.238367	0.160612	0.0259646	0.0163789
4.81676	0.469799	0.266262	0.151441	0.0262163	0.0166199
4.86639	0.476832	0.253072	0.156712	0.0260451	0.0165196
4.94666	0.42725	0.281151	0.153412	0.0255148	0.0164909
4.80959	0.508623	0.235465	0.154925	0.0258687	0.0160263
5.08178	0.509922	0.223501	0.156565	0.0253837	0.0157412
4.7446	0.500733	0.225364	0.152877	0.025834	0.0160155
4.91926	0.538116	0.227182	0.151537	0.0258221	0.0159127
4.90807	0.524555	0.253003	0.154127	0.0266458	0.0167145
4.80019	0.52469	0.236448	0.152019	0.0265548	0.0164383
4.87352	0.517185	0.232863	0.154048	0.0252091	0.0156186
4.90258	0.451313	0.294563	0.152115	0.0267356	0.0173202
4.88785	0.533279	0.238818	0.152957	0.0259617	0.0160778
4.93668	0.498897	0.261878	0.152784	0.0267805	0.0170348
5.14749	0.505308	0.253656	0.162756	0.0262519	0.0165037
5.31726	0.454824	0.250971	0.165072	0.0258236	0.016488
5.01348	0.554146	0.216486	0.158299	0.0263486	0.0161012
4.84553	0.510556	0.246542	0.152165	0.0262367	0.0163923
5.33066	0.545282	0.220088	0.167484	0.0261314	0.0160622
4.73659	0.494325	0.245247	0.147708	0.0260426	0.0163547
5.08148	0.460376	0.270019	0.160964	0.0263311	0.0168625
4.8017	0.493388	0.266018	0.154192	0.0269798	0.0171181
5.08768	0.496297	0.277014	0.158461	0.0268648	0.0170472
4.67711	0.459277	0.262973	0.144722	0.0258511	0.0165102
4.94552	0.494833	0.244952	0.154675	0.0258827	0.0162438
5.07281	0.484319	0.278352	0.164661	0.0268498	0.0171159
4.69122	0.448576	0.278735	0.147247	0.026361	0.0169631
4.83511	0.501407	0.223013	0.155529	0.0258968	0.0161507
4.94391	0.501591	0.230295	0.157706	0.0264868	0.0165749
5.07569	0.494552	0.237823	0.163665	0.0255521	0.0158493
4.80925	0.493643	0.251505	0.148134	0.0258502	0.0163126
4.97509	0.534899	0.249205	0.157594	0.0264978	0.016602
4.63374	0.452513	0.262915	0.144064	0.02584	0.0164598
5.1037	0.494149	0.258396	0.168845	0.0265389	0.0169026
4.9655	0.524302	0.233749	0.150741	0.0260974	0.0162599
4.8676	0.534614	0.215237	0.15825	0.0258095	0.0158779
5.00555	0.516463	0.235482	0.157012	0.0263477	0.0163282
4.85237	0.481022	0.249513	0.150508	0.026351	0.0166122
5.26279	0.465443	0.262895	0.168983	0.0261328	0.016685
4.93865	0.471026	0.2686	0.160199	0.0263304	0.0166891
4.96013	0.545039	0.219988	0.154687	0.0258045	0.01567
4.90377	0.514148	0.230016	0.157277	0.0257201	0.0159136
4.70411	0.447515	0.280663	0.143705	0.0258372	0.016607
4.87762	0.505091	0.260922	0.153673	0.0270011	0.0170729
4.99186	0.482305	0.242873	0.154861	0.0257051	0.0161636
4.95103	0.531145	0.23076	0.150831	0.0255448	0.0158439
4.71596	0.509968	0.255112	0.147055	0.0267698	0.0167274
5.03499	0.515215	0.255415	0.158309	0.0262325	0.0163392
4.97552	0.486435	0.26046	0.154711	0.0260282	0.0165303
4.86699	0.499911	0.256252	0.15294	0.0265617	0.0167077
5.12432	0.51327	0.229138	0.163207	0.026131	0.0161294
5.04482	0.463143	0.253809	0.158252	0.0261081	0.016664
4.99033	0.500594	0.259505	0.155776	0.0263631	0.0166774
4.84779	0.526185	0.246502	0.148649	0.0261327	0.0164074
5.1045	0.492499	0.255695	0.164579	0.0263414	0.016593
4.90169	0.50821	0.251633	0.157711	0.0265966	0.0166996
5.05715	0.520372	0.23034	0.164087	0.0260762	0.0161113
4.84274	0.503894	0.248425	0.150222	0.0259182	0.0163786
5.17126	0.474146	0.251024	0.157827	0.0260419	0.0164712
4.82784	0.481208	0.263942	0.156993	0.0270179	0.0172293
5.05301	0.495928	0.244795	0.159011	0.025903	0.0161895
4.90847	0.500526	0.233629	0.15717	0.0262597	0.0164482
5.02059	0.4849	0.234363	0.159088	0.0259165	0.0161427
4.9562	0.480496	0.258398	0.161133	0.0262352	0.0166191
4.72325	0.500754	0.247788	0.151356	0.0260988	0.016534
4.65756	0.495235	0.245701	0.141623	0.0256521	0.0160473
4.85735	0.480055	0.258949	0.156581	0.026819	0.0170063
4.70128	0.557772	0.218393	0.152507	0.0257367	0.0156076
5.10581	0.463436	0.259698	0.160878	0.0256006	0.0162655
4.84708	0.46397	0.255814	0.157231	0.0259079	0.0163617
4.6668	0.513837	0.243225	0.144374	0.0258746	0.0160619
4.91619	0.516159	0.223779	0.154574	0.0259062	0.0160806
5.30231	0.500306	0.260618	0.165669	0.0266916	0.0168876
5.0312	0.533246	0.241676	0.161913	0.0266329	0.0164433
4.80367	0.545383	0.253945	0.148451	0.0265362	0.0164965
4.8372	0.489758	0.242772	0.155268	0.0260662	0.0162606
5.23537	0.516516	0.24851	0.160677	0.0262823	0.0164971
5.04278	0.476603	0.24864	0.160115	0.0260592	0.0165083
4.76423	0.489868	0.256094	0.148237	0.0260551	0.0165168
4.85166	0.521488	0.227524	0.151556	0.0254533	0.0158049
4.86754	0.470085	0.271714	0.157085	0.0261952	0.0165994
5.01501	0.515939	0.243399	0.162251	0.0268159	0.016715
4.95451	0.517949	0.243428	0.155889	0.0260548	0.0162563
4.90386	0.510173	0.247245	0.152007	0.0260961	0.0163292
4.97971	0.496661	0.256065	0.155506	0.0260243	0.0164892
5.04824	0.500095	0.246022	0.159485	0.0261808	0.0164276
4.45825	0.495878	0.244804	0.141072	0.026005	0.0163466
4.94858	0.490607	0.253228	0.156233	0.0259292	0.0163957
5.1027	0.494486	0.262322	0.161007	0.0263749	0.0166484
5.02347	0.508184	0.241199	0.157325	0.0256919	0.0160647
4.92322	0.529728	0.226675	0.154076	0.0262628	0.0162051
4.72026	0.526054	0.254199	0.149969	0.0268173	0.0167518
5.13619	0.509938	0.241942	0.157849	0.0261344	0.016338
4.98203	0.466009	0.245472	0.158121	0.0254716	0.0160232
5.05576	0.564848	0.217599	0.156703	0.0259468	0.015808
4.82882	0.513436	0.232044	0.154642	0.0260623	0.0161794
4.87942	0.531288	0.257567	0.149217	0.0266201	0.0165505
4.90105	0.460122	0.258892	0.158185	0.0261422	0.0166708
5.19899	0.521937	0.232903	0.165073	0.026214	0.0163054
4.71501	0.50637	0.230199	0.151373	0.0258058	0.0159131
4.77305	0.507581	0.255012	0.150792	0.026496	0.0166187
4.98629	0.534014	0.24406	0.15308	0.0257294	0.0160288
4.83062	0.508639	0.242136	0.150035	0.0253888	0.0157702
4.95994	0.541882	0.224888	0.153001	0.0262774	0.0162224
5.22155	0.479996	0.253333	0.164532	0.0259991	0.0165567
5.13816	0.41684	0.299366	0.166698	0.0265509	0.0173368
5.13	0.557203	0.208095	0.158921	0.0257132	0.0155709
4.8074	0.515745	0.246777	0.148641	0.0264407	0.0164946
5.04114	0.476165	0.257722	0.153362	0.0255711	0.0161203
5.03381	0.478136	0.247064	0.158393	0.0263194	0.0166208
5.08014	0.513312	0.246008	0.161316	0.0267495	0.0167448
4.8056	0.505382	0.230553	0.153174	0.0255445	0.0158566
5.09359	0.444415	0.282529	0.15805	0.0262713	0.0170266
5.00048	0.491071	0.237918	0.159063	0.0254989	0.0159655
4.89455	0.504649	0.243011	0.154444	0.0262997	0.0164529
4.84985	0.524507	0.241983	0.149948	0.0260373	0.0162423
5.04969	0.525379	0.248858	0.155219	0.0260605	0.016265
4.66972	0.520734	0.236004	0.145096	0.0255461	0.0157002
4.83775	0.500641	0.250344	0.157157	0.0264571	0.0164902
4.82813	0.530269	0.238566	0.14827	0.0255947	0.0158846
4.82565	0.530601	0.206689	0.155112	0.0251931	0.0152967
4.74085	0.487147	0.267105	0.149706	0.0259546	0.0163404
4.94086	0.506961	0.242375	0.153278	0.025982	0.0162611
5.24081	0.518349	0.261459	0.162209	0.0265349	0.0167492
5.22703	0.521879	0.227773	0.161879	0.0254873	0.0156928
4.78063	0.524371	0.236105	0.154304	0.0264453	0.0164346
5.02525	0.51676	0.239366	0.156373	0.0260861	0.0162986
4.71983	0.465236	0.276052	0.152473	0.0266344	0.0170176
5.12818	0.504759	0.279986	0.161381	0.0273082	0.017458
5.20077	0.505243	0.247026	0.16247	0.0257747	0.0160109
5.08284	0.496209	0.257865	0.160669	0.026151	0.0164816
4.98425	0.512721	0.239897	0.162973	0.0262887	0.0163169
4.98717	0.50695	0.236829	0.153429	0.0259266	0.0161424
5.04841	0.491161	0.258391	0.158109	0.0258076	0.0162956
4.66268	0.475687	0.254672	0.143623	0.0256199	0.0161911
5.25438	0.528931	0.240838	0.160211	0.0264541	0.0164215
5.00702	0.502756	0.262159	0.157555	0.0263178	0.016568
4.80797	0.49655	0.236681	0.152961	0.0259321	0.0162542
4.88343	0.52025	0.23664	0.155116	0.0257329	0.016014
4.84826	0.500885	0.255937	0.151367	0.0262924	0.0165887
5.01928	0.536848	0.231946	0.155312	0.0260068	0.0160185
4.83555	0.512221	0.257765	0.147625	0.0262027	0.0164482
5.22331	0.491728	0.254767	0.164136	0.025981	0.0162918
5.06611	0.488199	0.240771	0.159514	0.0259154	0.0163174
5.15172	0.504959	0.238929	0.162718	0.0260938	0.0160999
4.90687	0.478908	0.275045	0.150064	0.0264722	0.0169451
4.75403	0.474879	0.281992	0.148438	0.026708	0.0171499
5.34638	0.442285	0.28862	0.170701	0.0269455	0.0174462
4.96991	0.454466	0.289552	0.158523	0.0270662	0.0174664
4.82191	0.505902	0.252607	0.156404	0.0261841	0.0163276
5.0985	0.475203	0.258625	0.161978	0.0265423	0.0169506
5.13449	0.507577	0.255373	0.153499	0.0258808	0.0162419
4.86676	0.528161	0.235636	0.145604	0.0252997	0.0156062
5.04379	0.495956	0.24567	0.162973	0.026431	0.0166144
4.85586	0.52257	0.234093	0.159339	0.0263633	0.0163863
5.04587	0.53914	0.201123	0.161081	0.0256309	0.0154525
4.81488	0.542207	0.219422	0.152689	0.0258745	0.0158313
4.9581	0.509325	0.238919	0.151327	0.0254339	0.0159125
4.96612	0.500548	0.235921	0.155771	0.0255974	0.0159014
4.83543	0.485034	0.253835	0.148691	0.0258517	0.0163358
4.82424	0.466031	0.279344	0.150179	0.0264234	0.0168394
4.89788	0.473389	0.266461	0.152549	0.0262235	0.0167871
4.7355	0.516017	0.252474	0.14443	0.0260943	0.0162979
5.11865	0.496257	0.253339	0.163221	0.0263984	0.0166795
4.69329	0.437892	0.28702	0.148086	0.0268033	0.0173947
4.82852	0.463119	0.278498	0.153554	0.0262849	0.0167482
4.87614	0.472221	0.257847	0.154286	0.0264682	0.0167281
4.65512	0.504278	0.24788	0.147281	0.0262384	0.0163947
4.94452	0.480214	0.247012	0.155052	0.0255144	0.0161508
5.06126	0.529662	0.235726	0.157051	0.0261897	0.0162222
4.77707	0.509398	0.244297	0.148243	0.0260722	0.0163073
4.99374	0.500779	0.232254	0.156361	0.0259496	0.016113
4.84845	0.533056	0.244955	0.149757	0.0257653	0.0158668
5.08196	0.554608	0.222054	0.164129	0.0262358	0.0160577
5.03298	0.499545	0.248363	0.158293	0.0264367	0.0166712
4.87222	0.496454	0.258027	0.152315	0.026338	0.0167129
4.79412	0.461423	0.28391	0.151832	0.0268064	0.0172337
4.89084	0.578176	0.21063	0.147716	0.025542	0.0153584
4.88117	0.501198	0.250104	0.148729	0.0256177	0.0160855
4.90262	0.47208	0.267356	0.155099	0.0269062	0.0172517
5.0916	0.507189	0.249448	0.157756	0.0259834	0.0162693
4.84575	0.46051	0.28148	0.148166	0.0266707	0.0171484
4.82034	0.485675	0.257006	0.14698	0.0262299	0.0166414
5.02923	0.555739	0.223975	0.160325	0.026406	0.01625
4.93661	0.516015	0.232723	0.153526	0.0256463	0.0159244
4.73729	0.519183	0.247007	0.147029	0.026182	0.0162984
5.06127	0.543219	0.21341	0.163471	0.0257498	0.0157935
4.54647	0.50865	0.244086	0.144876	0.026072	0.0161625
5.01425	0.495571	0.232193	0.160979	0.0258003	0.0160843
5.06524	0.523266	0.250772	0.157492	0.0261948	0.0164071
4.76246	0.493284	0.267626	0.147296	0.02601	0.016291
4.74369	0.497983	0.244141	0.14868	0.0259629	0.0162434
4.78599	0.480375	0.260619	0.145905	0.0257633	0.0163434
5.05348	0.493683	0.255367	0.159343	0.0261671	0.0165094
4.68869	0.456375	0.259518	0.148014	0.0262327	0.0166891
5.29761	0.499286	0.25212	0.160852	0.0258578	0.0163549
4.89733	0.518684	0.238576	0.154064	0.0260153	0.0160335
4.91295	0.505374	0.241784	0.151445	0.0257072	0.0159397
4.50362	0.513133	0.255228	0.142023	0.0262025	0.0164553
5.02188	0.484301	0.261816	0.158447	0.0261961	0.0165665
4.70807	0.500755	0.274489	0.1494	0.0265958	0.0169103
5.03145	0.480277	0.265128	0.16184	0.0265542	0.0169833
4.89521	0.432365	0.294235	0.148893	0.0261147	0.0170574
4.91783	0.4534	0.26632	0.159162	0.0263139	0.0169251
5.06148	0.544609	0.240778	0.156954	0.0262237	0.0162531
4.8709	0.532885	0.237453	0.151204	0.0258132	0.0159531
4.72211	0.497553	0.275945	0.146699	0.0266295	0.016881
4.70009	0.517783	0.244323	0.145224	0.0258178	0.016014
4.75269	0.487248	0.249255	0.15437	0.0260882	0.0163878
4.99205	0.503144	0.272475	0.157316	0.0266906	0.016897
4.95966	0.564551	0.22397	0.158385	0.0263279	0.0161072
5.24301	0.488903	0.247732	0.165693	0.0258284	0.0162972
4.65783	0.514973	0.226719	0.146581	0.0251903	0.0153795
4.94709	0.49073	0.236191	0.158562	0.0254922	0.0159924
5.07066	0.501674	0.249315	0.155913	0.0257886	0.0162479
4.97094	0.472256	0.255107	0.154684	0.0264375	0.0168302
4.95982	0.521578	0.238983	0.158366	0.0262434	0.0162834
4.83169	0.47648	0.248304	0.151731	0.0257882	0.0163244
4.91696	0.515607	0.252467	0.152672	0.0263407	0.016446
5.05421	0.535201	0.232128	0.160161	0.0260688	0.0160667
4.71404	0.540248	0.237366	0.148445	0.0262738	0.016296
4.90196	0.451863	0.289677	0.153592	0.0268378	0.0174466
4.87419	0.496149	0.240622	0.151059	0.0257551	0.0161193
4.75716	0.477937	0.259829	0.146841	0.0260549	0.0165322
5.06244	0.504001	0.239093	0.162084	0.0262069	0.0164044
4.81814	0.516357	0.246645	0.150201	0.0259044	0.0162813
4.80041	0.498314	0.24776	0.154258	0.0263621	0.016499
4.75863	0.480159	0.267157	0.155071	0.0268757	0.017027
5.16568	0.531933	0.221319	0.163181	0.0252497	0.0154554
4.79976	0.485472	0.253373	0.149445	0.0257637	0.0162767
5.19947	0.463638	0.254737	0.160451	0.0257954	0.0164052
4.88886	0.516287	0.251748	0.150592	0.0262346	0.0163586
5.04076	0.502321	0.267573	0.155231	0.0264133	0.0167203
4.98429	0.508963	0.249837	0.15353	0.0261473	0.0164023
4.94475	0.471645	0.253887	0.154724	0.0259319	0.0162733
4.86533	0.511678	0.248794	0.150982	0.0260492	0.0162758
4.62294	0.476381	0.261118	0.1455	0.0262289	0.016744
4.8652	0.514069	0.253421	0.152356	0.0257488	0.016072
4.97552	0.522901	0.227775	0.15922	0.0255849	0.0157241
4.85778	0.533705	0.220184	0.158553	0.0256057	0.0157037
4.88351	0.492524	0.256201	0.150874	0.0262972	0.0167559
4.80097	0.468581	0.282014	0.150469	0.0268065	0.017141
4.75926	0.53667	0.253908	0.149608	0.0267576	0.0167849
5.00574	0.494782	0.23881	0.160387	0.025813	0.0161553
4.89652	0.505466	0.231543	0.151779	0.0256202	0.0158794
4.85632	0.498571	0.263895	0.154661	0.0272603	0.0172698
5.02382	0.427762	0.30591	0.162438	0.0265599	0.0172761
4.82859	0.520737	0.249551	0.149856	0.0266268	0.016638
4.79783	0.498536	0.252941	0.147629	0.0257942	0.0161953
5.16085	0.50389	0.2572	0.158542	0.0263689	0.0166882
4.69008	0.475635	0.280414	0.147278	0.0263123	0.0168863
5.00007	0.490271	0.240217	0.161028	0.0258308	0.0162882
4.9282	0.502563	0.247741	0.153535	0.0261824	0.0164224
4.76989	0.537973	0.225437	0.150561	0.0256199	0.0158312
4.89328	0.509133	0.216006	0.158331	0.0253148	0.015459
4.89833	0.486171	0.26402	0.154231	0.0260973	0.0165056
5.03055	0.538397	0.227634	0.156415	0.0254906	0.0156124
4.99347	0.497029	0.237312	0.157219	0.0255867	0.0161186
4.87733	0.506669	0.254865	0.153807	0.0262038	0.0165443
5.10497	0.503158	0.255401	0.161315	0.0266351	0.0167883
4.62271	0.473212	0.257194	0.143016	0.0254478	0.0161877
4.83014	0.497946	0.247028	0.149202	0.0264717	0.0166472
4.67125	0.51504	0.248821	0.151642	0.0265381	0.0163763
4.9133	0.530578	0.2228	0.162393	0.0260558	0.0159206
5.0685	0.514601	0.230654	0.160108	0.0258084	0.0160623
4.95197	0.47613	0.261326	0.152783	0.0257134	0.0162998
4.98586	0.48195	0.262305	0.157106	0.0261862	0.0166315
4.91725	0.475793	0.256951	0.153489	0.0258407	0.0164572
5.14535	0.501784	0.258619	0.160349	0.0262305	0.0165922
4.77026	0.530183	0.231634	0.155186	0.0261054	0.0161005
4.93023	0.527263	0.226833	0.159677	0.0262063	0.0162284
4.94349	0.507155	0.243494	0.154674	0.0263398	0.0164678
4.61206	0.525844	0.248245	0.143663	0.0261719	0.0162906
4.75459	0.52599	0.238633	0.144356	0.0257739	0.015866
4.86264	0.479191	0.244358	0.156781	0.0262846	0.0166602
4.78179	0.533041	0.235872	0.148472	0.0262832	0.016209
4.66887	0.464276	0.269011	0.146775	0.0262225	0.0167319
5.01307	0.478548	0.254976	0.157626	0.0259777	0.0164263
4.77019	0.498854	0.249144	0.149558	0.0261016	0.0164095
4.78127	0.528076	0.257037	0.148565	0.0259957	0.0162143
4.83531	0.467188	0.267762	0.151398	0.0264648	0.0168746
5.2585	0.484417	0.256391	0.164442	0.0265353	0.0168789
4.87777	0.528736	0.241819	0.151349	0.0261427	0.0161265
4.90694	0.483401	0.258806	0.152505	0.0261259	0.0165557
4.86361	0.496247	0.243925	0.157832	0.0265591	0.0166321
4.86937	0.519829	0.23628	0.154588	0.0264233	0.0164549
4.98119	0.504614	0.251508	0.160173	0.0260187	0.016304
5.14251	0.482563	0.256896	0.159445	0.0262113	0.0165878
4.68877	0.47824	0.267762	0.152431	0.0266362	0.0169113
4.98218	0.519569	0.260665	0.152628	0.0262471	0.0165386
4.90545	0.469219	0.256156	0.15888	0.0266623	0.0168877
4.83333	0.467766	0.261885	0.147766	0.0257195	0.0162723
5.15153	0.523424	0.231892	0.163667	0.0261174	0.0162205
5.16846	0.521514	0.277358	0.154861	0.0261742	0.0165357
4.73058	0.452395	0.273772	0.151682	0.0266231	0.0170746
5.0252	0.478974	0.260425	0.157241	0.026519	0.016762
5.01653	0.516103	0.24506	0.157531	0.0261378	0.0163226
5.08386	0.524659	0.250041	0.164448	0.0261826	0.0162723
4.81851	0.496311	0.253122	0.149532	0.0257334	0.0162153
4.85364	0.515559	0.272021	0.148364	0.0265024	0.0167164
5.1201	0.491377	0.25293	0.159964	0.0262028	0.0165148
4.91612	0.515169	0.239131	0.155375	0.0257204	0.0158922
4.98641	0.541187	0.238634	0.153675	0.0261816	0.0161417
4.88281	0.506708	0.255505	0.152342	0.025963	0.0162654
5.02088	0.481796	0.261238	0.157182	0.0260782	0.016451
4.84309	0.547968	0.20626	0.1518	0.0256846	0.0154347
4.94883	0.496983	0.241151	0.159693	0.0261079	0.0163647
4.92268	0.481985	0.274289	0.156942	0.026639	0.0169019
4.82707	0.513481	0.244291	0.150674	0.0261205	0.0162214
4.74416	0.49052	0.256771	0.150313	0.0258741	0.0163404
5.51086	0.480094	0.264416	0.16633	0.0263126	0.0167433
4.98697	0.523103	0.237583	0.15705	0.0255732	0.0158439
5.12841	0.512349	0.240153	0.167527	0.0269332	0.0168939
4.95799	0.530909	0.247784	0.160011	0.0267536	0.0166934
5.08237	0.527861	0.235452	0.156635	0.026185	0.0162393
4.91133	0.470452	0.240275	0.152624	0.0251828	0.0158414
5.00137	0.552802	0.221724	0.156097	0.0252949	0.0153823
4.90246	0.546446	0.24538	0.150472	0.0262853	0.0163943
5.01296	0.468011	0.262789	0.163182	0.0261621	0.0166334
4.80546	0.4785	0.28586	0.149955	0.0268311	0.0171671
4.85477	0.500314	0.249302	0.154196	0.0265252	0.0166852
5.06032	0.548634	0.225654	0.159684	0.0262668	0.0161043
5.03661	0.495432	0.245738	0.15975	0.0266537	0.0168388
5.11726	0.516966	0.226832	0.161335	0.0256504	0.0159245
5.02574	0.507896	0.256153	0.160452	0.0264268	0.016516
4.81823	0.483154	0.251726	0.152994	0.0265065	0.0166975
4.81682	0.452289	0.279355	0.154514	0.0268913	0.0173218
4.88732	0.465353	0.2563	0.151864	0.0256283	0.016284
4.93509	0.506795	0.226331	0.155416	0.0252837	0.0156062
4.74497	0.530378	0.213626	0.153135	0.0255103	0.0155377
5.06465	0.453503	0.25683	0.157173	0.0259974	0.0165803
5.14038	0.527584	0.247714	0.16239	0.0262016	0.0163167
4.9571	0.539209	0.226331	0.151259	0.0257256	0.015812
4.76729	0.492971	0.265936	0.148092	0.0262235	0.0165974
5.12136	0.46526	0.268452	0.165184	0.0267732	0.0169928
5.0086	0.465423	0.257314	0.163425	0.0261397	0.0164958
4.87705	0.460883	0.282651	0.150434	0.0262195	0.0167699
4.88609	0.486782	0.259637	0.152318	0.0264082	0.0166484
4.9866	0.514478	0.221883	0.157346	0.0254499	0.0155968
4.59105	0.494351	0.251642	0.148053	0.0259419	0.01621
5.02692	0.510103	0.23495	0.15987	0.026018	0.016254
5.14937	0.487035	0.237877	0.159147	0.0254406	0.0159497
4.93626	0.464064	0.268081	0.157677	0.0266037	0.017057
4.88976	0.495376	0.251137	0.151859	0.0260896	0.0164977
4.94219	0.548367	0.208995	0.160524	0.0258584	0.0158606
4.77396	0.487078	0.255056	0.152259	0.0264644	0.0167786
4.94784	0.473331	0.261832	0.155233	0.0265933	0.0168442
4.78978	0.447295	0.266466	0.149677	0.0259154	0.0166869
4.98055	0.518679	0.234774	0.155458	0.0256697	0.0158838
4.77342	0.52265	0.239121	0.151829	0.026106	0.0161741
5.08573	0.527072	0.228015	0.16214	0.0255798	0.015748
4.9927	0.489765	0.267928	0.156307	0.0267661	0.016942
5.04062	0.526386	0.233934	0.158625	0.025471	0.0157942
5.06999	0.528087	0.237353	0.159706	0.0271251	0.0168712
4.65615	0.48991	0.249659	0.148173	0.0260056	0.0162459
4.92439	0.533827	0.237512	0.154015	0.0256977	0.0159677
5.04034	0.492032	0.249834	0.161078	0.0258694	0.0162987
4.98184	0.498573	0.272173	0.154416	0.0265618	0.0168795
5.07072	0.537896	0.229251	0.16137	0.0257847	0.0158164
4.9279	0.535023	0.239101	0.152637	0.0258811	0.0160494
4.91555	0.534141	0.241449	0.153129	0.0264721	0.0165069
4.85419	0.470802	0.253069	0.158148	0.0267707	0.0169172
4.97495	0.515355	0.227966	0.155896	0.0251092	0.0155919
4.72871	0.533509	0.24842	0.144142	0.0262149	0.016306
4.68258	0.514467	0.249952	0.146918	0.0263691	0.0164677
4.86099	0.50144	0.24342	0.153679	0.0256159	0.0159585
4.84335	0.507518	0.254025	0.15019	0.0254733	0.0158666
4.78907	0.524155	0.226978	0.150256	0.0258906	0.0160304
4.90057	0.536708	0.246989	0.149705	0.0260611	0.0162138
5.14205	0.544432	0.22814	0.154691	0.0260338	0.0159297
5.01689	0.523089	0.23476	0.154443	0.0254118	0.0158048
4.93942	0.491808	0.260289	0.160644	0.0265776	0.0167027
4.85692	0.49051	0.245667	0.155287	0.0262044	0.0163786
4.94962	0.543473	0.229227	0.15739	0.0259375	0.0159904
4.90514	0.474845	0.261898	0.156984	0.026708	0.0170093
4.7712	0.503933	0.251011	0.150649	0.0262237	0.0163357
4.94964	0.51991	0.240921	0.153442	0.026035	0.0161961
4.87534	0.508488	0.255673	0.150162	0.0263038	0.0165901
5.00084	0.496346	0.249022	0.159267	0.0260192	0.0163707
5.20376	0.521654	0.237874	0.159049	0.0261906	0.0162966
4.88377	0.498298	0.241433	0.15048	0.0257793	0.016168
5.04204	0.4763	0.255827	0.15886	0.0261822	0.0165373
5.13358	0.468985	0.271157	0.160751	0.026426	0.0169202
4.97588	0.491096	0.262856	0.155977	0.0263846	0.0167999
5.00965	0.461362	0.26561	0.153269	0.0251941	0.0161125
4.87092	0.529801	0.235744	0.155905	0.0263407	0.0162665
4.87	0.476226	0.262675	0.157491	0.0265241	0.0168442
4.68124	0.453797	0.275116	0.14716	0.0263296	0.0169303
4.88456	0.548213	0.227375	0.154807	0.0258232	0.01584
4.9287	0.469719	0.239196	0.160769	0.0262836	0.0166042
4.98273	0.498336	0.234639	0.157668	0.0255578	0.01597
4.97695	0.461426	0.272523	0.155974	0.0260022	0.0166595
4.84888	0.549576	0.222493	0.153866	0.0254853	0.0155236
4.81557	0.49148	0.259979	0.156045	0.0262495	0.0165633
4.80863	0.466495	0.262186	0.151991	0.0260577	0.0166025
4.63697	0.487387	0.252282	0.146279	0.0267029	0.0168553
4.90706	0.492166	0.240666	0.159181	0.0262222	0.0164259
4.99144	0.51733	0.245808	0.160766	0.026731	0.016708
5.02268	0.482067	0.242634	0.157962	0.0261869	0.0165911
5.03392	0.520212	0.223379	0.158092	0.0252818	0.0155944
4.88606	0.479644	0.269235	0.152477	0.0267175	0.0170838
5.02359	0.563238	0.228297	0.151583	0.0253656	0.0156223
4.93434	0.489198	0.248467	0.151372	0.0257654	0.0162349
5.02109	0.506289	0.236075	0.152449	0.0251773	0.015576
5.21857	0.487297	0.234076	0.162527	0.0255263	0.0160607
4.80524	0.51645	0.236303	0.149143	0.026108	0.0162828
4.90351	0.531854	0.23273	0.156674	0.02632	0.0163465
4.8557	0.486238	0.256682	0.153263	0.0262397	0.0166146
4.90958	0.533208	0.243799	0.152511	0.025983	0.0160878
4.95935	0.447624	0.266411	0.151167	0.0255928	0.0164399
4.57107	0.53594	0.224715	0.14405	0.0257905	0.0157969
4.88374	0.464726	0.284616	0.152921	0.0268094	0.0172074
4.86881	0.486543	0.251968	0.152539	0.0260484	0.0164595
5.01268	0.502745	0.250522	0.15478	0.0258801	0.0162537
4.92034	0.463698	0.268521	0.152189	0.0258935	0.0163706
4.88742	0.501772	0.24737	0.15778	0.0258632	0.0160946
4.92049	0.506463	0.248687	0.154421	0.0259668	0.0162725
4.68296	0.498879	0.249042	0.14678	0.0261507	0.0163394
5.1776	0.506119	0.252962	0.158801	0.0262216	0.0163536
5.15172	0.509036	0.243654	0.160919	0.0260327	0.0163269
4.87545	0.583503	0.21834	0.149306	0.0258011	0.0156224
4.76006	0.483102	0.24642	0.152948	0.0260677	0.0162453
4.97911	0.455496	0.264154	0.158005	0.02635	0.0168883
4.92043	0.491768	0.252317	0.154528	0.0262599	0.0165699
4.86059	0.513992	0.256957	0.152301	0.0260732	0.0163864
5.12543	0.518803	0.237641	0.160159	0.0255916	0.0158869
5.1081	0.503994	0.236505	0.161177	0.0257375	0.0160976
5.05266	0.511546	0.255691	0.15129	0.0257382	0.0162286
4.97433	0.522577	0.243021	0.154759	0.0257161	0.0160494
4.99818	0.486746	0.248276	0.157284	0.026228	0.0165712
4.70154	0.507112	0.250817	0.149812	0.0258469	0.0161073
4.66137	0.49881	0.247706	0.148565	0.0262364	0.0165207
4.86728	0.525114	0.241365	0.149819	0.0260826	0.016276
4.76788	0.518074	0.240798	0.15263	0.0261324	0.0161717
4.83576	0.462598	0.262562	0.152126	0.0257797	0.0164471
4.70275	0.49192	0.251548	0.14875	0.0262134	0.0163947
5.01398	0.532914	0.235124	0.160119	0.0264244	0.0163798
5.07453	0.507914	0.261379	0.157635	0.0264884	0.0166874
5.07476	0.528123	0.242225	0.160297	0.0262693	0.0163773
4.77868	0.526784	0.256157	0.147517	0.0263882	0.0164242
4.90267	0.471429	0.258525	0.155088	0.0259522	0.0164332
5.0334	0.471069	0.287214	0.158525	0.0267167	0.0172171
4.90442	0.530361	0.212405	0.15498	0.0253037	0.0154932
5.10868	0.515244	0.237211	0.15864	0.0253986	0.0158745
4.90399	0.520119	0.240548	0.157538	0.0260328	0.0162364
4.98144	0.501031	0.25717	0.153194	0.0265778	0.0167917
4.81	0.493455	0.25502	0.156644	0.0269662	0.0168525
4.79148	0.506192	0.243473	0.152758	0.0261771	0.0164
4.78676	0.479089	0.259708	0.149244	0.0262099	0.0165346
4.69899	0.476163	0.270419	0.151365	0.0269927	0.0171959
4.91903	0.508837	0.25134	0.151116	0.0260295	0.0162835
5.01743	0.486622	0.247247	0.166344	0.0257885	0.0161802
4.85411	0.494969	0.249506	0.156223	0.0256249	0.0160523
4.93073	0.488549	0.244881	0.153831	0.0259423	0.0162545
4.88327	0.530544	0.226799	0.155802	0.0257797	0.0159013
4.89633	0.475177	0.247349	0.155946	0.0254725	0.0161116
4.68226	0.537498	0.22654	0.141809	0.0254395	0.0155602
4.96951	0.525678	0.231765	0.154486	0.0256136	0.0158885
4.64473	0.477524	0.268372	0.14415	0.0258274	0.016307
5.04947	0.516326	0.240875	0.149953	0.0258767	0.0161785
4.79587	0.525493	0.254143	0.152758	0.0266689	0.0166561
4.95759	0.482254	0.262233	0.155497	0.0264497	0.0167111
5.18332	0.480565	0.249445	0.163041	0.0257209	0.0161966
5.05869	0.454936	0.273207	0.159864	0.0266399	0.0171346
5.01576	0.546714	0.231425	0.156816	0.0257201	0.0158343
4.6996	0.511111	0.252266	0.142449	0.0256069	0.0159458
5.03207	0.513186	0.25873	0.156509	0.0261347	0.0164453
4.78502	0.500696	0.266813	0.150546	0.0266761	0.0168814
5.22624	0.477469	0.261032	0.166532	0.0264654	0.0168358
5.00611	0.491492	0.248288	0.15456	0.0262608	0.0164603
4.77621	0.516631	0.2476	0.151139	0.0262018	0.0162738
4.93044	0.501187	0.254584	0.154559	0.0261896	0.0163836
4.85716	0.459862	0.277616	0.151373	0.0263534	0.0168036
5.0406	0.510143	0.261105	0.155529	0.0264676	0.0166837
5.03389	0.489427	0.25476	0.161197	0.0266445	0.0168189
5.15366	0.491243	0.251265	0.161105	0.0264609	0.0166513
4.99068	0.451935	0.272632	0.160443	0.0262973	0.0167877
4.74051	0.486492	0.254376	0.152345	0.0261497	0.0163935
4.91978	0.510555	0.243483	0.157029	0.0264603	0.0164886
4.99167	0.516933	0.254817	0.155952	0.0267427	0.0168805
4.8558	0.499116	0.285029	0.146341	0.0266138	0.0169934
4.86583	0.505728	0.229956	0.152611	0.0259704	0.0161487
4.93886	0.494592	0.243603	0.157578	0.02625	0.0164701
4.91587	0.476949	0.253978	0.154695	0.0265616	0.0168399
5.07064	0.495885	0.215202	0.162609	0.025036	0.0155417
4.78159	0.522604	0.238281	0.146238	0.0257475	0.0159271
4.95838	0.513329	0.244346	0.15648	0.0261597	0.0163433
4.97523	0.485754	0.259889	0.152905	0.0256033	0.0162998
4.84286	0.499726	0.240248	0.151635	0.0255998	0.0158743
5.04425	0.479236	0.269391	0.159199	0.0265019	0.016921
5.21334	0.521852	0.229751	0.161087	0.0255989	0.0157413
4.79333	0.574717	0.231066	0.150545	0.0263602	0.0160854
5.07181	0.492004	0.255559	0.157638	0.0261564	0.0165025
4.8674	0.522383	0.244302	0.152065	0.0262842	0.0163756
4.88813	0.505697	0.262869	0.151053	0.0264131	0.016663
5.04261	0.502958	0.257249	0.15362	0.0261466	0.0165557
4.92607	0.509219	0.236229	0.156875	0.0261782	0.0162456
4.67449	0.499013	0.23426	0.154309	0.0261202	0.0162896
5.20023	0.508161	0.250896	0.166179	0.0265294	0.0166634
4.64509	0.484673	0.257666	0.150071	0.0261436	0.0164674
4.68675	0.478932	0.247383	0.146738	0.0259529	0.0162871
4.96879	0.482095	0.266111	0.159416	0.0267512	0.017042
4.86242	0.5003	0.248842	0.152039	0.0259875	0.0161647
5.02898	0.476559	0.25765	0.156028	0.0258804	0.0164154
4.92367	0.456135	0.269741	0.156838	0.0264829	0.0171016
5.04329	0.488564	0.280645	0.162259	0.0272946	0.0175116
5.00094	0.486683	0.225608	0.156829	0.0255639	0.01596
4.98262	0.495325	0.252543	0.154691	0.0262215	0.0164423
4.97682	0.522377	0.223295	0.160421	0.0261248	0.0160476
4.88002	0.512705	0.221994	0.151931	0.0257216	0.0159996
5.15406	0.5389	0.243495	0.164635	0.0267123	0.0165058
4.79774	0.530595	0.238016	0.154321	0.0265916	0.016397
4.85829	0.491504	0.274725	0.152292	0.0265796	0.0169291
4.673	0.472434	0.259149	0.15324	0.0265258	0.0168438
4.89951	0.522091	0.241337	0.150599	0.0257828	0.0160197
5.18416	0.520786	0.23529	0.159324	0.0256762	0.0159932
4.76944	0.513489	0.24281	0.156309	0.0263842	0.0165555
5.13377	0.529625	0.249113	0.159951	0.0261627	0.0162954
4.86435	0.506439	0.242536	0.151493	0.0261961	0.0163166
4.92667	0.522478	0.250565	0.147035	0.025928	0.0162633
4.92737	0.48386	0.249655	0.153125	0.0259181	0.0163202
4.75814	0.49383	0.243254	0.153273	0.0258674	0.0161716
5.06763	0.508262	0.233224	0.165083	0.0257481	0.0160553
5.12822	0.484598	0.25756	0.169677	0.026422	0.0166377
5.06647	0.521403	0.237486	0.161785	0.0264903	0.0165301
4.84343	0.501582	0.261687	0.151442	0.0263422	0.016628
4.96052	0.502452	0.257141	0.152307	0.0266258	0.0167926
4.83488	0.508542	0.258131	0.154568	0.0271595	0.0171655
4.86527	0.497789	0.248068	0.156465	0.0262561	0.0164293
4.90954	0.476949	0.282735	0.151673	0.0264638	0.0168869
5.06873	0.533398	0.226792	0.162742	0.025997	0.0160534
4.68353	0.506182	0.264279	0.145791	0.0261846	0.0165137
4.72456	0.500558	0.242025	0.148252	0.0259118	0.0161457
4.89547	0.487328	0.270021	0.156387	0.0262552	0.0165678
5.19435	0.508101	0.242362	0.165449	0.0261359	0.0164197
4.86588	0.521256	0.247145	0.155411	0.0262011	0.0162451
4.82717	0.493219	0.25722	0.148585	0.0258507	0.0162955
4.67985	0.51744	0.26046	0.152058	0.0272282	0.0171166
5.03689	0.455953	0.255072	0.160568	0.0263439	0.0167886
4.77388	0.508779	0.233244	0.151124	0.0254089	0.0157669
4.90854	0.511901	0.258841	0.152267	0.0255617	0.0160525
4.97563	0.475249	0.252396	0.162533	0.0263487	0.0167299
5.08748	0.482505	0.265121	0.160564	0.0264432	0.0167595
4.93282	0.503439	0.266579	0.152817	0.026684	0.0167865
5.17051	0.551402	0.220897	0.160041	0.0258019	0.0158893
5.22933	0.535698	0.222358	0.167685	0.0258448	0.0157858
5.11939	0.509091	0.230499	0.157455	0.0248424	0.0154508
4.82642	0.50236	0.24931	0.152863	0.0262591	0.0165232
4.91299	0.503028	0.26152	0.150103	0.026555	0.0167849
4.80259	0.48302	0.255497	0.152299	0.0261709	0.0165482
4.79915	0.476925	0.259548	0.152851	0.0263258	0.0168566
5.01447	0.499689	0.250554	0.158274	0.0260914	0.0162686
4.84541	0.486915	0.262715	0.152899	0.0261362	0.0165159
4.7857	0.46289	0.267337	0.152641	0.0262251	0.0166346
4.83125	0.432156	0.29882	0.15129	0.0263745	0.0170015
4.82449	0.529894	0.234456	0.148574	0.0259779	0.0161018
4.70517	0.474131	0.275568	0.145389	0.0266605	0.0170192
5.03905	0.519451	0.242478	0.157002	0.0259526	0.0162254
5.18774	0.55194	0.219672	0.161736	0.0256734	0.0156394
4.84223	0.47905	0.256466	0.153622	0.0263563	0.0166064
5.04474	0.49161	0.252127	0.160394	0.0260251	0.0164036
4.76616	0.502961	0.22881	0.150927	0.0258754	0.0160102
4.62134	0.461836	0.272395	0.151805	0.026663	0.017023
5.01239	0.517222	0.240706	0.161733	0.0266286	0.016537
5.17341	0.478228	0.242367	0.169381	0.0262431	0.0164472
5.18782	0.497667	0.25521	0.163347	0.0260155	0.0162692
4.71722	0.492867	0.251859	0.146375	0.0260324	0.0163308
5.14394	0.550098	0.23628	0.16055	0.0260221	0.0159735
5.06839	0.500876	0.249667	0.16108	0.026191	0.0164567
4.75417	0.47394	0.26396	0.154289	0.0265151	0.0168702
5.02981	0.478944	0.261733	0.155492	0.0264043	0.0168
4.94671	0.464744	0.251178	0.161217	0.0259563	0.0163836
5.00985	0.51599	0.238441	0.161158	0.0260179	0.016125
4.97471	0.529002	0.230817	0.156203	0.0262299	0.0161827
4.92192	0.488645	0.275553	0.155736	0.0268938	0.0171288
5.13206	0.475295	0.264286	0.158607	0.0264341	0.0167794
4.78649	0.513138	0.242977	0.148096	0.0263838	0.016392
5.04274	0.521267	0.251882	0.156546	0.0262146	0.0163353
4.84934	0.507738	0.249469	0.15466	0.0260968	0.0162367
4.86032	0.543791	0.225551	0.156103	0.026033	0.0159417
4.81355	0.546669	0.248928	0.148891	0.0265254	0.0164437
4.9741	0.50904	0.24936	0.153847	0.0261052	0.0162731
5.09597	0.506099	0.254689	0.157119	0.0258799	0.0162254
4.87902	0.533285	0.246564	0.156147	0.0266435	0.0166499
5.18623	0.497031	0.249802	0.16249	0.0259037	0.0162313
4.65918	0.497875	0.2454	0.147573	0.0259918	0.0162614
4.84132	0.540229	0.228381	0.15419	0.0261685	0.0161766
5.17516	0.490134	0.268651	0.16066	0.0261445	0.0165887
4.64014	0.503833	0.244944	0.14603	0.0258113	0.0161292
4.85173	0.510485	0.238917	0.155031	0.0263134	0.0165277
4.77499	0.505719	0.220414	0.151609	0.0251583	0.015503
4.97103	0.480117	0.259856	0.156578	0.0258815	0.016336
5.12778	0.505295	0.243619	0.158358	0.0256854	0.0161149
4.87457	0.502388	0.244379	0.156142	0.0260827	0.0163418
5.00749	0.527001	0.239205	0.155359	0.0257114	0.0159151
4.95454	0.521558	0.22726	0.154267	0.0259179	0.0160336
4.80795	0.524197	0.231984	0.15286	0.0257663	0.0159026
4.96966	0.514088	0.24721	0.155655	0.026493	0.0165964
4.83513	0.507308	0.256539	0.152526	0.0263509	0.0166763
4.84018	0.523552	0.241623	0.149334	0.026397	0.0162868
4.63059	0.5352	0.236219	0.151008	0.0265354	0.0163728
4.87336	0.507044	0.250296	0.151089	0.026321	0.0164619
4.96586	0.509606	0.232719	0.156697	0.0257158	0.0159492
4.5671	0.481799	0.257501	0.142113	0.02638	0.0166808
4.85808	0.530891	0.244828	0.153238	0.0258838	0.0161392
4.8941	0.493369	0.240172	0.156516	0.0256416	0.0160485
5.07241	0.478843	0.274231	0.156257	0.0262876	0.0166778
4.90581	0.484983	0.25861	0.160059	0.0263635	0.0165687
5.07325	0.500727	0.228221	0.159391	0.0258824	0.0161044
4.73529	0.515198	0.233118	0.153588	0.0262312	0.0162662
5.00364	0.519475	0.228008	0.155247	0.0255894	0.015737
5.03981	0.501255	0.25561	0.158377	0.0262579	0.0165394
4.98938	0.476856	0.278088	0.155825	0.0263663	0.0167514
5.09331	0.467398	0.259917	0.159276	0.0259367	0.0165567
4.8457	0.530259	0.236068	0.152054	0.0263659	0.0163039
4.91719	0.485324	0.254297	0.155084	0.0264452	0.0165721
5.01865	0.523931	0.229306	0.160942	0.0264444	0.0164381
5.16814	0.519185	0.244591	0.163218	0.0265807	0.0165221
4.99732	0.53495	0.215596	0.154843	0.0252795	0.0154177
5.04628	0.53592	0.237456	0.157198	0.0265291	0.0164992
4.84282	0.513054	0.240539	0.151479	0.0260655	0.0161617
5.02802	0.463568	0.278083	0.159375	0.0267185	0.0171306
5.16978	0.484324	0.267835	0.159429	0.0263602	0.0167611
4.44586	0.478294	0.253453	0.140279	0.0262207	0.0165661
4.98426	0.477529	0.260765	0.15584	0.02612	0.0166656
4.80964	0.525187	0.218578	0.15228	0.0255505	0.0156675
4.75874	0.439828	0.277875	0.152256	0.0266143	0.0171062
5.06347	0.479072	0.27253	0.15612	0.0259956	0.0166272
4.87237	0.44323	0.288216	0.15627	0.0269689	0.0174039
4.73853	0.498537	0.267473	0.152301	0.0266654	0.0168779
4.76669	0.498746	0.244373	0.148807	0.0261449	0.0163994
5.20375	0.53057	0.240895	0.159898	0.025907	0.0162042
4.88972	0.503275	0.260555	0.151981	0.026433	0.016658
5.22004	0.488944	0.241437	0.168682	0.0262752	0.0166484
5.14941	0.473737	0.262117	0.16068	0.0260892	0.0164638
4.88793	0.509436	0.253354	0.152437	0.0256356	0.0160682
4.63742	0.517871	0.246771	0.144096	0.0258332	0.0158904
5.04454	0.507203	0.255717	0.163166	0.0267804	0.0168783
4.97531	0.481537	0.278585	0.152158	0.0265351	0.0169177
4.8379	0.516735	0.247471	0.150252	0.0260737	0.0162864
4.92581	0.505187	0.227019	0.155918	0.025624	0.0159834
4.72294	0.49245	0.23837	0.153785	0.0262752	0.0163907
4.6909	0.484626	0.269379	0.151179	0.0268217	0.0170216
5.03434	0.525733	0.232035	0.15915	0.0259397	0.0160701
5.33845	0.51482	0.250543	0.168894	0.0263222	0.0164336
4.61824	0.441511	0.283941	0.143863	0.0265092	0.0170471
5.02186	0.566093	0.230109	0.154442	0.025925	0.015838
4.95159	0.456108	0.271122	0.154728	0.0259926	0.0166863
4.97123	0.517178	0.248362	0.151452	0.0257969	0.0161162
5.03945	0.492579	0.258944	0.154842	0.0259367	0.0164152
5.00196	0.510313	0.236314	0.154787	0.0256957	0.016066
5.25047	0.494356	0.248045	0.16466	0.02567	0.0161062
5.16665	0.53756	0.215556	0.161918	0.0252507	0.0154529
4.92293	0.494701	0.230441	0.155473	0.0260216	0.0161803
5.00112	0.479081	0.260751	0.158123	0.0263393	0.0167218
5.08594	0.517528	0.243851	0.157134	0.0263265	0.0165405
5.10503	0.491187	0.277951	0.156563	0.0268111	0.0171147
4.86541	0.546176	0.241507	0.152242	0.0263384	0.0162475
4.98279	0.492615	0.240049	0.160549	0.0263534	0.0163876
4.99073	0.439121	0.276853	0.15704	0.0265354	0.0172193
5.05279	0.486616	0.246208	0.161681	0.0264305	0.0165622
4.96825	0.496279	0.24429	0.15854	0.0260835	0.0163588
4.94638	0.529384	0.23688	0.154537	0.0256983	0.0159132
5.0386	0.523215	0.228564	0.159431	0.0254213	0.0158228
4.87718	0.501296	0.225111	0.156498	0.0255765	0.0157892
4.8526	0.515009	0.235048	0.150399	0.0257154	0.0158741
4.80325	0.502799	0.258244	0.149369	0.0260553	0.0163472
4.92055	0.532166	0.227745	0.156344	0.0260129	0.016024
5.00402	0.473626	0.277307	0.152994	0.0266187	0.0171106
5.37014	0.48949	0.247205	0.165348	0.0258363	0.0163185
5.16289	0.511456	0.259342	0.159347	0.0263555	0.0166174
4.82243	0.478579	0.258066	0.153516	0.026094	0.0165419
4.75416	0.487219	0.253848	0.149628	0.0262434	0.0166464
5.20712	0.509167	0.249242	0.161611	0.0259475	0.0162308
5.09803	0.496236	0.251416	0.161201	0.0258472	0.0162054
4.72549	0.525961	0.230623	0.147437	0.0256901	0.0158157
5.16264	0.53047	0.244126	0.164537	0.0259673	0.0161594
5.11378	0.474604	0.270904	0.155506	0.0262098	0.0167222
5.22288	0.467725	0.266464	0.171915	0.026943	0.0172748
5.19752	0.441997	0.27264	0.163732	0.0259435	0.0167697
5.14229	0.494	0.261521	0.163667	0.0265737	0.0167007
4.86868	0.489923	0.243274	0.154252	0.0255779	0.0159386
4.73111	0.439085	0.312162	0.142873	0.0271507	0.0177672
5.0662	0.504751	0.267413	0.158017	0.0268891	0.0169872
4.92738	0.508991	0.261594	0.151512	0.026626	0.0168403
5.17809	0.506953	0.23575	0.165007	0.0256587	0.0160127
5.01011	0.480319	0.258243	0.15607	0.0260561	0.0165303
4.44572	0.561189	0.224647	0.140469	0.0263258	0.0160933
4.85898	0.491652	0.236507	0.146847	0.0252795	0.0157919
4.99778	0.478059	0.268005	0.153947	0.0258997	0.0164814
4.98657	0.485976	0.235353	0.16689	0.0261568	0.0163485
5.05212	0.5165	0.237497	0.163294	0.02587	0.0160377
4.90863	0.495977	0.279905	0.154101	0.0268822	0.0170482
5.06828	0.463983	0.268107	0.164973	0.0267609	0.0171659
5.06052	0.466636	0.264566	0.154666	0.025722	0.0164176
4.77305	0.459941	0.267201	0.152318	0.0264326	0.016887
5.33128	0.511692	0.243313	0.164175	0.0264278	0.0165634
4.89623	0.483765	0.247535	0.155504	0.026073	0.0162801
4.87362	0.51941	0.242074	0.155712	0.0265361	0.0165317
5.18712	0.501489	0.253909	0.160888	0.0259605	0.0163785
4.93406	0.496484	0.259858	0.157348	0.0264664	0.0166068
5.00206	0.479097	0.237646	0.160657	0.0249955	0.0156624
5.09653	0.483411	0.262057	0.159418	0.0263946	0.0166444
5.06304	0.519331	0.227424	0.163925	0.0257445	0.0159476
4.9158	0.49565	0.251144	0.158283	0.0261887	0.016404
5.17756	0.491235	0.250614	0.160177	0.0255792	0.0160601
5.01192	0.438423	0.286195	0.159625	0.0263542	0.016958
4.86051	0.487109	0.263397	0.145749	0.0258146	0.0163628
5.11287	0.529872	0.215423	0.157236	0.0253632	0.0155848
5.00102	0.521167	0.243639	0.15819	0.026556	0.0164522
4.90498	0.479741	0.264731	0.149694	0.0262075	0.0167086
5.08938	0.536176	0.252043	0.159557	0.0264849	0.016473
5.03622	0.47353	0.254775	0.159478	0.0259808	0.0163701
5.06005	0.461307	0.247288	0.164431	0.0261606	0.0166162
5.18498	0.49793	0.267489	0.159854	0.0263775	0.0167423
4.9952	0.529736	0.230758	0.151513	0.0257177	0.0158474
4.87185	0.461539	0.265989	0.152779	0.0265746	0.0169773
5.06436	0.509363	0.239401	0.159152	0.0261625	0.0162558
5.06554	0.50474	0.247166	0.159826	0.026338	0.0165744
4.87205	0.505	0.237372	0.155473	0.0258717	0.0159639
4.8487	0.514227	0.249394	0.153959	0.0266291	0.0166108
4.78032	0.493313	0.272723	0.152697	0.0267317	0.0169514
4.96307	0.488299	0.284942	0.154472	0.0269848	0.0173377
5.01693	0.527803	0.233172	0.157767	0.0259421	0.01606
5.32667	0.495777	0.264502	0.167096	0.0267833	0.0169236
4.77905	0.526213	0.232106	0.151681	0.025905	0.0160931
4.66841	0.507893	0.252371	0.148775	0.0263617	0.0165
4.99345	0.441689	0.269061	0.161157	0.0262754	0.0167966
4.75935	0.538377	0.229956	0.152763	0.0257902	0.0160167
4.76844	0.518465	0.241308	0.14685	0.0262142	0.0162699
4.9872	0.554605	0.243235	0.155624	0.0263787	0.0163304
4.71249	0.467328	0.268274	0.14832	0.0263972	0.0167676
4.92592	0.464127	0.264041	0.154612	0.0259685	0.0165322
4.8015	0.488879	0.262742	0.147515	0.0260506	0.0165338
4.88105	0.536502	0.234473	0.15886	0.0264914	0.0163046
4.85265	0.514302	0.238966	0.153591	0.0262566	0.0163852
4.9265	0.486762	0.252276	0.156577	0.0259455	0.0163034
4.9046	0.507275	0.255039	0.151224	0.0265146	0.016583
4.87629	0.518727	0.238675	0.1528	0.0259335	0.0161135
5.13001	0.499755	0.253544	0.158602	0.0262355	0.016631
4.97702	0.504696	0.24534	0.159318	0.0265538	0.0166351
5.1925	0.504047	0.225926	0.162558	0.0256805	0.0158505
4.85992	0.528639	0.229207	0.156376	0.0259973	0.0160179
5.02885	0.514035	0.224738	0.157791	0.025744	0.0158721
5.23084	0.497578	0.265681	0.160029	0.0264891	0.016737
4.99407	0.5118	0.23789	0.156275	0.0258472	0.0161865
4.79894	0.486318	0.258127	0.153127	0.026263	0.0165986
4.86941	0.543612	0.233272	0.154448	0.0260472	0.0160175
4.98899	0.553428	0.198568	0.162123	0.0259524	0.0155244
4.86371	0.490136	0.255467	0.151268	0.0260129	0.0163866
5.00325	0.516837	0.237112	0.152962	0.0257587	0.0160359
5.1597	0.507894	0.240502	0.164708	0.0259059	0.0161281
5.04644	0.491686	0.256344	0.158377	0.026254	0.016504
5.08959	0.500909	0.232747	0.156956	0.0252429	0.0156712
5.05377	0.481477	0.241028	0.158876	0.0259117	0.0162446
