0.310225
0.251283
0.226724
0.176626
0.30878
0.273138
0.227719
0.218005
0.239289
0.220638
0.198945
0.162202
0.239953
0.252728
0.179819
0.252488
0.240943
0.185583
0.285785
0.234138
0.2769
0.257447
0.208339
0.203526
0.198432
0.241738
0.201486
0.16265
0.142087
0.337556
0.26815
0.19145
0.231527
0.20443
0.208327
0.238324
0.237699
0.246625
0.194857
0.245441
0.235356
0.256894
0.213852
0.210783
0.154993
0.308656
0.225826
0.204618
0.25639
0.187598
0.23396
0.173579
0.280296
0.257575
0.233641
0.33224
0.184164
0.236325
0.264441
0.221633
0.204115
0.297879
0.280853
0.310749
0.247071
0.169379
0.249975
0.218616
0.224542
0.247235
0.194365
0.241138
0.180689
0.171928
0.275315
0.23758
0.305749
0.202816
0.233266
0.223046
0.224096
0.179592
0.194144
0.230029
0.208055
0.214168
0.25057
0.20651
0.258256
0.160934
0.20104
0.207711
0.233597
0.249746
0.25422
0.237884
0.321733
0.287569
0.23071
0.180709
0.228143
0.282886
0.311696
0.249944
0.325827
0.275352
0.249833
0.296634
0.260571
0.289517
0.205899
0.231563
0.257211
0.179707
0.225028
0.195564
0.193302
0.209241
0.285321
0.163991
0.188083
0.204923
0.221366
0.222811
0.22701
0.216939
0.352023
0.197908
0.275681
0.221344
0.30789
0.227003
0.172197
0.215132
0.212063
0.191206
0.204352
0.193457
0.265263
0.23456
0.23283
0.230373
0.20791
0.152739
0.218486
0.174176
0.268764
0.291601
0.211115
0.284225
0.286081
0.248123
0.291334
0.262377
