2000 2.58 2.95 2000 30 42
81
1 1 86 As 1000 2.60606060606061 33 0.007807 0.523395  0 360 0
1 1 87 As 1000 2.63636363636364 33 0.007807 0.523395  0 360 0
1 1 88 As 1000 2.66666666666667 33 0.007807 0.523395  0 360 0
1 1 89 As 1000 2.6969696969697 33 0.007807 0.523395  0 360 0
1 1 90 As 1000 2.72727272727273 33 0.007807 0.523395  0 360 0
1 1 91 As 1000 2.75757575757576 33 0.007807 0.523395  0 360 0
1 1 92 As 1000 2.78787878787879 33 0.007807 0.523395  0 360 0
1 1 93 As 1000 2.81818181818182 33 0.007807 0.523395  0 360 0
1 1 94 As 1000 2.84848484848485 33 0.007807 0.523395  0 360 0
1 1 95 As 1000 2.87878787878788 33 0.007807 0.523395  0 360 0
1 1 88 Se 1000 2.58823529411765 34 0.007807 0.523395  0 360 0
1 1 89 Se 1000 2.61764705882353 34 0.007807 0.523395  0 360 0
1 1 90 Se 1000 2.64705882352941 34 0.007807 0.523395  0 360 0
1 1 91 Se 1000 2.67647058823529 34 0.007807 0.523395  0 360 0
1 1 92 Se 1000 2.70588235294118 34 0.007807 0.523395  0 360 0
1 1 93 Se 1000 2.73529411764706 34 0.007807 0.523395  0 360 0
1 1 94 Se 1000 2.76470588235294 34 0.007807 0.523395  0 360 0
1 1 95 Se 1000 2.79411764705882 34 0.007807 0.523395  0 360 0
1 1 96 Se 1000 2.82352941176471 34 0.007807 0.523395  0 360 0
1 1 97 Se 1000 2.85294117647059 34 0.007807 0.523395  0 360 0
1 1 98 Se 1000 2.88235294117647 34 0.007807 0.523395  0 360 0
1 1 92 Br 1000 2.62857142857143 35 0.007807 0.523395  0 360 0
1 1 93 Br 1000 2.65714285714286 35 0.007807 0.523395  0 360 0
1 1 94 Br 1000 2.68571428571429 35 0.007807 0.523395  0 360 0
1 1 95 Br 1000 2.71428571428571 35 0.007807 0.523395  0 360 0
1 1 96 Br 1000 2.74285714285714 35 0.007807 0.523395  0 360 0
1 1 97 Br 1000 2.77142857142857 35 0.007807 0.523395  0 360 0
1 1 98 Br 1000 2.8 35 0.007807 0.523395  0 360 0
1 1 99 Br 1000 2.82857142857143 35 0.007807 0.523395  0 360 0
1 1 100 Br 1000 2.85714285714286 35 0.007807 0.523395  0 360 0
1 1 101 Br 1000 2.88571428571429 35 0.007807 0.523395  0 360 0
1 1 95 Kr 1000 2.63888888888889 36 0.007807 0.523395  0 360 0
1 1 96 Kr 1000 2.66666666666667 36 0.007807 0.523395  0 360 0
1 1 97 Kr 1000 2.69444444444444 36 0.007807 0.523395  0 360 0
1 1 98 Kr 1000 2.72222222222222 36 0.007807 0.523395  0 360 0
1 1 99 Kr 1000 2.75 36 0.007807 0.523395  0 360 0
1 1 100 Kr 1000 2.77777777777778 36 0.007807 0.523395  0 360 0
1 1 101 Kr 1000 2.80555555555556 36 0.007807 0.523395  0 360 0
1 1 102 Kr 1000 2.83333333333333 36 0.007807 0.523395  0 360 0
1 1 103 Kr 1000 2.86111111111111 36 0.007807 0.523395  0 360 0
1 1 104 Kr 1000 2.88888888888889 36 0.007807 0.523395  0 360 0
1 1 97 Rb 1000 2.62162162162162 37 0.007807 0.523395  0 360 0
1 1 98 Rb 1000 2.64864864864865 37 0.007807 0.523395  0 360 0
1 1 99 Rb 1000 2.67567567567568 37 0.007807 0.523395  0 360 0
1 1 100 Rb 1000 2.7027027027027 37 0.007807 0.523395  0 360 0
1 1 101 Rb 1000 2.72972972972973 37 0.007807 0.523395  0 360 0
1 1 102 Rb 1000 2.75675675675676 37 0.007807 0.523395  0 360 0
1 1 103 Rb 1000 2.78378378378378 37 0.007807 0.523395  0 360 0
1 1 104 Rb 1000 2.81081081081081 37 0.007807 0.523395  0 360 0
1 1 105 Rb 1000 2.83783783783784 37 0.007807 0.523395  0 360 0
1 1 106 Rb 1000 2.86486486486486 37 0.007807 0.523395  0 360 0
1 1 101 Sr 1000 2.65789473684211 38 0.007807 0.523395  0 360 0
1 1 102 Sr 1000 2.68421052631579 38 0.007807 0.523395  0 360 0
1 1 103 Sr 1000 2.71052631578947 38 0.007807 0.523395  0 360 0
1 1 104 Sr 1000 2.73684210526316 38 0.007807 0.523395  0 360 0
1 1 105 Sr 1000 2.76315789473684 38 0.007807 0.523395  0 360 0
1 1 106 Sr 1000 2.78947368421053 38 0.007807 0.523395  0 360 0
1 1 107 Sr 1000 2.81578947368421 38 0.007807 0.523395  0 360 0
1 1 108 Sr 1000 2.84210526315789 38 0.007807 0.523395  0 360 0
1 1 109 Sr 1000 2.86842105263158 38 0.007807 0.523395  0 360 0
1 1 104 Y 1000 2.66666666666667 39 0.007807 0.523395  0 360 0
1 1 105 Y 1000 2.69230769230769 39 0.007807 0.523395  0 360 0
1 1 106 Y 1000 2.71794871794872 39 0.007807 0.523395  0 360 0
1 1 107 Y 1000 2.74358974358974 39 0.007807 0.523395  0 360 0
1 1 108 Y 1000 2.76923076923077 39 0.007807 0.523395  0 360 0
1 1 109 Y 1000 2.79487179487179 39 0.007807 0.523395  0 360 0
1 1 110 Y 1000 2.82051282051282 39 0.007807 0.523395  0 360 0
1 1 111 Y 1000 2.84615384615385 39 0.007807 0.523395  0 360 0
1 1 85 Ge 1000 2.65625 32 0.007807 0.523395  0 360 0
1 1 86 Ge 1000 2.6875 32 0.007807 0.523395  0 360 0
1 1 87 Ge 1000 2.71875 32 0.007807 0.523395  0 360 0
1 1 88 Ge 1000 2.75 32 0.007807 0.523395  0 360 0
1 1 89 Ge 1000 2.78125 32 0.007807 0.523395  0 360 0
1 1 90 Ge 1000 2.8125 32 0.007807 0.523395  0 360 0
1 1 91 Ge 1000 2.84375 32 0.007807 0.523395  0 360 0
1 1 92 Ge 1000 2.875 32 0.007807 0.523395  0 360 0
1 1 107 Zr 1000 2.675 40 0.007807 0.523395  0 360 0
1 1 108 Zr 1000 2.7 40 0.007807 0.523395  0 360 0
1 1 109 Zr 1000 2.725 40 0.007807 0.523395  0 360 0
1 1 110 Zr 1000 2.75 40 0.007807 0.523395  0 360 0
1 1 111 Zr 1000 2.775 40 0.007807 0.523395  0 360 0
