4.09789	0.114082	0.152729	1.58568	0.189402	0.139581
4.87875	0.476909	0.213899	1.57388	0.184142	0.104704
1.93281	0.423879	0.276137	0.493424	0.189605	0.125976
4.95523	0.970251	2.92622e-07	1.44125	0.694258	0.0544509
3.86797	0.4696	0.106673	1.19656	0.151888	0.0873755
2.81494	0.512674	0.143179	0.866162	0.167704	0.0974903
4.02974	0.658788	0.0817003	1.16696	0.191567	0.0885036
7.87958	0.394754	0.205834	2.89744	0.183681	0.125185
3.82352	0.568681	0.0842266	0.792715	0.152025	0.0785517
2.03379	0.623503	0.323999	0.573742	0.256407	0.164906
6.19814	0.378241	0.1892	1.64664	0.178797	0.107301
2.11258	0.107206	0.224559	0.590736	0.144919	0.104558
2.12295	0.860355	0.107603	0.534578	0.17937	0.0913422
5.31194	0.813943	0.126031	2.09105	0.223683	0.119551
0.51769	5.4585e-07	0.794306	0.101086	0.156832	0.0748094
5.54512	0.163225	0.167985	1.76661	0.166312	0.121152
2.45401	0.329834	0.3018	0.85561	0.208094	0.143505
2.55094	0.352565	0.160594	0.850095	0.162937	0.0955027
1.35636	0.290406	0.520873	0.416021	0.243655	0.160453
4.932	0.525729	3.69083e-06	1.23798	0.166679	0.0599385
2.23087	0.182896	0.301905	0.618462	0.172776	0.126731
5.0925	0.69529	0.144886	1.2329	0.204041	0.115783
3.47721	0.563372	0.0758637	0.963971	0.177305	0.0818002
2.8573	0.120167	0.358364	1.00391	0.19686	0.146946
7.59236	0.938952	0.0621513	2.02359	0.168976	0.087329
9.73783	0.322915	0.0797327	2.85506	0.169081	0.0950344
3.41923	0.458212	0.248479	0.875928	0.215371	0.139585
2.10723	0.449398	0.236987	0.749091	0.24526	0.14322
2.7558	0.238544	0.472712	0.905755	0.260988	0.178339
3.12971	0.66639	2.60158e-06	1.39598	0.182151	0.0613621
2.42804	0.206178	0.26371	0.675055	0.201351	0.152456
7.07043	0.609565	0.0969106	1.84015	0.167112	0.0901083
3.81766	0.715152	0.142249	0.897669	0.20634	0.110542
4.56592	0.435405	0.0722919	1.52877	0.164025	0.0749572
3.27436	0.0581784	0.272563	1.13102	0.185159	0.158441
3.43013	0.396917	0.160298	1.13483	0.182626	0.120281
2.63373	0.38387	0.337089	0.794944	0.194649	0.127762
5.37555	0.285342	0.43132	1.46334	0.216741	0.145748
5.87106	0.078741	0.49253	2.51688	0.199886	0.165361
3.69678	0.535213	0.114517	1.09505	0.240695	0.129783
4.33861	0.296623	0.0944597	1.10077	0.144889	0.0749007
3.24878	0.320451	0.212454	1.06179	0.202993	0.126984
3.15195	0.645659	0.0636681	0.974338	0.237952	0.104669
3.82184	0.0492325	0.450595	1.03565	0.196748	0.154848
2.95229	0.312438	0.325589	1.00996	0.179759	0.123938
4.9915	0.273096	0.333395	1.1293	0.207195	0.139854
5.86954	0.407907	0.124027	1.98385	0.166596	0.088425
5.96858	0.404219	0.375868	1.68566	0.236902	0.156858
2.04568	0.34664	0.194186	0.513367	0.176612	0.112448
5.38874	0.442716	0.0725498	1.38225	0.192272	0.101763
1.40539	0.637617	0.198315	0.308064	0.191505	0.115533
1.4755	0.344705	0.131112	0.722596	0.159719	0.101333
7.46044	0.617549	0.11692	2.44028	0.204961	0.0986924
4.95807	0.50373	0.318338	1.36096	0.275057	0.189688
3.47264	0.251031	0.0888241	0.910872	0.151042	0.0956516
3.68661	0.352503	0.119287	1.16529	0.168619	0.090399
0.808637	0.337807	0.152856	0.15445	0.163124	0.0947772
3.05166	0.690659	0.124692	0.811592	0.17027	0.0829605
4.00393	0.509652	0.151724	1.04985	0.186312	0.109962
2.80929	0.474198	0.182688	1.21093	0.167977	0.0986666
5.08425	0.373959	0.258667	1.32895	0.219875	0.150956
4.67	0.351714	0.319754	1.13266	0.188292	0.119724
3.59138	0.313594	0.287181	1.18056	0.199583	0.131665
2.6866	0.835753	1.47141e-06	0.749092	0.13814	0.719582
3.90212	0.307588	0.278257	1.15068	0.210719	0.141422
4.07814	0.400185	0.163772	0.956267	0.207651	0.124906
8.778	0.340013	0.282627	3.16885	0.227773	0.152454
1.98207	0.000159238	0.685158	0.430186	0.996721	0.0882318
2.51218	0.23967	0.295477	0.763521	0.177793	0.121594
5.4154	0.630934	0.0587726	1.57995	0.201733	0.109563
3.92946	0.30211	0.122062	1.24998	0.165284	0.0983223
5.26698	0.342947	0.25596	2.12356	0.196126	0.119725
5.24328	0.451853	0.152289	1.64618	0.187563	0.104118
1.3123	0.0380774	0.638815	0.334522	0.55553	0.154125
2.51402	0.786547	0.0471019	0.605599	0.155973	0.0715216
5.41653	0.165694	0.335224	1.26551	0.17008	0.124463
2.81675	0.177234	0.42109	0.621364	0.198644	0.144231
3.43982	0.826056	0.175677	1.07102	0.209677	0.121397
7.20173	0.524309	0.0835203	2.18678	0.189513	0.0878311
3.75049	0.732646	0.154937	0.981114	0.197527	0.111773
1.53713	0.697148	0.210901	0.764088	0.258648	0.144532
2.09888	0.671495	0.132445	0.675051	0.180248	0.0877749
3.02717	0.317097	0.254715	0.873486	0.2096	0.128752
4.87252	0.378696	0.143566	1.68353	0.179437	0.100263
4.17107	1.91392e-05	0.380786	1.56874	0.8023	0.0926753
10.4397	0.560724	0.080785	4.52604	0.15985	0.0769256
4.30644	0.0733664	0.472602	1.41869	0.213521	0.174878
2.62783	0.0955024	0.569968	0.644616	0.191387	0.142965
3.70265	0.570634	0.0304461	1.20398	0.183506	0.0753812
6.12856	0.695719	0.0688044	1.84488	0.190959	0.0942775
3.57082	0.148745	0.330251	1.88929	0.205425	0.147588
7.04536	0.723269	3.29974e-09	2.19734	0.14178	0.0406405
3.53153	0.432795	0.0608312	1.39433	0.16927	0.0738524
3.42627	0.404459	0.174643	0.877408	0.198805	0.114133
1.17813	0.620016	2.74737e-08	0.391151	0.154504	0.0416213
1.55482	1	5.16866e-07	0.499303	0.0935047	0.149131
5.60518	0.30735	0.321656	2.50972	0.225293	0.1484
4.27082	0.455566	0.158788	1.23602	0.179124	0.106513
3.59183	0.388705	0.381941	0.955886	0.220772	0.138916
3.65597	0.357564	0.227327	0.907572	0.218268	0.140223
