4.77802	0.487995	0.26192	0.140712	0.0248265	0.0172906
5.06878	0.506686	0.256875	0.148291	0.0260817	0.0179968
4.99823	0.517074	0.226659	0.144609	0.0241609	0.0163378
4.93283	0.507871	0.246071	0.141709	0.0252705	0.0173132
4.95985	0.499572	0.255932	0.143576	0.0246933	0.0170644
4.84075	0.479102	0.248738	0.137218	0.0240849	0.0166168
5.30669	0.504789	0.239709	0.152179	0.0247457	0.0169687
5.05777	0.486162	0.25715	0.145828	0.0251756	0.017446
5.05253	0.479565	0.264978	0.143775	0.0252284	0.0176335
4.92702	0.503452	0.255918	0.144848	0.025816	0.0177983
4.93827	0.51032	0.252072	0.143174	0.0251195	0.0172189
5.19645	0.466566	0.265886	0.153434	0.0255771	0.0179567
4.93755	0.512288	0.218194	0.14293	0.0239384	0.016024
4.70602	0.466132	0.266492	0.133198	0.0245267	0.0172147
4.99823	0.546089	0.231556	0.142347	0.0246644	0.0165841
5.13976	0.542036	0.247497	0.146273	0.0249818	0.0169998
4.91082	0.492235	0.251238	0.139471	0.0249062	0.0172146
4.96273	0.502478	0.239901	0.141162	0.0249044	0.0169785
4.9952	0.50581	0.250456	0.144156	0.0250503	0.0172422
4.86641	0.469159	0.250397	0.139822	0.0249964	0.017363
4.89601	0.480779	0.257846	0.140104	0.0251011	0.0174402
4.89814	0.487831	0.234981	0.138775	0.0242873	0.0165842
4.85371	0.493181	0.224305	0.142483	0.0244805	0.0165722
4.9707	0.524985	0.222844	0.139839	0.024064	0.0161485
4.99072	0.493184	0.226815	0.141638	0.0244372	0.0165904
4.91131	0.517487	0.25466	0.141348	0.0246547	0.0168856
4.88302	0.529413	0.244935	0.139562	0.0246523	0.0167824
4.94163	0.444929	0.277919	0.139453	0.0248868	0.0177107
5.02983	0.53593	0.247972	0.1477	0.0251495	0.0171413
4.96622	0.49091	0.254369	0.141726	0.0244637	0.0169626
4.83686	0.528059	0.239695	0.140666	0.0245123	0.0166719
4.97316	0.494975	0.266259	0.147111	0.02551	0.0177443
4.96202	0.510868	0.247009	0.145221	0.0252629	0.0173527
4.89282	0.523087	0.252159	0.142681	0.0255669	0.0174582
4.87332	0.510016	0.234797	0.136194	0.0245851	0.01673
4.84615	0.523873	0.242078	0.14181	0.02456	0.0166663
5.06273	0.487275	0.249113	0.146846	0.0251819	0.0173656
4.7206	0.505299	0.258091	0.134221	0.024656	0.0170643
4.84399	0.520021	0.249741	0.134705	0.0251631	0.0172598
5.01796	0.513215	0.249275	0.144502	0.0250278	0.017189
5.04542	0.500063	0.26766	0.146354	0.0254868	0.0177708
4.76432	0.526007	0.238557	0.135492	0.0242537	0.0164867
5.09782	0.54207	0.233373	0.146152	0.0248594	0.0168008
4.86251	0.514906	0.243875	0.137067	0.0244987	0.0167519
4.77776	0.503778	0.263385	0.135365	0.0254729	0.0176651
5.24839	0.519643	0.200151	0.154372	0.0238554	0.0156136
4.94232	0.49907	0.263904	0.142556	0.0254356	0.0177077
5.03051	0.513101	0.259703	0.14107	0.0254792	0.0175967
4.92553	0.481379	0.264688	0.138623	0.024425	0.0170578
4.89811	0.505064	0.261474	0.13559	0.0248342	0.0171822
5.0412	0.489615	0.25632	0.144329	0.0252562	0.0174784
4.94588	0.451895	0.300149	0.140226	0.0262965	0.0188541
4.94418	0.506316	0.252237	0.141445	0.0253659	0.0174786
4.74761	0.484617	0.28101	0.136899	0.0252588	0.017731
4.82938	0.501007	0.252898	0.145275	0.0254857	0.0175619
5.17557	0.549225	0.237732	0.149891	0.024973	0.0169046
4.79585	0.480627	0.253321	0.141055	0.0248684	0.0172282
5.0107	0.490618	0.270691	0.145857	0.0253373	0.0176712
5.06619	0.463994	0.254253	0.14418	0.0247186	0.0172322
4.91604	0.495584	0.273838	0.143013	0.0260104	0.0182093
4.78846	0.488537	0.25603	0.135876	0.0250731	0.0173884
4.90694	0.466521	0.254062	0.144234	0.0250494	0.0174466
4.83854	0.505348	0.275562	0.139238	0.0254938	0.0178198
4.82668	0.479614	0.258793	0.139155	0.0248671	0.0173199
5.01705	0.458684	0.277007	0.143355	0.0252309	0.0178033
5.00309	0.508284	0.25914	0.141574	0.0252502	0.0174761
4.70694	0.536055	0.240222	0.138584	0.0256757	0.0173566
4.77479	0.464371	0.271904	0.139291	0.0256746	0.0180715
4.74498	0.525233	0.227105	0.138483	0.0247807	0.016653
5.0314	0.523433	0.236827	0.140701	0.0241626	0.0163702
4.84949	0.453828	0.278486	0.141475	0.0251808	0.0178253
4.78765	0.498039	0.248549	0.138891	0.0251684	0.0173031
4.9437	0.514467	0.246341	0.141913	0.0252671	0.0172966
5.00512	0.522782	0.248809	0.145107	0.0251213	0.017163
4.91899	0.474618	0.256463	0.140764	0.0246159	0.0171184
4.79482	0.51709	0.264839	0.138379	0.0252809	0.0175303
4.91798	0.469253	0.260507	0.141615	0.025024	0.0174633
4.90571	0.535315	0.245046	0.142209	0.0253915	0.0172906
4.87872	0.450815	0.272045	0.144097	0.0248724	0.017539
5.04496	0.478833	0.268497	0.142939	0.0251628	0.0176148
4.92916	0.522538	0.248435	0.140286	0.0249043	0.0170645
5.28468	0.487142	0.261154	0.153301	0.0256317	0.0178286
4.9682	0.47812	0.251442	0.144009	0.0248769	0.0172612
5.06133	0.523063	0.240896	0.148088	0.0255018	0.0173777
5.01445	0.516361	0.213815	0.146125	0.0245276	0.0163713
5.06372	0.52147	0.265308	0.147843	0.0256111	0.0177592
4.87478	0.517694	0.235384	0.137476	0.0247268	0.0167711
4.95131	0.538346	0.220571	0.142682	0.0244087	0.016225
5.12476	0.502159	0.255896	0.14722	0.024923	0.0172016
4.89794	0.500674	0.256239	0.141711	0.0251779	0.0173684
4.9472	0.507434	0.241023	0.145382	0.0248745	0.0169569
4.861	0.485581	0.252788	0.139062	0.0250549	0.0173376
5.23131	0.556354	0.214061	0.154132	0.0244681	0.016121
4.93883	0.489168	0.258858	0.145058	0.0252997	0.0175424
4.96274	0.475757	0.254522	0.145319	0.0249808	0.0173575
4.70293	0.55332	0.237886	0.135873	0.0247697	0.0166881
4.87733	0.515895	0.250443	0.139846	0.0246152	0.0168965
5.18978	0.488601	0.264463	0.147615	0.0249652	0.0173597
4.96486	0.493206	0.250391	0.138975	0.0242245	0.0167112
4.95568	0.461464	0.281536	0.144001	0.0255607	0.0180489
4.96565	0.51516	0.230303	0.146297	0.0248857	0.0167881
4.6069	0.46005	0.278847	0.133164	0.0256916	0.0181206
4.74451	0.512101	0.247675	0.134753	0.0248264	0.0170542
4.95978	0.536734	0.2295	0.14623	0.0252812	0.0169603
5.05916	0.517648	0.229467	0.145966	0.0249893	0.0168916
4.80602	0.525868	0.238671	0.145331	0.0252825	0.0171483
4.77523	0.500361	0.252277	0.13729	0.0254729	0.0175528
4.73928	0.49739	0.269723	0.135595	0.0250495	0.0174291
5.05427	0.468973	0.292385	0.141833	0.0257524	0.0183249
4.95125	0.500778	0.247721	0.143113	0.0250299	0.0172351
4.9355	0.497974	0.262306	0.139834	0.0247961	0.0172226
5.03999	0.527822	0.239576	0.150826	0.0253346	0.0171904
4.94169	0.509741	0.237807	0.148175	0.0254643	0.0173454
4.97446	0.523146	0.240834	0.140528	0.0242851	0.0165033
4.98026	0.489007	0.249032	0.14251	0.024549	0.0169462
5.23421	0.450942	0.274563	0.152417	0.0257573	0.0181982
4.89049	0.552523	0.214394	0.141258	0.0246899	0.0163535
4.9045	0.522609	0.257313	0.144328	0.0252649	0.0173941
5.15647	0.515304	0.273285	0.146617	0.0257306	0.0179518
4.93014	0.528605	0.248228	0.143091	0.025154	0.0171682
5.00174	0.519133	0.231971	0.14338	0.0249772	0.0169526
5.21145	0.487006	0.245423	0.15145	0.0252167	0.017433
5.14271	0.479813	0.256366	0.145108	0.024777	0.0172491
4.8618	0.517159	0.23646	0.142521	0.0251356	0.0171254
4.92501	0.466562	0.281368	0.145731	0.0255168	0.018048
5.06537	0.466267	0.255569	0.141939	0.0241045	0.0167901
4.93478	0.459681	0.273563	0.145076	0.0255986	0.0180388
5.17155	0.518419	0.228957	0.149969	0.024732	0.0166288
5.14464	0.513792	0.248496	0.146798	0.0252758	0.0173411
4.80948	0.507939	0.247677	0.139487	0.0252116	0.0172991
5.03115	0.48332	0.262084	0.143976	0.0250587	0.0174395
4.92364	0.50056	0.216427	0.142069	0.0237021	0.015905
5.14827	0.529286	0.243866	0.150801	0.0249182	0.0170126
4.97452	0.499735	0.253839	0.145909	0.0250654	0.0172614
4.79632	0.476452	0.272847	0.136547	0.0245834	0.0172618
5.00607	0.443772	0.276104	0.145893	0.0255434	0.0180871
5.0254	0.552998	0.204496	0.148125	0.0249746	0.0163731
5.04803	0.483016	0.246824	0.146939	0.0251885	0.0173429
5.09671	0.499115	0.269121	0.142873	0.0249652	0.0173757
4.78165	0.511244	0.251755	0.138388	0.0250065	0.0171645
5.29378	0.508367	0.236374	0.159173	0.0251379	0.0170738
5.00998	0.517607	0.232009	0.142055	0.0244113	0.0165309
4.95966	0.454193	0.271668	0.147138	0.0254578	0.0179358
5.14621	0.539302	0.226628	0.148305	0.0249582	0.0167116
4.86232	0.506231	0.238377	0.143094	0.0252207	0.0171646
5.30468	0.480644	0.243434	0.151568	0.0244413	0.0168069
4.84721	0.51353	0.241432	0.141581	0.0249268	0.0170031
4.83499	0.475661	0.245103	0.13907	0.0242978	0.0167379
4.9499	0.458717	0.271506	0.142347	0.0252613	0.0177453
4.93222	0.517969	0.229771	0.138554	0.0245132	0.016556
4.95278	0.539672	0.232079	0.141162	0.0247807	0.0167277
4.97763	0.514535	0.231867	0.140237	0.0243034	0.0164793
5.01007	0.49524	0.262418	0.146498	0.0254835	0.0176855
4.92171	0.484729	0.258986	0.144136	0.0252089	0.0174576
4.88001	0.532046	0.249452	0.141833	0.0254381	0.0173447
5.20273	0.476965	0.260439	0.150661	0.0251751	0.0175626
4.91618	0.501014	0.25863	0.141387	0.025094	0.0173547
4.83326	0.476118	0.274387	0.139808	0.0255003	0.0178951
4.9796	0.481759	0.250991	0.146245	0.0250884	0.0173764
5.10211	0.488288	0.247592	0.14137	0.0243333	0.016804
5.0988	0.462099	0.283521	0.143302	0.0249645	0.0176267
4.89549	0.493349	0.253427	0.141951	0.0254681	0.0176582
4.63678	0.529231	0.227904	0.13086	0.0241641	0.0163059
5.15622	0.479042	0.271967	0.145977	0.0250292	0.0175419
4.93708	0.490551	0.260104	0.141251	0.0248024	0.0172128
4.69923	0.481123	0.264056	0.136011	0.0249637	0.0175071
5.04811	0.525841	0.259408	0.140139	0.025114	0.0172926
5.10774	0.523921	0.229136	0.146118	0.0242591	0.0163806
5.21692	0.544403	0.224274	0.15281	0.0251633	0.0168198
4.95008	0.50043	0.243707	0.145163	0.0253515	0.0174266
4.95597	0.479944	0.269643	0.140537	0.025331	0.0177547
4.93107	0.502102	0.251274	0.141883	0.0252941	0.0173971
4.74003	0.54264	0.245798	0.138204	0.0251789	0.0171139
4.83555	0.47668	0.25302	0.14013	0.0252187	0.0175129
5.09796	0.509382	0.262474	0.150452	0.025895	0.0179079
5.11747	0.51151	0.244962	0.144559	0.0249178	0.0170543
4.68715	0.463674	0.273529	0.134841	0.0250486	0.0176303
5.14994	0.563032	0.220022	0.155495	0.0258775	0.0171837
4.7567	0.460551	0.284199	0.136821	0.0251517	0.0178524
4.69407	0.505392	0.269395	0.131871	0.0251409	0.0174741
4.87994	0.479158	0.264159	0.139088	0.0244724	0.0170895
5.00693	0.460544	0.263539	0.140899	0.0247727	0.0173468
5.20356	0.533136	0.238668	0.155891	0.0252825	0.0170831
4.91339	0.51619	0.24041	0.14058	0.0247098	0.0168479
4.99031	0.492708	0.249051	0.144223	0.0250897	0.0172641
5.00347	0.558829	0.219003	0.141424	0.0246147	0.016346
5.03837	0.504701	0.243438	0.146754	0.0250483	0.0171944
4.81863	0.495223	0.237402	0.140185	0.0247042	0.0168419
4.75201	0.515905	0.258078	0.132405	0.0244819	0.0168689
5.05353	0.488458	0.277239	0.144759	0.0256134	0.017998
5.0836	0.507551	0.242519	0.148561	0.0252485	0.0172246
4.88052	0.524605	0.249926	0.136728	0.0252178	0.0172574
5.07002	0.490548	0.265072	0.145147	0.0251976	0.0175333
4.76858	0.545827	0.220966	0.140119	0.0250035	0.0167143
4.90104	0.481552	0.242251	0.1377	0.0241907	0.0165826
5.11442	0.549024	0.236726	0.146377	0.0247508	0.0166901
4.87274	0.49426	0.258405	0.139752	0.0256096	0.0177693
4.9393	0.524924	0.23826	0.147017	0.0251192	0.0170227
5.21274	0.472793	0.251901	0.150606	0.0244451	0.0170018
5.06132	0.514604	0.240903	0.14705	0.0247906	0.0169426
4.90653	0.522842	0.225914	0.144894	0.0247882	0.0166084
5.13751	0.499338	0.248644	0.149977	0.0249399	0.0171868
5.11058	0.498306	0.260684	0.146861	0.0254809	0.0176907
4.7486	0.485476	0.246635	0.133275	0.025029	0.0172048
5.05879	0.475273	0.263103	0.145249	0.0248446	0.0172708
5.20053	0.436511	0.297887	0.150267	0.0256422	0.0184016
4.55033	0.488956	0.257606	0.135658	0.0248589	0.0172372
5.17196	0.511004	0.240738	0.145231	0.0245679	0.0167641
5.02051	0.48982	0.248755	0.14995	0.025388	0.0175507
4.81413	0.492999	0.262415	0.140356	0.0246579	0.0170774
4.76476	0.515051	0.232209	0.137731	0.0252914	0.0171327
4.98178	0.493652	0.247806	0.142943	0.0250304	0.0172194
5.08324	0.534219	0.245687	0.143151	0.0249984	0.0169893
4.94498	0.547907	0.221277	0.140487	0.0243491	0.0162579
4.83316	0.472247	0.254779	0.137923	0.0243618	0.0169137
4.73229	0.491651	0.24032	0.135868	0.0248001	0.0169525
5.12271	0.55804	0.224368	0.149038	0.0249151	0.0166205
4.83326	0.534292	0.230429	0.142017	0.0248332	0.0167027
4.68862	0.483126	0.252856	0.136316	0.0249735	0.0173131
4.85587	0.513413	0.252628	0.138142	0.0249922	0.017168
4.76583	0.51636	0.243331	0.138861	0.0252683	0.0172207
4.99854	0.515584	0.243547	0.143217	0.0250869	0.0171961
5.05274	0.500516	0.240707	0.150202	0.0249864	0.0170565
4.98189	0.520115	0.241593	0.146184	0.0252639	0.0171843
5.11735	0.504824	0.228047	0.144417	0.0244053	0.0165336
5.26419	0.488193	0.274823	0.148338	0.0249969	0.0174769
5.06543	0.4858	0.265861	0.146518	0.0254666	0.0177602
5.22242	0.511296	0.267682	0.150009	0.025692	0.0178541
4.83241	0.512837	0.261037	0.137241	0.0254449	0.0175949
5.09516	0.489434	0.260875	0.148094	0.0254654	0.0176842
4.85576	0.46323	0.27203	0.141292	0.0251466	0.0176945
5.36366	0.502723	0.254784	0.15572	0.0248123	0.0171249
4.92366	0.459265	0.292212	0.140903	0.0251651	0.0179413
4.92166	0.513302	0.255294	0.137104	0.0245709	0.0168921
5.01371	0.503947	0.255162	0.140697	0.0248262	0.0171271
4.90463	0.517485	0.238479	0.139588	0.0245986	0.0167018
5.21605	0.510492	0.240987	0.151031	0.0249158	0.0169796
4.86283	0.501541	0.254748	0.140097	0.0253055	0.0175086
5.0461	0.458049	0.25223	0.145969	0.0248401	0.017315
4.86401	0.484214	0.261019	0.14054	0.0246741	0.0171512
4.82182	0.522207	0.254563	0.134943	0.0247432	0.0170277
4.80703	0.52305	0.222043	0.136192	0.024441	0.0164047
4.82716	0.506005	0.242216	0.14151	0.0250168	0.0171346
4.88215	0.471661	0.262956	0.141005	0.0251753	0.0176341
4.93478	0.470809	0.266477	0.142212	0.0248644	0.0174362
4.74905	0.525119	0.262502	0.136626	0.0251924	0.0173847
4.9868	0.516045	0.258334	0.142586	0.0251718	0.0174762
5.21611	0.51516	0.241913	0.154257	0.025118	0.0171096
5.14224	0.494868	0.255311	0.149819	0.0251142	0.0173424
5.07312	0.499941	0.271561	0.150825	0.025557	0.0178243
5.0561	0.536163	0.243273	0.147605	0.0253006	0.0171474
4.85136	0.508271	0.254237	0.138535	0.0246525	0.0169948
4.8959	0.545523	0.21116	0.139178	0.0242202	0.0160302
4.96632	0.438233	0.27966	0.143149	0.0249139	0.0177475
4.791	0.491538	0.247881	0.138811	0.0248299	0.0171309
4.98394	0.526251	0.227291	0.141842	0.0241781	0.0162439
5.00949	0.470861	0.238494	0.146289	0.0246759	0.0169849
4.57919	0.494451	0.250544	0.133902	0.0246939	0.0170652
5.07016	0.554806	0.21655	0.141495	0.0242873	0.0160843
5.19531	0.525655	0.243551	0.14881	0.0250708	0.0171746
4.87851	0.506492	0.245652	0.141784	0.0249222	0.0170928
4.83742	0.511722	0.247646	0.138452	0.0250653	0.0171581
5.15484	0.509313	0.234887	0.148495	0.0245258	0.0166193
4.85777	0.494068	0.251777	0.142628	0.0250584	0.0173591
4.68511	0.508769	0.254757	0.135647	0.025192	0.0173629
4.90614	0.459666	0.286048	0.138818	0.025005	0.0177495
4.97037	0.521524	0.260942	0.139952	0.0249926	0.0171667
5.01	0.515925	0.245185	0.145308	0.0249788	0.0170831
4.91747	0.480119	0.252795	0.140176	0.0245277	0.016971
4.91574	0.524634	0.244964	0.144272	0.0251239	0.0171017
4.98391	0.486265	0.266192	0.149535	0.0260874	0.0181578
5.15963	0.503513	0.257781	0.149162	0.0252295	0.0174677
4.91681	0.511127	0.248681	0.140059	0.0249199	0.0170962
4.92486	0.529328	0.24546	0.143623	0.0253004	0.0172541
5.1205	0.50257	0.234866	0.148689	0.0250773	0.0170533
5.0119	0.536459	0.25919	0.147072	0.0261694	0.0179425
5.02381	0.54282	0.226808	0.150303	0.0255712	0.0171378
5.10381	0.536788	0.237196	0.146671	0.0247559	0.0167077
4.94033	0.485584	0.240011	0.147099	0.0250565	0.0171723
4.82473	0.496819	0.2548	0.140509	0.0248978	0.01719
4.78662	0.47731	0.263739	0.139099	0.0253104	0.017718
4.99647	0.551603	0.235456	0.146645	0.0250437	0.0168659
5.0437	0.48168	0.251851	0.144048	0.0244812	0.0169296
5.00477	0.495273	0.239942	0.143317	0.0246023	0.0168701
5.17085	0.532512	0.230245	0.150263	0.0246932	0.0165842
5.19674	0.459764	0.269496	0.145844	0.0249161	0.0174989
5.04406	0.473016	0.267004	0.147357	0.025197	0.0177126
5.01511	0.51937	0.22476	0.151036	0.0249636	0.0167838
4.99355	0.512302	0.241398	0.146417	0.0248409	0.0169226
4.93044	0.51461	0.240991	0.144332	0.0251051	0.0171184
5.23189	0.460077	0.263261	0.151788	0.0252206	0.0176575
5.00082	0.468904	0.276198	0.146181	0.0258611	0.0182567
4.94169	0.46314	0.274275	0.138091	0.024258	0.0171058
4.83306	0.481426	0.253405	0.13857	0.024391	0.0168768
4.89169	0.505599	0.25348	0.143772	0.0256972	0.0177003
5.05497	0.488304	0.257866	0.144489	0.0249246	0.0173387
4.86362	0.522397	0.262017	0.138293	0.0251197	0.017354
4.76573	0.527836	0.245419	0.135928	0.0255216	0.0173981
4.89034	0.516101	0.230885	0.14407	0.0247707	0.0167103
4.79016	0.486401	0.244446	0.136224	0.0247203	0.0169829
5.04231	0.492993	0.250774	0.14726	0.0254767	0.017553
5.12384	0.510828	0.22845	0.145064	0.024282	0.0164329
4.82956	0.484528	0.274247	0.143172	0.0257869	0.0180841
4.69195	0.493792	0.24431	0.13414	0.025111	0.0172741
5.12121	0.537175	0.226518	0.146309	0.0243884	0.0163866
5.06774	0.526658	0.245229	0.141158	0.0250447	0.0170684
4.80929	0.501098	0.255597	0.140391	0.0256308	0.0176762
5.00073	0.523627	0.252409	0.147202	0.0249769	0.0171266
5.31721	0.544279	0.226463	0.155028	0.0249862	0.0167386
4.79242	0.500358	0.230403	0.136771	0.024145	0.0163652
4.9624	0.45968	0.273746	0.142744	0.025291	0.0179435
4.96752	0.463208	0.252384	0.145284	0.025127	0.017452
5.16396	0.520713	0.219235	0.146629	0.0242801	0.0161856
4.90811	0.556887	0.219163	0.141183	0.0251684	0.0167057
5.19416	0.516057	0.256786	0.147687	0.0258025	0.0177725
5.11116	0.502133	0.257412	0.143371	0.0249706	0.0172402
4.85711	0.506614	0.252726	0.138336	0.0250219	0.0172501
4.9108	0.511996	0.247369	0.137608	0.0245435	0.0168157
5.02028	0.556121	0.225761	0.146618	0.0247617	0.0165497
4.93555	0.478598	0.241825	0.139455	0.0241984	0.0166887
4.66107	0.510366	0.249781	0.139634	0.0252948	0.0173332
4.89271	0.496469	0.250877	0.143125	0.025196	0.017421
4.95854	0.492584	0.25495	0.142396	0.0247628	0.0171302
4.96311	0.476548	0.259597	0.143475	0.0247828	0.0172544
4.88396	0.54104	0.235267	0.139788	0.0252999	0.0170813
4.80673	0.528541	0.218825	0.138891	0.0245169	0.0163421
4.76967	0.522137	0.254062	0.134399	0.0249639	0.0170982
5.20233	0.486346	0.266543	0.152058	0.0248733	0.0173875
5.1424	0.500273	0.254837	0.147445	0.0251527	0.01733
4.88057	0.508065	0.234453	0.141054	0.0244275	0.01657
4.92271	0.493035	0.253792	0.141897	0.0253515	0.0175394
4.82038	0.485972	0.263709	0.139805	0.0250386	0.0174632
4.87707	0.522564	0.229233	0.141861	0.025307	0.0171538
5.13098	0.515258	0.256417	0.143832	0.0254694	0.0175092
4.84874	0.474573	0.267609	0.139768	0.025265	0.0177293
4.84451	0.512534	0.237478	0.141129	0.025331	0.017254
4.90941	0.469096	0.263834	0.138354	0.0248153	0.0174148
5.11263	0.514885	0.233075	0.146855	0.0248521	0.0168078
4.93095	0.520705	0.247776	0.141572	0.0251851	0.0172546
5.04636	0.50155	0.259873	0.149542	0.0256105	0.0177998
4.969	0.479182	0.248506	0.143751	0.0251308	0.0174012
5.00393	0.516087	0.252203	0.140628	0.0248897	0.0171378
4.87989	0.511142	0.262991	0.1434	0.0256095	0.0177464
4.948	0.485075	0.25935	0.141706	0.0250826	0.0174448
5.02814	0.511709	0.257873	0.144692	0.0251505	0.0173244
5.0809	0.496995	0.264728	0.1452	0.0256987	0.0179372
5.02667	0.539305	0.22804	0.143582	0.0247432	0.01658
4.90155	0.457487	0.287483	0.135298	0.025008	0.0177616
4.94425	0.494166	0.249821	0.139221	0.0245052	0.016845
4.86095	0.470595	0.260898	0.139021	0.0248923	0.0173573
4.86857	0.508066	0.258751	0.14224	0.025272	0.0175064
4.6607	0.49522	0.260735	0.137542	0.0256122	0.0177877
5.23708	0.507002	0.255594	0.154415	0.0251416	0.0173254
5.15667	0.547352	0.244095	0.146303	0.0252614	0.0171313
4.8757	0.493891	0.264139	0.143609	0.02545	0.017635
5.09563	0.469788	0.278577	0.146927	0.0256925	0.018098
5.11941	0.507206	0.249256	0.150213	0.0250753	0.017171
5.33867	0.521536	0.255837	0.154109	0.0256298	0.0176204
4.97755	0.492246	0.255368	0.139987	0.0242585	0.0168032
5.04103	0.487143	0.260432	0.147312	0.025023	0.0174258
4.94585	0.517086	0.245447	0.143715	0.0254144	0.0174156
4.96919	0.497893	0.259815	0.144317	0.0251555	0.0173791
4.87716	0.471946	0.26514	0.14029	0.0247848	0.017307
4.61265	0.511887	0.263053	0.135115	0.0255545	0.0177014
5.16045	0.514503	0.240824	0.141627	0.0243248	0.0166011
4.92808	0.483723	0.251814	0.143939	0.0249741	0.0172766
5.10774	0.524369	0.22337	0.147528	0.0243044	0.0162693
4.83011	0.538237	0.242948	0.137897	0.0247684	0.0167633
4.86151	0.493918	0.267777	0.137662	0.0251786	0.0175433
4.62357	0.527716	0.236536	0.130162	0.0244654	0.0165738
4.96873	0.516242	0.235734	0.140833	0.0244983	0.0166453
4.78719	0.496329	0.220337	0.13783	0.0240461	0.0162032
5.29437	0.458959	0.294023	0.152035	0.0257917	0.0183751
4.95853	0.479038	0.266357	0.142508	0.0255627	0.0178694
4.99331	0.474983	0.258826	0.142969	0.0254768	0.0177334
4.97493	0.54853	0.262612	0.145084	0.0257778	0.0176778
4.93838	0.509109	0.201756	0.143324	0.024442	0.0161347
4.72777	0.488666	0.286921	0.141156	0.0262766	0.0185388
4.98167	0.476486	0.238233	0.145286	0.0248191	0.0170505
4.84166	0.478192	0.256313	0.144448	0.0254136	0.0176513
4.98559	0.451929	0.277113	0.144046	0.0252741	0.017877
4.91767	0.46488	0.274962	0.137957	0.0247752	0.0174731
4.87906	0.522221	0.251499	0.139556	0.0249053	0.01714
5.26328	0.536501	0.247934	0.150569	0.0256032	0.0174915
5.11618	0.488984	0.262503	0.147857	0.0255142	0.0177263
4.81613	0.465965	0.290962	0.136411	0.0261251	0.0185846
5.03779	0.489656	0.258601	0.142164	0.0248109	0.0171809
5.19947	0.523585	0.242418	0.149813	0.0250225	0.0170588
4.76252	0.513434	0.251803	0.135842	0.0252034	0.0173688
4.85993	0.516683	0.235745	0.139296	0.0249377	0.0169044
5.11197	0.451299	0.26529	0.151432	0.025115	0.0176685
4.6723	0.468209	0.260774	0.132823	0.0247246	0.0172939
5.25118	0.517978	0.242029	0.147076	0.0244126	0.0165976
4.8778	0.519568	0.230591	0.137874	0.0244459	0.0165501
4.94751	0.489326	0.234852	0.146436	0.0248926	0.0169594
5.00495	0.503556	0.255875	0.140747	0.0248129	0.0171218
4.87857	0.482006	0.261719	0.141211	0.0249405	0.0173562
4.90655	0.509176	0.248536	0.145572	0.0252968	0.0173028
5.11321	0.465192	0.26387	0.150168	0.0251133	0.0175847
4.83582	0.4912	0.244194	0.140306	0.0246442	0.0168707
5.27288	0.532494	0.235486	0.148983	0.0248384	0.0167875
4.87948	0.494386	0.244917	0.136111	0.0242954	0.0166741
4.77803	0.513357	0.244774	0.13539	0.0249171	0.0169889
4.91508	0.542909	0.215483	0.141929	0.0246129	0.0164158
5.1097	0.500531	0.235725	0.147532	0.0250379	0.0170973
4.90891	0.484329	0.239089	0.140728	0.0247874	0.0169646
4.75662	0.517729	0.2552	0.139216	0.0253579	0.0174096
4.89262	0.508112	0.259059	0.138866	0.0252836	0.0175034
4.92245	0.494579	0.265108	0.145405	0.0255142	0.0177589
5.00534	0.478235	0.246423	0.143941	0.0246913	0.0171016
4.82258	0.502939	0.244029	0.140296	0.0246416	0.0168391
5.06212	0.480431	0.277735	0.143875	0.025414	0.0178927
4.90089	0.538161	0.195087	0.139107	0.0240518	0.0157576
4.93055	0.505193	0.268001	0.141488	0.0251786	0.0175354
5.0625	0.539136	0.233445	0.148761	0.0248254	0.0167352
5.34819	0.519778	0.232036	0.155471	0.0249215	0.0168573
5.16033	0.494147	0.254512	0.148334	0.0254654	0.0176771
4.82221	0.493756	0.241333	0.1413	0.024667	0.0168376
4.88996	0.511888	0.212298	0.139518	0.0236606	0.0157438
4.87422	0.51087	0.253872	0.143029	0.0253122	0.0174261
5.08976	0.504536	0.265355	0.143682	0.0253099	0.0175672
4.85263	0.4733	0.259947	0.144714	0.0258926	0.0180488
4.85704	0.538364	0.229216	0.138293	0.0249463	0.0167611
4.92372	0.555008	0.233618	0.138806	0.024813	0.0166885
4.76868	0.446669	0.26897	0.136021	0.0246847	0.0174099
5.00779	0.486217	0.279279	0.144435	0.02613	0.0183526
4.923	0.500346	0.249724	0.143483	0.0256267	0.0176908
5.08654	0.462261	0.294082	0.146522	0.0253882	0.0180897
4.90966	0.548267	0.243175	0.143593	0.0252563	0.017116
4.92998	0.512823	0.237781	0.142896	0.0248258	0.0168531
5.10859	0.510059	0.247133	0.141979	0.0247053	0.0169656
4.86319	0.509218	0.247748	0.14019	0.0252307	0.0173023
4.6575	0.485249	0.243003	0.136475	0.0248335	0.017104
5.06243	0.541295	0.256104	0.145902	0.0263415	0.0180093
4.99046	0.523901	0.215106	0.147525	0.0244564	0.0163415
4.73319	0.489953	0.25909	0.139099	0.0253329	0.0176233
5.0366	0.544865	0.232295	0.143614	0.0249153	0.0168032
4.67106	0.495111	0.257305	0.133477	0.0250154	0.0173282
4.98456	0.519895	0.236113	0.144755	0.0250498	0.0169976
5.01425	0.479764	0.259528	0.146663	0.0251297	0.017471
5.07755	0.495875	0.262241	0.152254	0.0257781	0.0178786
4.90088	0.503194	0.255019	0.143258	0.0251458	0.0173391
4.96748	0.529695	0.222595	0.141434	0.0241129	0.0160555
5.16227	0.516417	0.226394	0.149853	0.0244067	0.016467
4.92273	0.479367	0.256408	0.140716	0.0248483	0.0172167
4.79301	0.486589	0.246998	0.142517	0.0249956	0.0171932
4.85475	0.494906	0.236731	0.140651	0.0245139	0.0166878
5.08256	0.491372	0.24191	0.145887	0.0246038	0.0168584
5.0675	0.517898	0.266799	0.144099	0.0253061	0.0175604
4.91689	0.505684	0.240571	0.144627	0.024964	0.0170186
5.18307	0.470464	0.259432	0.14936	0.0245272	0.017097
4.89956	0.514258	0.256822	0.138116	0.0247153	0.0170416
4.83909	0.561226	0.231453	0.141263	0.0248845	0.0166051
4.98537	0.503348	0.233062	0.143114	0.0251123	0.0170745
4.80314	0.438848	0.284647	0.135473	0.0253012	0.0180185
5.04065	0.547793	0.232877	0.144557	0.0247679	0.0166512
5.00505	0.476582	0.270207	0.142502	0.0250664	0.0176191
4.79817	0.529632	0.230185	0.145235	0.0253661	0.0169852
4.69121	0.502492	0.230592	0.136048	0.024386	0.016526
5.08893	0.525372	0.236778	0.152744	0.025189	0.0171305
4.86659	0.493186	0.264134	0.137256	0.0254165	0.0176672
4.86415	0.50483	0.253919	0.142931	0.025299	0.0173977
5.12083	0.528208	0.259613	0.143782	0.0251653	0.017404
4.874	0.490511	0.254407	0.142171	0.0249135	0.0172263
5.02829	0.471935	0.275453	0.14407	0.0245529	0.0172942
5.12161	0.495277	0.267193	0.146661	0.0252842	0.0176526
4.87394	0.511649	0.265834	0.142673	0.0258401	0.0179139
4.83907	0.497222	0.262936	0.142225	0.0256324	0.0177944
4.83012	0.464966	0.263278	0.136842	0.0255124	0.0178688
4.88945	0.464313	0.278386	0.13851	0.0251279	0.017759
5.10454	0.483567	0.261747	0.152087	0.025189	0.0175568
4.93917	0.487238	0.260432	0.142273	0.0255776	0.0177714
5.15458	0.577739	0.205675	0.147658	0.0243718	0.0159501
4.89493	0.520555	0.239383	0.143701	0.0250347	0.0170444
4.84456	0.452975	0.269568	0.142913	0.0247626	0.0174249
4.87446	0.485942	0.255697	0.13971	0.0249214	0.0173501
4.89869	0.496656	0.257547	0.146248	0.0253342	0.0175053
4.81358	0.462144	0.273105	0.133837	0.0246361	0.0173222
4.8928	0.49303	0.254147	0.138932	0.024648	0.0169922
5.0048	0.504581	0.248153	0.142133	0.0248216	0.0170561
5.06814	0.558736	0.232045	0.145079	0.0250836	0.0168652
4.89617	0.512013	0.255365	0.14012	0.0254605	0.0175434
5.0091	0.506731	0.251694	0.145456	0.0251056	0.0172773
5.01779	0.527128	0.235179	0.146111	0.0252417	0.0170599
5.01009	0.462721	0.27996	0.144024	0.0256237	0.0181285
4.76797	0.491537	0.236155	0.139509	0.0246045	0.0168025
4.81337	0.454641	0.278725	0.140814	0.0252118	0.0178489
5.02122	0.506009	0.272064	0.14188	0.0251408	0.0174879
5.07563	0.494616	0.268175	0.14586	0.0250687	0.0174856
5.15372	0.503005	0.255349	0.150884	0.0252205	0.0173927
4.61086	0.507136	0.256513	0.130128	0.0253537	0.0175504
5.11083	0.456616	0.265025	0.150994	0.0255324	0.0179947
4.75751	0.465207	0.234998	0.140197	0.0245931	0.0168243
4.64328	0.529164	0.25123	0.130874	0.0248432	0.017006
5.03684	0.509817	0.25369	0.142603	0.0247404	0.01704
4.91525	0.457328	0.262899	0.141545	0.0247415	0.017395
4.87858	0.486749	0.274988	0.139256	0.0253477	0.0178124
4.90958	0.481443	0.26032	0.139739	0.0247594	0.0172489
4.74389	0.531926	0.229492	0.138895	0.0245794	0.016475
5.0049	0.46557	0.26838	0.143651	0.0250059	0.0176199
5.09329	0.523375	0.225088	0.146126	0.0248659	0.0166618
5.02978	0.469369	0.267995	0.148143	0.0255413	0.0179413
5.08401	0.488896	0.244453	0.14549	0.0249671	0.0172017
4.99628	0.544697	0.24121	0.146168	0.0252483	0.0171612
4.76686	0.463027	0.275467	0.13669	0.0256513	0.0180865
4.78409	0.484694	0.26034	0.135749	0.025122	0.0174459
5.07885	0.510968	0.253928	0.14634	0.0253313	0.017502
4.65079	0.526718	0.237244	0.136985	0.0247444	0.0167728
5.1582	0.48618	0.26474	0.148146	0.025742	0.0179666
4.88092	0.533864	0.252793	0.137283	0.0250622	0.0171781
4.91825	0.502412	0.25154	0.142249	0.0250115	0.0172762
4.85317	0.514858	0.231574	0.141677	0.0251139	0.0170243
4.98436	0.472388	0.258673	0.143474	0.0246902	0.0171736
4.87906	0.483783	0.2756	0.141205	0.0249829	0.0175333
5.07446	0.490318	0.270944	0.143539	0.0253101	0.0176766
5.09402	0.467771	0.266361	0.144795	0.0249046	0.0174403
5.11964	0.540084	0.225492	0.144699	0.0244827	0.0164847
4.8283	0.485813	0.240797	0.137236	0.0243909	0.0167401
5.07318	0.487812	0.258285	0.14539	0.0251514	0.0174383
5.17736	0.515688	0.254276	0.155744	0.0256962	0.0177357
4.95131	0.515461	0.249792	0.140323	0.0250906	0.0172024
5.06664	0.498707	0.261909	0.148232	0.0258088	0.0179832
5.07375	0.530467	0.239699	0.145316	0.0248441	0.0168572
5.1393	0.497935	0.261721	0.143806	0.0248781	0.017248
5.11682	0.459664	0.273937	0.143377	0.0252352	0.0177917
5.05719	0.536225	0.225709	0.146106	0.0247961	0.016639
4.93653	0.515845	0.231917	0.145373	0.024771	0.016713
4.94222	0.487966	0.251632	0.143382	0.0249035	0.0172229
4.87264	0.489002	0.271366	0.142927	0.0253204	0.0176654
5.15058	0.473957	0.263705	0.153861	0.0255212	0.0178029
4.8204	0.440608	0.2806	0.1414	0.0251252	0.0178318
4.95496	0.515648	0.266437	0.138761	0.0256979	0.0177798
4.93235	0.509354	0.261165	0.144655	0.0251874	0.0174231
5.08401	0.537608	0.244608	0.150391	0.025601	0.0174003
4.78591	0.536757	0.241518	0.13698	0.0250152	0.016955
4.82583	0.437983	0.263248	0.137953	0.0248495	0.0175508
4.97931	0.497343	0.24993	0.141377	0.0248141	0.017085
4.87223	0.505153	0.253515	0.141016	0.0250158	0.0172015
4.81441	0.514416	0.260186	0.139719	0.0251608	0.0173822
4.71277	0.490339	0.243417	0.139335	0.0247188	0.0169516
5.29942	0.518635	0.238494	0.153389	0.0250679	0.0170358
5.0018	0.481814	0.247044	0.13884	0.0247872	0.0171007
4.92887	0.479462	0.252719	0.145583	0.0250861	0.0173581
4.71316	0.522025	0.227956	0.129097	0.0243157	0.0163894
4.80411	0.510316	0.230827	0.139332	0.0246315	0.0167251
4.87899	0.462541	0.256876	0.140329	0.0251533	0.0175425
4.94284	0.501179	0.251212	0.138651	0.0245867	0.0168793
5.09136	0.491661	0.276678	0.147243	0.0260875	0.0183349
5.04553	0.503305	0.255634	0.143708	0.02518	0.017383
5.06191	0.480566	0.26257	0.146665	0.0252624	0.0176566
5.10153	0.470614	0.282298	0.146609	0.0251754	0.0177794
5.20559	0.510438	0.246999	0.150304	0.0254984	0.0175329
4.77995	0.486599	0.260061	0.141162	0.0253253	0.0175745
5.13377	0.543894	0.242983	0.149063	0.0252765	0.0171853
4.99119	0.503957	0.262717	0.142088	0.025001	0.0173194
5.16974	0.525653	0.258498	0.145625	0.0251422	0.0173691
4.85398	0.53497	0.229481	0.141042	0.0249715	0.0168322
4.96538	0.460482	0.280366	0.148004	0.0257977	0.018299
4.92203	0.49116	0.280265	0.144496	0.0256331	0.0180752
5.01642	0.50844	0.249047	0.144695	0.0253305	0.0173864
4.86048	0.522336	0.228698	0.142343	0.0245836	0.0165836
4.8365	0.440288	0.270452	0.141081	0.0246071	0.0174073
4.81497	0.514348	0.260992	0.141086	0.0255251	0.0176262
4.78906	0.513506	0.254455	0.137157	0.0248522	0.0170778
5.12084	0.536739	0.213728	0.144764	0.0240433	0.0159685
5.09731	0.490169	0.273406	0.146796	0.025754	0.0180228
4.96413	0.531515	0.222814	0.144223	0.02458	0.0164222
4.82399	0.50438	0.235943	0.140007	0.0250747	0.0170778
5.12817	0.447229	0.288706	0.145641	0.0254229	0.0180916
4.73665	0.487864	0.242385	0.139106	0.0246561	0.0168926
5.01028	0.523394	0.258669	0.145744	0.0258055	0.0177441
5.05036	0.526391	0.250529	0.148149	0.0256085	0.0175281
4.97303	0.54892	0.226866	0.142455	0.0247657	0.0166211
5.00564	0.478282	0.25694	0.142387	0.0244613	0.0169833
4.93529	0.487493	0.259362	0.144923	0.0251304	0.0174465
4.71032	0.482349	0.258937	0.133415	0.0251608	0.0174919
5.07352	0.473779	0.283077	0.145816	0.0254822	0.0179556
5.17911	0.500677	0.247208	0.153171	0.0252548	0.0173135
4.89801	0.483441	0.251424	0.145298	0.02525	0.0174997
4.80733	0.454483	0.277084	0.137595	0.0246871	0.0174841
5.05709	0.521845	0.228948	0.143383	0.0246407	0.0166628
4.85497	0.543612	0.227828	0.14091	0.0248233	0.0167071
4.80257	0.49081	0.261264	0.136921	0.0252574	0.0175083
4.76958	0.531212	0.234859	0.137569	0.0248173	0.0167192
4.94867	0.508583	0.249028	0.145522	0.0258806	0.0177582
4.93775	0.54923	0.24922	0.145121	0.0254738	0.017299
4.85608	0.502368	0.249664	0.146518	0.0251947	0.0173363
4.98	0.509392	0.231576	0.143322	0.0248731	0.0168541
4.82995	0.520841	0.247509	0.139243	0.0251279	0.0172161
4.8058	0.517924	0.22188	0.137172	0.0244782	0.0164746
5.28534	0.435643	0.276246	0.149606	0.0252081	0.017884
5.06986	0.501324	0.264347	0.144787	0.0254423	0.0176333
5.00359	0.524277	0.263318	0.141219	0.0253888	0.0174847
4.74825	0.500413	0.222237	0.141819	0.0245984	0.0165735
4.94598	0.43715	0.292671	0.145905	0.025562	0.0183676
4.88622	0.485222	0.251481	0.138282	0.0243382	0.0167804
4.96014	0.511732	0.258947	0.138547	0.0250209	0.0172749
5.01834	0.532355	0.258375	0.14609	0.0257065	0.0176963
4.80044	0.513809	0.247813	0.141155	0.0251487	0.0171785
5.03736	0.528754	0.234171	0.147434	0.0247625	0.016761
4.83872	0.481753	0.280603	0.141062	0.0261709	0.0184935
4.90086	0.49562	0.240438	0.142697	0.0244441	0.0167472
4.8625	0.475862	0.260624	0.143191	0.0251475	0.0175547
4.78823	0.478851	0.258259	0.138467	0.0253504	0.0176584
5.05329	0.505944	0.260315	0.145398	0.0251718	0.0174387
4.93397	0.51752	0.254906	0.143875	0.0252595	0.0173387
5.20373	0.469189	0.283924	0.154141	0.0261469	0.0184819
5.29217	0.476683	0.269228	0.148182	0.0250052	0.0175161
4.98319	0.501683	0.267134	0.143055	0.025242	0.0175024
5.00357	0.513151	0.254186	0.142985	0.0249654	0.0171899
4.70837	0.463122	0.269167	0.137977	0.0251074	0.0176536
5.26991	0.504806	0.268204	0.156445	0.025631	0.0178534
4.92587	0.508755	0.243688	0.143879	0.0250599	0.0171398
4.76842	0.463729	0.253717	0.136148	0.0244262	0.0170364
5.07647	0.496993	0.250704	0.146993	0.0251885	0.0173535
5.01516	0.520432	0.250336	0.144489	0.0250383	0.017145
5.01999	0.545211	0.227352	0.148508	0.0250028	0.0167149
5.23383	0.522624	0.246227	0.148259	0.0250342	0.0171274
4.93071	0.525739	0.232143	0.142883	0.0249765	0.0168821
4.95721	0.532995	0.242475	0.140482	0.02488	0.0169198
5.28109	0.496833	0.256044	0.153785	0.0257024	0.01774
4.96334	0.53107	0.223601	0.14613	0.0247457	0.0165221
5.22953	0.544142	0.233657	0.151527	0.0251969	0.0169728
4.96581	0.512229	0.248738	0.143398	0.0251159	0.0172424
4.7804	0.491112	0.265577	0.137684	0.0253201	0.0175868
4.83488	0.550813	0.226023	0.144586	0.0249328	0.0166791
4.83922	0.490288	0.254887	0.137327	0.0250148	0.0172951
4.63069	0.500524	0.244577	0.136498	0.0250591	0.0172026
5.06075	0.487337	0.261306	0.149602	0.0256237	0.0177659
4.73951	0.478655	0.257586	0.138038	0.0249756	0.0173741
5.15756	0.503464	0.258845	0.146942	0.0252545	0.0175509
4.80775	0.466849	0.273666	0.140198	0.0251425	0.0177021
4.91036	0.512261	0.237048	0.138217	0.0244622	0.0166632
5.01611	0.508203	0.222128	0.146457	0.023947	0.0161097
4.7648	0.501087	0.263805	0.135963	0.0251968	0.0174749
5.00872	0.498041	0.261235	0.143918	0.0256998	0.0177934
4.9765	0.519785	0.226993	0.141652	0.0241986	0.0162784
4.75032	0.468072	0.263173	0.135874	0.024921	0.0173809
5.12648	0.509204	0.257591	0.151371	0.0257789	0.0178304
4.91492	0.479219	0.263536	0.141241	0.0251249	0.0175373
5.09395	0.547525	0.230019	0.150483	0.0249684	0.0167462
5.20782	0.483382	0.261039	0.148018	0.0249528	0.0173988
5.0491	0.486448	0.266701	0.151371	0.0262072	0.0182491
4.95077	0.535307	0.23654	0.143264	0.0247483	0.0167748
5.13896	0.502453	0.242947	0.150734	0.024627	0.0168708
5.05441	0.451444	0.289943	0.141248	0.0253531	0.018036
4.73814	0.496995	0.271977	0.135091	0.0247886	0.0172693
4.9998	0.479651	0.272052	0.146332	0.0258014	0.0181198
4.96477	0.500147	0.228775	0.146039	0.0244587	0.0165567
5.05936	0.501851	0.225032	0.143082	0.024188	0.0163408
4.79358	0.501843	0.266854	0.136825	0.0255767	0.0177997
4.80924	0.500609	0.272463	0.135246	0.0250672	0.0175203
4.99411	0.50364	0.242872	0.144588	0.0254402	0.0173823
4.97065	0.519867	0.256413	0.147477	0.0260455	0.017941
4.90906	0.497332	0.265668	0.139712	0.0253144	0.0175972
5.15584	0.492634	0.247223	0.148487	0.0251977	0.0172618
4.69389	0.510128	0.235131	0.137401	0.0248294	0.0168604
4.77908	0.498292	0.254201	0.138362	0.024951	0.0172107
4.96004	0.48774	0.27546	0.142094	0.0252647	0.0177101
5.10979	0.482739	0.253036	0.146352	0.0247502	0.0172346
5.00478	0.475901	0.26976	0.148557	0.0256815	0.0179635
4.77878	0.510822	0.248143	0.1359	0.0251079	0.0172038
5.1356	0.484873	0.289084	0.151772	0.0256846	0.0181553
5.02286	0.473217	0.27036	0.146394	0.0257098	0.0180371
5.00794	0.486469	0.259923	0.141358	0.0250054	0.0173685
4.79257	0.490512	0.260212	0.141934	0.0250268	0.0173758
4.6199	0.522276	0.227302	0.131603	0.0239545	0.0161266
5.05247	0.527762	0.235616	0.141985	0.0243742	0.0164694
4.92145	0.505731	0.254426	0.138063	0.0245555	0.0169042
4.71215	0.471228	0.278674	0.131342	0.025415	0.0178601
5.06477	0.506448	0.249072	0.14342	0.0250993	0.0172571
5.04523	0.48743	0.263828	0.143862	0.02521	0.0175328
4.89903	0.496347	0.265471	0.136153	0.0251642	0.0174917
5.22079	0.491522	0.2406	0.1528	0.0251824	0.017234
4.71379	0.504995	0.256713	0.1353	0.0249242	0.0172614
4.92732	0.518478	0.249374	0.141027	0.0247779	0.0169952
4.96789	0.509549	0.251971	0.144647	0.0250911	0.0172317
5.14792	0.473751	0.28807	0.144524	0.0254888	0.0180288
5.14356	0.473662	0.274871	0.147777	0.0253427	0.0178362
5.02987	0.498761	0.266451	0.148515	0.0254904	0.0177375
4.94145	0.516648	0.233363	0.141784	0.0250602	0.0170442
4.8688	0.534588	0.234297	0.140248	0.0247353	0.0167383
5.1782	0.536373	0.226601	0.150854	0.0252043	0.0169511
5.0205	0.530799	0.242477	0.143756	0.0250918	0.0171039
4.96231	0.462815	0.274238	0.149065	0.0254002	0.0179208
5.05166	0.484228	0.264615	0.145706	0.0249807	0.0174221
5.00879	0.543946	0.211312	0.1402	0.0243411	0.0161743
4.77772	0.492469	0.240243	0.136792	0.0246148	0.0168451
4.92961	0.453428	0.278287	0.140269	0.0255405	0.018122
4.63595	0.471832	0.234831	0.132519	0.0242182	0.016612
5.07873	0.487363	0.266933	0.143053	0.0254145	0.0177421
4.93536	0.560343	0.235253	0.144232	0.0254503	0.0170976
5.03977	0.532902	0.220656	0.146813	0.0246077	0.0164253
5.03904	0.402792	0.317899	0.149528	0.0262179	0.0191373
4.81302	0.512573	0.232008	0.1403	0.0249205	0.0169048
5.02997	0.495512	0.267821	0.140204	0.0247921	0.0172727
5.05891	0.514919	0.244201	0.145917	0.0253579	0.0172982
4.9522	0.517741	0.232648	0.144596	0.0250656	0.0169917
4.93228	0.523759	0.215961	0.143809	0.0244758	0.0163408
4.83457	0.492427	0.244681	0.139716	0.0246625	0.0169415
5.45365	0.458729	0.261911	0.156924	0.0246253	0.0173041
4.99502	0.482921	0.258611	0.146444	0.0254075	0.017687
5.04464	0.492805	0.259005	0.147056	0.0251918	0.01748
4.95907	0.502456	0.249435	0.14193	0.0247778	0.0170418
4.93012	0.524209	0.252156	0.141828	0.0254203	0.0174588
4.99527	0.519781	0.251645	0.144779	0.0251513	0.0172982
5.18574	0.546153	0.222814	0.145127	0.0244382	0.0162733
5.09405	0.519186	0.261585	0.147777	0.0254148	0.0175633
4.85085	0.513319	0.235366	0.14228	0.0250276	0.0169703
4.92077	0.518834	0.217835	0.144191	0.0243073	0.0163061
4.70571	0.539716	0.221854	0.138223	0.0248186	0.0165809
5.06759	0.470163	0.270754	0.146934	0.0257132	0.0181142
4.98299	0.458293	0.247765	0.144381	0.0242799	0.0168486
4.89963	0.503127	0.270201	0.138735	0.0257836	0.0179684
5.09331	0.537639	0.248767	0.14538	0.0255912	0.0175479
4.95065	0.49597	0.24728	0.141635	0.0244899	0.0168391
4.84675	0.561658	0.222034	0.14124	0.0247029	0.0163665
4.88846	0.508978	0.266221	0.145793	0.025919	0.0179886
4.85014	0.477795	0.237128	0.137046	0.0243717	0.0167385
4.8512	0.514223	0.238937	0.14415	0.0249949	0.0170219
4.89596	0.453893	0.280656	0.148372	0.0256089	0.0181006
4.9029	0.485403	0.257406	0.142731	0.0251371	0.0174652
4.7102	0.517149	0.244254	0.1378	0.025043	0.0170611
4.97368	0.46234	0.267571	0.141777	0.0251473	0.0176442
4.91624	0.497485	0.233151	0.146188	0.0252984	0.0172809
4.92303	0.480221	0.258082	0.142147	0.0250254	0.0173965
4.75561	0.492498	0.254809	0.135691	0.024607	0.016978
4.88001	0.516627	0.229642	0.139716	0.0243649	0.0164218
5.09102	0.522255	0.259731	0.145378	0.0255242	0.0176073
4.85882	0.52157	0.224023	0.13816	0.0241849	0.0162438
4.96839	0.477876	0.30499	0.142082	0.0261616	0.0186874
5.15206	0.515521	0.209657	0.1497	0.0242623	0.0161959
5.11089	0.527489	0.246748	0.149038	0.0250774	0.0170997
4.967	0.536873	0.215812	0.147428	0.0245539	0.0163019
4.71286	0.502517	0.262559	0.134065	0.0249974	0.0173474
4.95436	0.479353	0.26554	0.147359	0.0254304	0.0177902
5.1672	0.545691	0.226747	0.145353	0.0247908	0.0166064
5.10292	0.509821	0.247893	0.148887	0.0249774	0.0171499
5.06675	0.51803	0.269856	0.147958	0.0254804	0.0176996
5.05326	0.480795	0.25553	0.15124	0.0251075	0.0173618
4.74736	0.530461	0.24874	0.137447	0.0249148	0.0170525
5.03723	0.459562	0.266954	0.140227	0.0247938	0.0174289
4.92645	0.482111	0.246683	0.140602	0.0244701	0.0168886
4.83381	0.52262	0.249878	0.137687	0.0249412	0.0171003
4.83749	0.494741	0.253426	0.142725	0.0254914	0.0176125
4.82454	0.481403	0.273544	0.142057	0.0258424	0.0181457
4.95711	0.51502	0.261287	0.141428	0.0253744	0.0175034
4.69629	0.464662	0.257207	0.136643	0.0248973	0.0173241
4.88323	0.500958	0.272122	0.139335	0.0251146	0.0175067
5.07992	0.466606	0.264165	0.146931	0.0248917	0.0174244
4.90909	0.527055	0.219403	0.143795	0.0246823	0.0164877
4.99552	0.486542	0.248749	0.14433	0.0245617	0.0169244
4.90557	0.512916	0.254005	0.142397	0.0250726	0.0171591
4.66703	0.515347	0.241496	0.130821	0.0244992	0.0166556
5.07124	0.469768	0.260175	0.144697	0.0246907	0.0172502
4.77102	0.495775	0.262036	0.136451	0.0248481	0.0172441
5.11575	0.486537	0.258244	0.144218	0.0246397	0.0170974
4.86158	0.522275	0.271031	0.138623	0.0256419	0.0178645
4.78463	0.457275	0.265192	0.139954	0.025487	0.0179076
5.05678	0.504771	0.240892	0.148406	0.025199	0.0172416
5.02584	0.491607	0.244496	0.141693	0.0244765	0.0168565
4.77606	0.517727	0.239232	0.142199	0.0253537	0.017188
4.86528	0.50649	0.267449	0.145342	0.0257218	0.0178422
4.93597	0.512884	0.252346	0.14303	0.0252256	0.0173207
4.89204	0.483829	0.23867	0.144035	0.0248698	0.0170791
4.81434	0.506302	0.254538	0.143053	0.025429	0.0174963
4.82788	0.461209	0.265576	0.134961	0.0246662	0.0173318
5.09322	0.531989	0.244767	0.147744	0.0258435	0.0176275
4.77871	0.466628	0.273162	0.136948	0.0255743	0.0179722
4.99456	0.503724	0.225874	0.145759	0.0242487	0.0164206
4.97065	0.501709	0.266662	0.14112	0.0256949	0.0178894
5.0324	0.515279	0.221642	0.144323	0.0241103	0.0161819
5.07326	0.492752	0.238989	0.142821	0.0247245	0.0168609
5.00172	0.510334	0.239274	0.143983	0.0249298	0.0169413
5.00462	0.479158	0.261739	0.144721	0.0254196	0.0177343
4.95153	0.465515	0.252704	0.145453	0.0249864	0.0173612
4.89969	0.525601	0.239578	0.142047	0.0251268	0.0170694
4.99934	0.539309	0.241326	0.142652	0.0251831	0.0171131
5.17659	0.507909	0.270562	0.152471	0.0260461	0.0181499
4.67387	0.4958	0.241035	0.133831	0.024609	0.0168078
5.00239	0.470545	0.254183	0.14358	0.0248585	0.0172877
4.98543	0.557044	0.211887	0.149581	0.0247848	0.0163576
4.93938	0.501278	0.253889	0.146789	0.0253994	0.0175255
4.98598	0.470674	0.261617	0.144821	0.0248633	0.0174036
4.84519	0.524908	0.235968	0.141611	0.024951	0.016901
4.97527	0.542886	0.237351	0.14025	0.0243968	0.0164908
5.11822	0.478291	0.26461	0.147458	0.0249311	0.0173999
5.06911	0.532639	0.232236	0.144336	0.0251405	0.0169718
4.70376	0.518107	0.209616	0.13652	0.024242	0.0160547
4.91094	0.518573	0.244926	0.144755	0.024689	0.0168403
4.84024	0.528174	0.227147	0.136735	0.0242221	0.0162148
4.77916	0.494871	0.248036	0.137951	0.0246331	0.0169286
4.93595	0.481069	0.241943	0.139864	0.0242687	0.0166693
4.82556	0.527808	0.233803	0.140448	0.024275	0.0163839
4.58655	0.513165	0.244889	0.132804	0.0249546	0.0170903
5.06753	0.477504	0.259736	0.144965	0.0249022	0.0173627
5.19255	0.504077	0.254287	0.149445	0.0255223	0.0175373
4.69195	0.491494	0.234314	0.13452	0.0247668	0.0169826
5.05942	0.48877	0.269815	0.146482	0.0255809	0.0178916
5.25879	0.522271	0.231993	0.150068	0.0245246	0.0165541
4.82782	0.506301	0.262718	0.136147	0.0252086	0.017441
5.06274	0.514518	0.222837	0.143853	0.024431	0.0164197
5.07316	0.499035	0.246127	0.148285	0.0249299	0.0170825
5.12743	0.473517	0.283767	0.146433	0.0259647	0.0183528
4.96155	0.50618	0.246818	0.146161	0.0251026	0.0172083
5.13626	0.526817	0.215926	0.148067	0.0247854	0.0165667
5.05099	0.477033	0.267692	0.144364	0.0249773	0.0174831
4.91968	0.519945	0.244589	0.146976	0.025753	0.0175547
4.9159	0.487402	0.266884	0.14162	0.0251831	0.0175517
5.00919	0.478765	0.261037	0.146933	0.0251216	0.0174652
4.61718	0.507905	0.253931	0.133708	0.0250204	0.0172323
4.91924	0.489399	0.280615	0.147622	0.0261582	0.0183829
5.40497	0.514869	0.25792	0.156707	0.0257658	0.0177707
4.6402	0.524785	0.216175	0.135487	0.024064	0.0160239
4.9065	0.478713	0.267536	0.140747	0.0251642	0.0176244
5.0351	0.55951	0.225993	0.146657	0.0249738	0.0166911
5.01866	0.500251	0.252671	0.142779	0.0253125	0.0174477
5.05841	0.5046	0.235128	0.143304	0.0250413	0.0170272
4.97908	0.489373	0.253068	0.143333	0.0252237	0.0174366
4.97145	0.495405	0.243414	0.142376	0.0249625	0.017116
4.96659	0.510642	0.239382	0.143111	0.0245288	0.0166999
4.81322	0.497721	0.261969	0.138109	0.025196	0.0175021
4.70972	0.507857	0.240161	0.139332	0.0249588	0.0170511
4.94677	0.504527	0.242224	0.142587	0.024809	0.0169203
5.06225	0.534648	0.240263	0.146972	0.0250865	0.0170074
5.12505	0.485325	0.253357	0.146682	0.0248094	0.0172285
5.00099	0.500825	0.252738	0.142116	0.0252678	0.0174378
4.94653	0.462411	0.256931	0.146099	0.0250182	0.0174321
5.07675	0.489475	0.274506	0.149637	0.026072	0.0182328
5.09485	0.502418	0.271583	0.148095	0.0261936	0.0182907
4.64914	0.499409	0.229003	0.136765	0.0245215	0.0166021
5.25223	0.514432	0.233318	0.154064	0.0247561	0.0168027
4.63755	0.464118	0.272229	0.134005	0.0250174	0.0176327
4.97153	0.520475	0.248417	0.141536	0.0253619	0.0173575
4.73901	0.511026	0.243064	0.138211	0.024804	0.0169012
4.91645	0.462538	0.266277	0.144811	0.0252909	0.0177524
5.16835	0.535515	0.247059	0.151146	0.0258485	0.0175665
5.15296	0.512125	0.236391	0.155944	0.0252513	0.0171875
4.79138	0.51828	0.22308	0.140506	0.0251886	0.0169119
5.13203	0.452127	0.307116	0.147414	0.0260512	0.018777
4.9532	0.465418	0.265546	0.138743	0.0249408	0.0174733
5.00829	0.536841	0.234869	0.145919	0.0252574	0.0170623
4.62068	0.532851	0.244061	0.127579	0.0241874	0.016497
4.86676	0.526205	0.235136	0.142054	0.0247974	0.0168066
4.89474	0.458206	0.268539	0.142632	0.0247966	0.0174066
4.97069	0.49089	0.2721	0.143259	0.0251668	0.0176611
5.06094	0.540147	0.225016	0.146348	0.0245835	0.0164181
4.85192	0.485522	0.271383	0.134945	0.0248046	0.0173833
4.62009	0.502571	0.245873	0.132592	0.0248276	0.0170109
4.82298	0.504411	0.248815	0.142436	0.0251794	0.0172634
4.90402	0.498241	0.242462	0.138025	0.024924	0.0170621
5.05742	0.472123	0.248438	0.143272	0.0245201	0.016977
4.89055	0.490796	0.251041	0.142171	0.0247886	0.0170999
5.10553	0.493485	0.245106	0.150149	0.0249628	0.0171753
4.95578	0.555746	0.230914	0.148623	0.0249334	0.0167369
5.09298	0.516231	0.242658	0.149332	0.0251301	0.0170947
5.06138	0.554843	0.226318	0.144793	0.0246943	0.0165278
4.99095	0.530635	0.229319	0.146732	0.0246123	0.01655
4.92513	0.488954	0.257377	0.14422	0.0249286	0.0173079
4.84619	0.501288	0.244298	0.142643	0.0245467	0.0169245
4.83312	0.463408	0.293209	0.143647	0.0260179	0.0185359
5.09671	0.502399	0.251275	0.143556	0.0245928	0.0169151
4.85732	0.492574	0.256665	0.141546	0.0250323	0.0173464
4.99277	0.492672	0.247888	0.147197	0.0254743	0.0175784
4.87965	0.495088	0.251582	0.14273	0.0252385	0.0173957
4.91709	0.435336	0.288343	0.142372	0.0255227	0.0182481
4.95772	0.475132	0.267927	0.144307	0.024853	0.0173988
5.06262	0.471296	0.263626	0.151421	0.0253727	0.0177166
4.77245	0.54816	0.229041	0.134771	0.0242301	0.0162304
5.08107	0.506756	0.244753	0.148102	0.0252241	0.0173035
5.23623	0.515884	0.253986	0.151596	0.0254137	0.0174834
4.74284	0.478626	0.253495	0.136087	0.0251438	0.0173733
4.93256	0.510143	0.244581	0.137545	0.0247563	0.0169754
5.26168	0.519807	0.236576	0.150837	0.0251698	0.0171552
5.21741	0.493035	0.258152	0.152398	0.0256869	0.0178555
4.73488	0.509471	0.263651	0.141999	0.0262907	0.0181803
4.74666	0.477531	0.276986	0.135931	0.0254305	0.0178948
4.85533	0.458666	0.261254	0.139868	0.0246974	0.0172672
5.14859	0.534892	0.229241	0.149994	0.0250219	0.0168305
4.98116	0.47878	0.273621	0.139877	0.0251149	0.0176496
4.84079	0.515795	0.230509	0.140726	0.0247394	0.0167696
5.19648	0.471451	0.301411	0.143903	0.0256505	0.0183003
4.79424	0.499497	0.252597	0.141135	0.0251949	0.017424
4.66741	0.465168	0.252529	0.135482	0.0247397	0.0172508
4.71669	0.518658	0.244873	0.135888	0.0246971	0.0168655
5.08569	0.468232	0.28819	0.144916	0.0255353	0.0180911
4.9911	0.546246	0.213853	0.145023	0.0243556	0.016125
5.00031	0.524363	0.240639	0.146395	0.0252037	0.0172009
4.85786	0.469447	0.282548	0.13939	0.0253178	0.0179569
4.90303	0.500208	0.241591	0.139741	0.0249398	0.0170625
4.60982	0.528976	0.240486	0.131909	0.0242422	0.0163918
5.19398	0.474385	0.283566	0.144096	0.0254659	0.017999
4.8563	0.50859	0.237345	0.137804	0.0245108	0.0166295
5.03483	0.454754	0.284006	0.145394	0.0251933	0.0179064
4.79011	0.495738	0.246571	0.139911	0.0246461	0.0169854
4.73342	0.480039	0.281524	0.139688	0.0258151	0.0181999
4.92055	0.516323	0.268777	0.138335	0.0252254	0.0175012
4.89498	0.49807	0.263535	0.136325	0.0249339	0.0173484
4.88492	0.51527	0.231352	0.139113	0.0243473	0.0164355
5.00417	0.502118	0.242959	0.140505	0.0247809	0.0169457
4.9645	0.548015	0.240846	0.144654	0.025022	0.0169339
5.20359	0.479271	0.272917	0.14457	0.0248189	0.0174344
4.95913	0.530837	0.250464	0.148205	0.0259499	0.0177668
5.13669	0.467347	0.245146	0.14905	0.0246805	0.0170517
4.84513	0.455165	0.278072	0.138333	0.0252035	0.0178136
5.1153	0.516172	0.249401	0.148641	0.0252342	0.0173086
4.97913	0.484553	0.234559	0.144534	0.0246979	0.0169023
4.90521	0.500958	0.239267	0.144487	0.0251564	0.0171384
4.96172	0.491895	0.275337	0.143467	0.0254512	0.0178664
4.8799	0.499566	0.249133	0.147109	0.0252587	0.0173943
5.12396	0.488631	0.265257	0.146677	0.0250677	0.0174933
4.81666	0.492733	0.268101	0.139633	0.025052	0.0174785
4.87366	0.549446	0.223573	0.140865	0.0249979	0.0167502
4.88804	0.496173	0.275824	0.138713	0.0254289	0.0177713
4.94071	0.542503	0.223644	0.141566	0.0244637	0.0162926
4.95615	0.487873	0.274562	0.143208	0.0256491	0.0180038
5.05887	0.520252	0.251901	0.145481	0.0249577	0.0170987
4.95495	0.499455	0.254937	0.146501	0.0255775	0.0177248
5.0231	0.472154	0.269168	0.145474	0.0251259	0.0176252
4.90601	0.453682	0.265111	0.139246	0.024606	0.0172893
4.86409	0.452382	0.289377	0.141059	0.0255485	0.0181941
5.05699	0.478396	0.262098	0.14794	0.0250386	0.0174345
4.93808	0.524334	0.225675	0.14428	0.0246574	0.0165883
4.94275	0.496805	0.233707	0.148293	0.0248107	0.0169431
4.94678	0.515915	0.227594	0.143762	0.0243611	0.0164164
5.0604	0.507814	0.247071	0.146269	0.0250856	0.0172145
5.117	0.46325	0.270662	0.147904	0.0254894	0.0179637
4.96613	0.514699	0.238815	0.144152	0.0254808	0.0172784
4.94853	0.49837	0.245428	0.141505	0.0246671	0.0169269
4.84435	0.481646	0.28013	0.145774	0.0262659	0.0184933
4.65739	0.473823	0.26746	0.136248	0.025165	0.0175982
5.29181	0.529955	0.268277	0.152238	0.0252997	0.0175448
4.91057	0.48757	0.261077	0.142237	0.0256515	0.0178435
4.8181	0.480884	0.269526	0.140232	0.0257156	0.018055
4.76211	0.470274	0.274306	0.134899	0.02468	0.0173804
5.0151	0.519922	0.252256	0.143923	0.024875	0.0170647
4.89715	0.519249	0.254055	0.140575	0.0252659	0.0173797
4.91511	0.474509	0.271243	0.140172	0.0250414	0.0175604
5.0048	0.496006	0.249366	0.146174	0.0252596	0.0173892
4.78957	0.510401	0.257441	0.138245	0.0251994	0.0174325
5.2814	0.526442	0.237677	0.152348	0.0251302	0.0170634
4.78534	0.480518	0.26575	0.137886	0.0248086	0.0172836
5.05062	0.517848	0.252605	0.147131	0.0251076	0.0172379
5.0153	0.525484	0.23597	0.140788	0.0243768	0.0164949
4.80974	0.53039	0.239105	0.144792	0.0255849	0.0173656
4.94229	0.476096	0.272633	0.142491	0.0247963	0.01738
4.96101	0.43279	0.27948	0.141768	0.0249592	0.017791
4.99774	0.50071	0.240218	0.142781	0.024664	0.0168477
5.08432	0.500767	0.247387	0.146843	0.0247448	0.0169899
4.89449	0.53948	0.224035	0.139864	0.0246921	0.016478
4.93085	0.500812	0.242405	0.144003	0.0248326	0.0169461
4.79072	0.548786	0.223114	0.138889	0.0246409	0.0164438
5.2326	0.512927	0.245882	0.148226	0.0246109	0.0168809
5.04056	0.530571	0.265775	0.14408	0.0254614	0.0176073
5.05324	0.477816	0.258723	0.148787	0.0255536	0.0178001
4.9733	0.496408	0.241354	0.145676	0.0248368	0.0169793
4.93008	0.464387	0.264055	0.140512	0.0248377	0.0173573
5.18883	0.475598	0.266877	0.149394	0.0252619	0.0176948
4.868	0.473876	0.24874	0.140749	0.0246196	0.0170755
4.8417	0.50432	0.258721	0.13857	0.0252703	0.0174821
4.6151	0.540493	0.212843	0.131329	0.0240892	0.016003
4.59529	0.506368	0.245942	0.135863	0.0249559	0.017057
5.07374	0.522212	0.224079	0.14847	0.024499	0.0165099
4.81991	0.516811	0.237899	0.136049	0.0243128	0.0165365
5.11858	0.481385	0.273943	0.146953	0.0258959	0.018155
4.82818	0.477897	0.259155	0.137328	0.024499	0.0170229
4.71231	0.527026	0.229903	0.1365	0.024785	0.0167373
4.99631	0.480005	0.254704	0.143586	0.0250169	0.0173539
4.70437	0.507108	0.255216	0.13006	0.0247066	0.0170426
5.08071	0.497233	0.246252	0.148225	0.0246378	0.0169507
5.04664	0.50143	0.258453	0.152493	0.0250927	0.0173424
5.04019	0.465729	0.29108	0.144703	0.0262735	0.0186752
4.98608	0.50292	0.254191	0.14311	0.0252765	0.0173869
4.92456	0.519415	0.2459	0.140748	0.0252968	0.0172896
4.80586	0.513539	0.233035	0.139803	0.0247913	0.0168031
4.88817	0.501759	0.250016	0.140331	0.0248443	0.0170596
4.87785	0.531156	0.23501	0.143372	0.0251075	0.0170237
5.06253	0.512417	0.258092	0.140429	0.0244502	0.0168144
5.23162	0.490827	0.257078	0.154667	0.0256609	0.0177758
4.96211	0.464089	0.274687	0.139272	0.0251224	0.0176452
4.83099	0.496506	0.236402	0.141649	0.0242186	0.0165279
4.85302	0.502185	0.23143	0.140042	0.0244852	0.0166065
5.09141	0.437661	0.28784	0.148145	0.0253925	0.0181491
4.88727	0.492316	0.255394	0.147359	0.0254316	0.0175975
4.89697	0.51491	0.247026	0.139003	0.0245046	0.0167744
5.0629	0.519005	0.247387	0.146635	0.0252065	0.0172239
5.00598	0.480186	0.232861	0.144184	0.0241594	0.016467
4.71014	0.498698	0.259292	0.134196	0.0246289	0.0170427
4.94691	0.516857	0.247126	0.141003	0.0249573	0.0171435
4.87293	0.52058	0.268087	0.13855	0.0253008	0.0175788
4.95432	0.504394	0.232939	0.144496	0.024638	0.0167705
4.84225	0.523131	0.259143	0.139357	0.0255081	0.0175717
4.9772	0.464763	0.275183	0.141862	0.0249053	0.0175157
4.80025	0.490354	0.260858	0.136921	0.0244239	0.0169453
4.97239	0.520617	0.248462	0.144527	0.025121	0.0171268
4.78957	0.499466	0.278382	0.142435	0.0258656	0.0181239
4.81244	0.505973	0.229846	0.138597	0.0243994	0.016564
5.04267	0.531401	0.228926	0.144375	0.0246654	0.0166165
5.11032	0.551997	0.226469	0.143172	0.0245373	0.01638
5.2555	0.521371	0.222211	0.151894	0.02442	0.0163647
4.81196	0.493267	0.254081	0.138999	0.0249905	0.0172762
4.86245	0.503359	0.263187	0.139774	0.0251943	0.0174463
5.17557	0.483319	0.280217	0.149849	0.0257905	0.0181158
4.88589	0.495583	0.277116	0.144836	0.0262283	0.0184384
4.75095	0.48501	0.263394	0.136096	0.0248399	0.0173152
4.92242	0.486334	0.25343	0.143179	0.0255046	0.0176436
4.89997	0.500293	0.222949	0.13846	0.0237308	0.0159689
4.94891	0.481074	0.235867	0.141404	0.024724	0.0169569
5.02071	0.519658	0.234531	0.141929	0.0246279	0.0166631
5.06548	0.537035	0.241367	0.143938	0.0245921	0.0167545
5.14106	0.447916	0.286716	0.148949	0.0255573	0.0181974
5.00243	0.520953	0.240032	0.145164	0.0249648	0.0170022
5.03171	0.457505	0.296476	0.144567	0.0258218	0.018455
5.14126	0.490543	0.260456	0.151419	0.0255544	0.017737
5.30389	0.507721	0.254605	0.152016	0.0255046	0.0175986
5.03155	0.475816	0.262831	0.147848	0.0256723	0.0179355
5.09757	0.515793	0.23923	0.149479	0.0250802	0.0171156
5.21472	0.505116	0.241469	0.151388	0.0250915	0.0170915
4.83077	0.480253	0.226821	0.14358	0.0245972	0.0167228
4.95616	0.480704	0.273437	0.142804	0.0253891	0.0178108
4.84404	0.498193	0.264814	0.139986	0.0252521	0.0175489
4.99773	0.48585	0.256958	0.143952	0.024802	0.0172209
4.9694	0.47773	0.249242	0.142776	0.0247373	0.0171404
4.85973	0.513328	0.257775	0.146626	0.0259449	0.0178542
4.89019	0.48983	0.264778	0.140321	0.0249054	0.0173532
5.22013	0.515962	0.239946	0.150744	0.0248609	0.0169648
4.79209	0.503266	0.25146	0.139633	0.0246583	0.0169604
5.05614	0.508735	0.247787	0.145839	0.024918	0.0170613
4.98898	0.555048	0.212154	0.140937	0.0240784	0.0159027
5.0569	0.495784	0.268861	0.148825	0.0254981	0.017757
4.99211	0.505082	0.249577	0.141569	0.0246275	0.0169359
4.96029	0.496053	0.270929	0.142131	0.0259952	0.0181287
4.81795	0.484537	0.248466	0.139429	0.02497	0.0171934
4.91167	0.507384	0.2467	0.140758	0.024824	0.0170247
5.08711	0.510382	0.256266	0.144378	0.0252397	0.0173789
5.06951	0.483335	0.279184	0.146771	0.0255901	0.0179673
4.88396	0.537716	0.242506	0.138171	0.0249594	0.016987
4.75599	0.521455	0.234231	0.135344	0.0246905	0.0167103
4.80726	0.443592	0.292152	0.13771	0.0252426	0.0179934
4.76377	0.501055	0.244308	0.138493	0.0249174	0.017121
4.86795	0.493089	0.259894	0.143173	0.0255636	0.0177435
5.04235	0.516874	0.248337	0.142939	0.0250192	0.0171376
5.0321	0.522637	0.232179	0.14597	0.0252081	0.0170254
5.14151	0.526764	0.215173	0.147826	0.0246053	0.0164479
4.89263	0.509876	0.237604	0.141086	0.0245141	0.0166721
4.82153	0.492193	0.251454	0.142972	0.0256184	0.0177031
4.9543	0.516621	0.240291	0.144953	0.0253367	0.017276
4.75757	0.479389	0.259741	0.138475	0.0253162	0.0176107
4.87666	0.498713	0.232003	0.139114	0.0242374	0.0164218
5.16719	0.51788	0.248556	0.147132	0.0249441	0.0170713
5.03571	0.52653	0.246698	0.149202	0.0256173	0.0174903
4.71635	0.491363	0.241378	0.136745	0.024939	0.0171178
5.04851	0.491775	0.252045	0.14469	0.0249773	0.0172284
4.60447	0.481255	0.268329	0.131067	0.02548	0.0177323
4.72907	0.524446	0.243548	0.142718	0.0253245	0.0172319
5.2476	0.468887	0.296941	0.151398	0.0264853	0.0188564
5.00783	0.563895	0.211773	0.147106	0.024469	0.016138
4.86187	0.499052	0.235811	0.140524	0.0246473	0.0168774
4.77333	0.557452	0.229402	0.135733	0.0250007	0.0167539
4.92707	0.450903	0.284572	0.14066	0.0252329	0.0179227
5.02798	0.503308	0.242754	0.145683	0.0246454	0.0169018
4.62398	0.494917	0.275969	0.132802	0.0254556	0.0178635
4.86657	0.492464	0.251905	0.134599	0.0242389	0.0167691
5.09228	0.47962	0.254322	0.150186	0.0251822	0.0174785
4.97081	0.485015	0.248119	0.144579	0.0253421	0.0175432
5.21948	0.485824	0.269673	0.153291	0.0255371	0.0178317
4.81481	0.53491	0.274254	0.137693	0.026072	0.0181023
4.89262	0.539009	0.251969	0.143753	0.0255973	0.017438
5.03424	0.514155	0.257477	0.145041	0.0254712	0.0175664
4.84647	0.510257	0.240115	0.138014	0.0243903	0.0166134
4.94452	0.458382	0.287275	0.139315	0.025386	0.0180293
4.79058	0.495132	0.269552	0.140524	0.0253639	0.0176416
4.64146	0.466522	0.292061	0.13217	0.0252895	0.018
5.24895	0.497279	0.23795	0.153212	0.0248245	0.0169073
4.93501	0.526162	0.262333	0.142988	0.0258209	0.0178547
4.73679	0.539349	0.227945	0.137429	0.0247973	0.0166347
5.11091	0.493972	0.260627	0.152019	0.0259482	0.0180391
5.12944	0.514928	0.25215	0.145266	0.0250921	0.0172426
4.73565	0.519947	0.259659	0.134081	0.0250409	0.0172527
5.14576	0.462697	0.264676	0.144125	0.0246058	0.0172349
5.20746	0.488887	0.247937	0.148838	0.0247523	0.0170463
4.9632	0.488348	0.241432	0.142127	0.0244654	0.0167692
5.07741	0.493901	0.254382	0.149193	0.0255332	0.0176002
4.95267	0.475979	0.268306	0.144701	0.0255791	0.0178951
4.75702	0.493189	0.245254	0.141827	0.024984	0.0171819
4.69547	0.487504	0.269204	0.136054	0.0251818	0.017546
4.84769	0.507786	0.255405	0.138488	0.025008	0.0172796
4.9725	0.456999	0.269167	0.142727	0.0253533	0.0178803
5.26582	0.485071	0.278222	0.149165	0.0254272	0.017852
5.04535	0.507619	0.234759	0.146904	0.02488	0.0168773
4.95895	0.543171	0.226849	0.143095	0.0245568	0.0164212
5.01967	0.477443	0.253706	0.143045	0.0245577	0.0170112
5.15511	0.451052	0.29306	0.149467	0.0258676	0.018489
5.1505	0.514328	0.229456	0.146419	0.0242961	0.0164459
4.7316	0.498413	0.259132	0.139416	0.0247883	0.0171717
4.98594	0.491184	0.240172	0.145966	0.0252043	0.0172821
4.9997	0.456889	0.266119	0.144406	0.0253561	0.0177729
4.7006	0.497599	0.263818	0.131822	0.0252263	0.017583
4.81208	0.528747	0.22773	0.141281	0.025263	0.0170114
5.06623	0.494089	0.229582	0.14611	0.0245596	0.0166379
4.92927	0.512051	0.241261	0.140401	0.024931	0.0170313
4.8951	0.519678	0.260316	0.145473	0.0255666	0.0175434
4.81776	0.541566	0.218201	0.14194	0.0246471	0.0164582
5.18236	0.527432	0.244422	0.144654	0.0250978	0.0171094
4.97096	0.530126	0.239844	0.145146	0.0250021	0.0169749
4.97074	0.501295	0.259524	0.139603	0.0249462	0.0172958
4.83856	0.550885	0.235479	0.141635	0.0253392	0.0170467
4.79933	0.52574	0.221171	0.135552	0.0242097	0.016216
5.03105	0.500193	0.24397	0.138947	0.0244887	0.0168188
5.01423	0.496456	0.252358	0.144672	0.0254808	0.0176269
4.79463	0.490306	0.270601	0.141764	0.0253569	0.0176919
5.0923	0.516364	0.237715	0.14557	0.0248482	0.0168866
4.98286	0.473839	0.255806	0.143708	0.0248562	0.0173352
4.63762	0.51085	0.247616	0.131245	0.0245315	0.0168144
4.9425	0.518378	0.237269	0.140616	0.02514	0.0171203
4.9022	0.52449	0.267752	0.140702	0.0255346	0.0177057
4.91085	0.50223	0.260026	0.141986	0.0257037	0.0177976
4.81275	0.525099	0.243705	0.137871	0.0249552	0.0170018
5.05404	0.469147	0.272467	0.143577	0.0254637	0.0178995
5.08421	0.507484	0.238035	0.146892	0.0247687	0.0168932
4.88191	0.528063	0.236217	0.140906	0.0250832	0.0170397
4.75526	0.496402	0.257688	0.137931	0.0250626	0.0173273
4.73502	0.496513	0.243385	0.140448	0.025464	0.0174592
4.93409	0.4879	0.246847	0.145924	0.0248703	0.0170953
4.90807	0.487007	0.277848	0.142208	0.0255308	0.0179522
4.85716	0.473367	0.266266	0.136778	0.0248806	0.017423
4.86096	0.510923	0.246156	0.13853	0.0248406	0.0169624
4.79009	0.502243	0.260394	0.139624	0.0251841	0.0173737
5.03658	0.520269	0.247685	0.141138	0.0251419	0.0171833
5.21679	0.45621	0.275253	0.15291	0.0253479	0.0179342
4.96609	0.497692	0.240958	0.139459	0.0240277	0.0164589
5.00807	0.49808	0.258063	0.142406	0.0250912	0.01747
4.80121	0.43845	0.285446	0.138065	0.0251398	0.0179019
5.11381	0.49182	0.267869	0.143558	0.0251704	0.0175462
5.29049	0.531987	0.237395	0.148858	0.0250186	0.016899
5.11612	0.445531	0.27742	0.149964	0.0251804	0.0178821
4.95402	0.520324	0.255107	0.144695	0.0256064	0.017587
4.94312	0.503801	0.229676	0.135593	0.0239692	0.0162241
5.16927	0.535751	0.240999	0.151249	0.0259187	0.0176434
5.17483	0.483427	0.257104	0.147144	0.0248606	0.0172716
4.88197	0.482006	0.254811	0.143244	0.0251451	0.0174621
4.58069	0.483759	0.242174	0.133381	0.0244289	0.0167549
4.70012	0.473758	0.278102	0.131024	0.0250371	0.0176469
5.03795	0.51402	0.263579	0.138893	0.0253921	0.0176072
4.92313	0.45396	0.295113	0.141484	0.0255985	0.0182888
5.05114	0.492957	0.263614	0.144013	0.0252064	0.0175165
4.9356	0.482776	0.267697	0.142686	0.0255389	0.0179155
5.12219	0.501916	0.252593	0.145848	0.0252616	0.0174439
4.89429	0.52272	0.26318	0.144188	0.0254716	0.0175884
4.96749	0.468317	0.276416	0.143859	0.0255088	0.0179843
4.81108	0.492247	0.257528	0.140947	0.025581	0.0177324
5.04183	0.504068	0.245632	0.143085	0.024772	0.0169794
4.82853	0.481528	0.242397	0.142253	0.0248885	0.0170902
4.8384	0.512203	0.239323	0.139766	0.0247328	0.0168618
4.91893	0.54638	0.207207	0.148043	0.0248431	0.0163802
4.95398	0.530672	0.234192	0.139603	0.0251592	0.0170272
4.9703	0.481154	0.271888	0.143511	0.0258932	0.0181848
4.94081	0.513486	0.253922	0.138915	0.0249645	0.0171448
5.12635	0.492105	0.237915	0.151992	0.0245586	0.016793
5.09935	0.49707	0.255962	0.149032	0.0254307	0.0175479
5.09061	0.451855	0.292017	0.147088	0.0257321	0.0184025
5.13782	0.48221	0.264458	0.152428	0.0254164	0.0178361
4.86697	0.494825	0.239389	0.142729	0.0247623	0.0169101
5.02747	0.501777	0.258418	0.145027	0.0252667	0.0174419
4.78856	0.502642	0.24861	0.140103	0.0252893	0.0174263
5.14205	0.506632	0.241092	0.15065	0.0248174	0.0169455
5.07085	0.548831	0.233142	0.146999	0.0252486	0.0170012
4.86436	0.494738	0.253284	0.142741	0.0253266	0.0175028
5.10073	0.52355	0.255677	0.144742	0.0250019	0.0172329
5.05497	0.470252	0.278471	0.14691	0.0254523	0.0179888
4.92343	0.553483	0.227358	0.144647	0.0253889	0.0170036
4.55215	0.469409	0.266484	0.132191	0.0253765	0.0177643
5.04411	0.507083	0.239374	0.149614	0.0246562	0.0168529
5.10271	0.516605	0.252417	0.144764	0.0249203	0.0171321
5.08145	0.491185	0.252798	0.142636	0.0249762	0.0172571
5.25294	0.504412	0.223769	0.149989	0.0246773	0.0166842
5.16457	0.540826	0.226665	0.15	0.0248014	0.0166533
4.77259	0.481891	0.240148	0.137566	0.0241631	0.0166864
4.97303	0.456015	0.261829	0.141257	0.0247644	0.0173329
5.14891	0.485024	0.247425	0.143227	0.0247844	0.0171408
5.0595	0.517336	0.242881	0.14047	0.024804	0.0169068
4.81663	0.526921	0.261492	0.140536	0.0256638	0.0176912
5.04836	0.494809	0.249069	0.145251	0.0252359	0.0174088
4.71915	0.461814	0.275369	0.140613	0.025221	0.0178214
4.9723	0.528398	0.244674	0.140396	0.0246623	0.0167758
4.99547	0.451648	0.26672	0.14073	0.02496	0.0175452
5.03162	0.483635	0.262905	0.146005	0.0254154	0.017689
4.80014	0.502301	0.250864	0.1366	0.0249707	0.0171589
4.71195	0.468408	0.268058	0.135477	0.0251367	0.0175589
4.66382	0.56628	0.219336	0.138239	0.0247635	0.0163859
5.08407	0.524295	0.255859	0.147948	0.0256438	0.0176496
5.00546	0.469941	0.260177	0.146666	0.0242345	0.0169076
4.87923	0.50014	0.22792	0.140823	0.0248397	0.0168254
4.91504	0.521469	0.234068	0.1385	0.0248878	0.016922
4.82581	0.499184	0.26405	0.142674	0.0257901	0.0179559
4.8864	0.514262	0.232714	0.141865	0.0247883	0.0168384
4.63719	0.543764	0.260877	0.136378	0.0257165	0.0176823
4.80326	0.504612	0.256796	0.142087	0.0249313	0.017229
5.04291	0.499858	0.26054	0.145056	0.0257289	0.0178469
4.86198	0.502413	0.259147	0.133868	0.0246255	0.0170309
4.82934	0.492305	0.260804	0.13822	0.0245029	0.0169935
4.66216	0.509892	0.233774	0.132903	0.0245136	0.0166378
5.12059	0.494956	0.25552	0.153172	0.0259423	0.0179559
4.79013	0.49945	0.241455	0.141221	0.0256094	0.0175734
5.14024	0.5252	0.236131	0.144407	0.0245617	0.0165879
5.01644	0.462785	0.268044	0.146407	0.0254858	0.0178806
5.11598	0.540439	0.228234	0.149116	0.0246825	0.0165488
4.79053	0.520367	0.235831	0.133222	0.0246557	0.0167821
4.839	0.515734	0.267215	0.143409	0.0257044	0.0178042
4.94091	0.526226	0.231354	0.145978	0.0245099	0.0165561
4.84376	0.526928	0.244648	0.14198	0.0248002	0.0169387
5.27469	0.478002	0.264679	0.149369	0.0252661	0.0176356
4.83957	0.488665	0.252683	0.139762	0.0247579	0.0170987
4.99941	0.548512	0.219718	0.141108	0.0249113	0.0165739
5.01619	0.5307	0.236382	0.14345	0.0249591	0.0169229
4.99639	0.530883	0.225768	0.143623	0.0244723	0.0164564
4.89796	0.462019	0.27982	0.142438	0.0257799	0.0182204
4.87337	0.491932	0.240544	0.141703	0.0248255	0.0170673
5.01461	0.523714	0.245421	0.148066	0.0259261	0.0176564
4.893	0.495837	0.263943	0.141979	0.0253388	0.0175547
4.84094	0.505221	0.267055	0.139451	0.0253756	0.0176716
4.96567	0.481119	0.259896	0.143556	0.0248487	0.0172415
4.92652	0.490489	0.249483	0.143062	0.0248914	0.017209
5.06943	0.505832	0.230544	0.145146	0.0243248	0.0164724
4.93482	0.532125	0.230191	0.141512	0.0249163	0.0167712
5.01391	0.505983	0.255758	0.145623	0.024961	0.0172034
5.19273	0.58297	0.210857	0.151822	0.0250461	0.0164093
4.43554	0.500693	0.240872	0.126836	0.0244808	0.0167658
4.96056	0.47651	0.282272	0.144503	0.0254516	0.0179157
4.81801	0.540951	0.243669	0.140932	0.0256622	0.0174716
4.83518	0.491434	0.253085	0.139889	0.0251291	0.0173015
4.79677	0.504995	0.248746	0.139164	0.025101	0.0173105
4.92041	0.48257	0.254074	0.145249	0.0251618	0.0174487
4.99852	0.511444	0.263366	0.148381	0.0254688	0.0176847
4.88386	0.487814	0.256763	0.139789	0.0250268	0.0174162
4.79365	0.509113	0.266497	0.138047	0.0249498	0.0172616
4.87946	0.483792	0.265905	0.137676	0.0247051	0.0172326
4.76116	0.482857	0.249076	0.140155	0.0246606	0.0169849
4.61196	0.472338	0.262105	0.134724	0.0249214	0.0173502
5.0759	0.532396	0.235472	0.147864	0.0257318	0.0173737
5.0757	0.466179	0.283814	0.145825	0.0257308	0.0182634
4.8796	0.48508	0.239741	0.145507	0.0250418	0.0171323
5.14959	0.487902	0.255536	0.150978	0.0249521	0.017253
4.69843	0.543088	0.227781	0.135866	0.0245641	0.016409
5.08464	0.450347	0.289002	0.142224	0.025172	0.017888
4.94612	0.492218	0.25464	0.144963	0.025192	0.0174073
4.74993	0.464509	0.242644	0.141526	0.0247085	0.0170736
4.9394	0.512508	0.250555	0.138458	0.024982	0.0172122
5.17656	0.528569	0.24832	0.147652	0.0251514	0.017207
5.02329	0.51164	0.234336	0.147614	0.0251177	0.0170092
4.95094	0.559385	0.241079	0.143882	0.0257621	0.0173582
5.02029	0.475518	0.283666	0.146199	0.0255429	0.0180441
4.91604	0.48383	0.240303	0.144461	0.025021	0.0171877
5.13418	0.463943	0.255442	0.146842	0.0247318	0.0172498
4.79152	0.495542	0.258086	0.138751	0.0249715	0.0173146
5.01502	0.531303	0.205866	0.141882	0.0236752	0.0156104
4.86213	0.490531	0.262595	0.142174	0.0256101	0.0177929
4.778	0.556045	0.22168	0.138592	0.0248732	0.016482
5.03481	0.469804	0.259375	0.145991	0.0252392	0.0176041
4.92609	0.48845	0.253132	0.142558	0.024851	0.0172134
5.26983	0.532857	0.233118	0.152726	0.0249534	0.0168338
4.97822	0.500624	0.253233	0.146553	0.0252532	0.0174232
4.86016	0.506324	0.254638	0.142432	0.0253847	0.0174816
4.75631	0.447635	0.264371	0.135395	0.0246056	0.017354
4.78096	0.503685	0.238862	0.137952	0.0246711	0.0168324
4.77262	0.467287	0.282258	0.131706	0.0248819	0.0176092
4.81765	0.458618	0.276774	0.140018	0.0251439	0.0177523
5.09976	0.516677	0.235034	0.149014	0.024704	0.0167356
4.99744	0.472405	0.267252	0.143493	0.0251459	0.0176308
4.72763	0.462376	0.273493	0.14082	0.0255763	0.0180333
5.06954	0.514611	0.232327	0.145569	0.0245866	0.0166491
5.02345	0.514804	0.255696	0.145378	0.0252171	0.0173734
4.98392	0.51437	0.228239	0.140969	0.0242289	0.0163143
4.93686	0.476256	0.264348	0.138204	0.0250188	0.0174835
4.8838	0.503608	0.254726	0.140967	0.0251031	0.0172805
4.89541	0.458422	0.267837	0.145407	0.0252786	0.0177955
4.96601	0.49095	0.259591	0.144103	0.0254724	0.0177025
5.1632	0.505884	0.233977	0.149931	0.0249568	0.0170204
4.96478	0.481787	0.25452	0.138895	0.0247515	0.01719
4.96446	0.492493	0.254902	0.145533	0.0250103	0.017258
4.87936	0.545032	0.242833	0.139377	0.0250096	0.0169701
4.93586	0.463598	0.269481	0.140552	0.0250238	0.0176321
4.66957	0.525671	0.217083	0.136562	0.0238869	0.0159239
5.14392	0.504845	0.255311	0.150843	0.0256569	0.0177049
4.93096	0.475846	0.257303	0.142083	0.0252972	0.0175921
4.69511	0.509851	0.241254	0.135804	0.0250298	0.0171431
4.88261	0.490568	0.25244	0.136794	0.0242648	0.0167501
4.80471	0.497373	0.263895	0.14063	0.0252032	0.0175637
5.04362	0.51912	0.250732	0.148747	0.0255837	0.0175554
5.03053	0.517213	0.232838	0.148544	0.025448	0.0172474
5.02278	0.516617	0.235422	0.148807	0.0250664	0.0170091
4.88255	0.511719	0.2395	0.138833	0.0247356	0.016849
4.85713	0.480138	0.267585	0.141228	0.0252586	0.0176666
4.90334	0.508995	0.271393	0.138539	0.0253575	0.0176454
4.91698	0.55179	0.213684	0.144115	0.0243743	0.0161713
4.85904	0.544815	0.227275	0.141042	0.0252498	0.0168871
4.91181	0.513211	0.245803	0.140486	0.0245786	0.0168797
5.11183	0.555547	0.211414	0.144446	0.0242576	0.0159863
4.88785	0.520129	0.242396	0.142307	0.0247593	0.0168441
5.09289	0.502352	0.248944	0.148794	0.0251338	0.0172476
4.94682	0.495136	0.265303	0.149741	0.0260248	0.0181196
4.87419	0.503434	0.231103	0.137308	0.0237159	0.0161116
5.24092	0.464442	0.2521	0.153044	0.0250299	0.0174033
4.89654	0.512675	0.240676	0.138921	0.0245338	0.0166991
4.9783	0.521242	0.2575	0.145213	0.0254828	0.017531
4.83249	0.492675	0.238536	0.139643	0.0245064	0.0168263
4.51141	0.485672	0.280034	0.130269	0.0252689	0.0177766
4.99891	0.490239	0.235762	0.14581	0.0246809	0.0168354
4.95654	0.495083	0.246643	0.143437	0.0245888	0.0169077
4.85838	0.496001	0.247354	0.142644	0.0253134	0.0174054
5.08554	0.476693	0.241837	0.146407	0.0248882	0.0172225
5.26217	0.559244	0.228259	0.153679	0.0250609	0.0167954
4.87211	0.451212	0.266959	0.140911	0.024815	0.0175088
4.88878	0.503252	0.2726	0.140415	0.025496	0.0178215
4.98085	0.52128	0.242209	0.139682	0.0241705	0.0164523
5.09925	0.545648	0.250635	0.147571	0.0255605	0.0174439
4.99519	0.479833	0.259173	0.143134	0.024653	0.0171188
5.03432	0.50272	0.267867	0.14793	0.0258227	0.0179652
4.8966	0.476857	0.250068	0.145592	0.0250514	0.0172838
4.83182	0.482847	0.259109	0.141338	0.0248108	0.0172422
5.128	0.498977	0.249872	0.143688	0.0246937	0.0170072
4.74164	0.519722	0.241033	0.138333	0.0247958	0.0168074
4.87142	0.501888	0.237155	0.139537	0.0247462	0.0168536
4.80811	0.456142	0.275286	0.139123	0.02592	0.018277
5.05057	0.469903	0.256786	0.146861	0.0252935	0.0176855
4.9279	0.500702	0.250235	0.138603	0.0249051	0.0171831
4.93035	0.494242	0.252566	0.143526	0.0253785	0.0174805
4.98856	0.566132	0.2189	0.145701	0.0251101	0.016659
4.91482	0.50051	0.254805	0.144272	0.0253606	0.0175264
4.70813	0.485953	0.245532	0.133696	0.0242351	0.0166933
4.97123	0.524137	0.239903	0.150216	0.0252367	0.0171267
4.88035	0.507608	0.243027	0.140047	0.0250621	0.01718
4.87783	0.506126	0.261177	0.14087	0.0255667	0.0177843
5.00799	0.50078	0.257378	0.138944	0.0246653	0.0170198
4.80133	0.449551	0.259804	0.138077	0.0245741	0.0172467
4.89032	0.513317	0.241475	0.141377	0.0247447	0.0169249
4.93026	0.510332	0.26292	0.143246	0.0254869	0.0176051
4.77209	0.496078	0.276077	0.13474	0.0253536	0.0177767
5.21661	0.500466	0.248789	0.148173	0.025361	0.0174479
4.83774	0.505288	0.240158	0.138153	0.0243651	0.0166262
4.9897	0.521327	0.254131	0.146664	0.0254596	0.0174737
5.07743	0.482522	0.265894	0.151795	0.0258297	0.0180546
4.92816	0.478236	0.245904	0.143081	0.0247389	0.0170941
5.1804	0.530458	0.2703	0.152328	0.0257097	0.0178054
4.98924	0.481944	0.262474	0.148975	0.0257968	0.0179592
4.987	0.511535	0.22087	0.144627	0.0243036	0.0162988
4.88332	0.527975	0.204898	0.149688	0.0247148	0.0162784
5.23778	0.523879	0.223378	0.14842	0.0242765	0.0163462
5.09781	0.480543	0.256958	0.14945	0.0251474	0.0174981
4.90905	0.452764	0.271574	0.142596	0.0251428	0.017716
4.76094	0.525163	0.239626	0.136021	0.0247608	0.0168393
4.98507	0.5029	0.245005	0.138687	0.0247063	0.0169617
4.94338	0.446167	0.310779	0.142165	0.0262054	0.0188935
4.9454	0.490405	0.255734	0.143878	0.0253625	0.0175956
4.93795	0.529849	0.223926	0.14356	0.0247244	0.0165678
4.89396	0.498034	0.252344	0.140334	0.0248095	0.0171017
4.83525	0.50181	0.247348	0.136213	0.0251053	0.0171774
4.95887	0.462518	0.262271	0.145803	0.0253615	0.017782
5.02306	0.509585	0.265271	0.143856	0.0257698	0.0178772
5.26061	0.482008	0.245722	0.155678	0.0248308	0.0171252
4.9602	0.491022	0.264138	0.143592	0.0253065	0.017605
4.92128	0.522522	0.225436	0.138922	0.0243133	0.016398
4.87553	0.524589	0.227369	0.140404	0.0242404	0.0163582
5.07585	0.489482	0.249776	0.147749	0.0249391	0.017171
4.88498	0.520901	0.250718	0.140475	0.0248652	0.0170383
4.73715	0.493448	0.261765	0.137388	0.0247641	0.0172277
4.7797	0.514206	0.244179	0.136064	0.0247919	0.0169397
4.80257	0.499884	0.252156	0.134867	0.024557	0.0169556
5.12183	0.505786	0.248904	0.149481	0.0253549	0.0174101
5.01589	0.476203	0.26887	0.144434	0.0254846	0.0178644
4.96692	0.467674	0.254847	0.141719	0.0247011	0.0172164
4.98541	0.517357	0.231605	0.14488	0.0247175	0.0166513
5.11232	0.529855	0.235072	0.147913	0.0245756	0.0166118
4.79794	0.520429	0.244824	0.141024	0.0251783	0.0172109
5.00626	0.501512	0.249423	0.14327	0.0246205	0.0169407
4.80796	0.44466	0.287867	0.141424	0.0256395	0.0182689
4.97603	0.550527	0.234045	0.144527	0.0246334	0.0166375
4.87229	0.532848	0.235235	0.144667	0.0250031	0.0168793
4.97354	0.454017	0.290658	0.149676	0.0260349	0.0185379
5.03487	0.505849	0.276479	0.146982	0.0259077	0.018126
4.92288	0.460945	0.298422	0.142236	0.0260033	0.0186013
4.80251	0.542979	0.226991	0.134626	0.0239947	0.0160719
4.86521	0.528856	0.248523	0.14083	0.0250808	0.0171285
5.08683	0.496145	0.255891	0.14238	0.0250755	0.0173137
5.07556	0.514013	0.23299	0.148332	0.0248693	0.0168224
4.93877	0.491807	0.242146	0.143093	0.0245952	0.0168696
4.59699	0.516567	0.236874	0.133836	0.0245017	0.0166112
4.96632	0.520228	0.232262	0.148585	0.0250105	0.0169786
5.05038	0.54229	0.232354	0.147287	0.0250875	0.0168371
5.0082	0.548934	0.226406	0.141094	0.024716	0.0165632
4.82925	0.503777	0.252004	0.136812	0.0249716	0.0172065
5.16603	0.469505	0.286735	0.146455	0.0255438	0.0180816
5.15038	0.481395	0.258835	0.151414	0.0251467	0.0175071
5.23556	0.511722	0.251119	0.153495	0.0247709	0.0170448
4.89781	0.488293	0.276893	0.136344	0.0254643	0.0179045
4.89106	0.534498	0.21057	0.146543	0.0254194	0.0168201
4.7068	0.444149	0.261336	0.138514	0.0245729	0.0172826
5.14419	0.525611	0.23611	0.149271	0.0248732	0.0168167
4.75745	0.486847	0.260561	0.139943	0.0247762	0.0172183
5.0445	0.517612	0.236137	0.143345	0.0247843	0.0168937
4.97733	0.499282	0.248117	0.138328	0.0243328	0.0167193
4.81758	0.488702	0.277896	0.13759	0.025736	0.0180407
4.93778	0.502945	0.240977	0.140232	0.0248465	0.0170585
4.69911	0.510463	0.244458	0.136095	0.0249962	0.0170885
4.88025	0.511992	0.251619	0.139524	0.025002	0.0171824
4.92539	0.50498	0.261841	0.144808	0.0253228	0.0175322
5.07466	0.486059	0.263302	0.145393	0.025165	0.0174942
4.9357	0.499776	0.238461	0.144001	0.0246744	0.0168255
5.03911	0.509943	0.249912	0.143075	0.0249941	0.0171076
5.00115	0.52186	0.218066	0.148506	0.0245968	0.0164385
5.06131	0.508991	0.244624	0.146435	0.0249175	0.0170373
4.82733	0.48859	0.24207	0.141798	0.0242855	0.0166123
4.925	0.477839	0.261138	0.141651	0.0247017	0.0171851
4.97533	0.527778	0.239774	0.141964	0.0246986	0.0167824
5.09668	0.509744	0.234013	0.147872	0.0248708	0.0168934
5.0474	0.515844	0.244927	0.141761	0.0251056	0.0171504
4.85637	0.529035	0.235216	0.140439	0.0246938	0.016671
4.9006	0.51409	0.251183	0.141695	0.0248816	0.0171085
4.97917	0.450271	0.28131	0.144248	0.0252223	0.017884
4.82108	0.493699	0.273216	0.138119	0.0256821	0.0179875
4.94998	0.516711	0.235672	0.146921	0.0244449	0.0165742
4.81147	0.498522	0.26828	0.140359	0.0256926	0.0179483
5.07712	0.511809	0.239972	0.146813	0.0250512	0.0170797
4.96446	0.507925	0.250815	0.140854	0.0248537	0.0170581
5.07301	0.525437	0.214891	0.144273	0.0244911	0.0163809
5.08633	0.506316	0.239835	0.144385	0.0247286	0.0168144
5.02182	0.528132	0.220094	0.142468	0.0243543	0.0162648
5.05019	0.46361	0.290992	0.148645	0.0258473	0.0183534
4.81084	0.452259	0.261198	0.138754	0.0248071	0.0173697
4.92228	0.49777	0.238757	0.145235	0.0249199	0.01709
5.05025	0.475147	0.289151	0.145986	0.0261518	0.0185399
4.8876	0.523777	0.240335	0.141262	0.025097	0.0170488
4.83058	0.502481	0.269164	0.141619	0.0258905	0.0180084
5.00114	0.506496	0.224728	0.148883	0.024978	0.0169091
5.07005	0.458932	0.26677	0.15054	0.0258172	0.0181483
4.8867	0.505959	0.253132	0.139826	0.0246612	0.0169818
5.07863	0.524146	0.241018	0.144243	0.0247116	0.0168148
4.98879	0.481316	0.246832	0.145019	0.0248039	0.0170975
4.83285	0.496841	0.24729	0.137157	0.0246232	0.0169053
