# K. Miernik
# Phys. Rev. C 88, 041301(R) (2013) 
#
# 3916 isotopes 
#A    Z   Pn_total 
  20    8  0.00000
  21    8  0.00009
  22    8  0.02814
  23    8  0.01687
  24    8  0.16702
  25    8  0.43562
  26    8  1.00000
  27    8  0.72263
  28    8  1.00000
  29    8  0.77948
  30    8  1.00000
  31    8  0.84566
  32    8  1.00000
  33    8  0.91508
  34    8  1.00000
  22    9  0.00000
  23    9  0.00018
  24    9  0.00074
  25    9  0.11467
  26    9  0.39267
  27    9  0.54825
  28    9  0.71269
  29    9  1.00000
  30    9  0.88331
  31    9  1.00000
  32    9  0.95344
  33    9  1.00000
  34    9  1.00000
  35    9  1.00000
  36    9  1.00000
  37    9  1.00000
  38    9  1.00000
  26   10  0.00001
  27   10  0.02480
  28   10  0.15101
  29   10  0.26703
  30   10  0.40290
  31   10  0.51899
  32   10  0.65763
  33   10  0.73300
  34   10  0.86688
  35   10  0.94536
  36   10  1.00000
  37   10  1.00000
  38   10  1.00000
  39   10  1.00000
  40   10  1.00000
  41   10  1.00000
  42   10  1.00000
  27   11  0.00065
  28   11  0.05720
  29   11  0.28398
  30   11  0.34779
  31   11  0.62403
  32   11  0.56321
  33   11  0.69324
  34   11  0.81140
  35   11  0.89458
  36   11  0.93108
  37   11  1.00000
  38   11  1.00000
  39   11  1.00000
  40   11  1.00000
  41   11  1.00000
  42   11  1.00000
  43   11  1.00000
  44   11  1.00000
  31   12  0.00810
  32   12  0.08760
  33   12  0.07701
  34   12  0.38068
  35   12  0.29405
  36   12  0.57348
  37   12  0.61423
  38   12  0.71270
  39   12  0.82175
  40   12  0.84627
  41   12  0.95086
  42   12  1.00000
  43   12  1.00000
  44   12  1.00000
  45   12  1.00000
  46   12  1.00000
  31   13  0.00037
  32   13  0.01221
  33   13  0.07640
  34   13  0.23779
  35   13  0.35568
  36   13  0.41916
  37   13  0.66686
  38   13  0.64456
  39   13  0.84839
  40   13  0.79783
  41   13  1.00000
  42   13  0.94360
  43   13  1.00000
  44   13  1.00000
  45   13  1.00000
  46   13  1.00000
  47   13  1.00000
  48   13  1.00000
  35   14  0.00035
  36   14  0.01583
  37   14  0.03067
  38   14  0.14867
  39   14  0.17783
  40   14  0.38705
  41   14  0.42972
  42   14  0.62060
  43   14  0.65376
  44   14  0.80769
  45   14  0.99986
  46   14  0.92974
  47   14  0.92185
  48   14  1.00000
  49   14  0.98318
  50   14  1.00000
  36   15  0.00000
  37   15  0.00312
  38   15  0.01596
  39   15  0.09731
  40   15  0.13233
  41   15  0.31238
  42   15  0.40210
  43   15  0.58895
  44   15  0.67711
  45   15  0.99976
  46   15  0.97059
  47   15  0.91971
  48   15  0.95237
  49   15  0.97730
  50   15  0.99393
  51   15  1.00000
  52   15  1.00000
  41   16  0.00000
  42   16  0.00846
  43   16  0.02659
  44   16  0.18433
  45   16  0.20448
  46   16  0.46892
  47   16  0.99537
  48   16  0.71848
  49   16  0.79041
  50   16  0.87114
  51   16  0.91063
  52   16  1.00000
  53   16  0.95086
  54   16  1.00000
  42   17  0.00003
  43   17  0.02262
  44   17  0.01529
  45   17  0.14047
  46   17  0.20354
  47   17  0.98908
  48   17  0.85858
  49   17  0.74943
  50   17  0.86295
  51   17  0.88507
  52   17  0.94519
  53   17  0.95443
  54   17  0.98038
  55   17  1.00000
  56   17  0.99846
  57   17  1.00000
  58   17  0.99937
  59   17  1.00000
  60   17  1.00000
  61   17  1.00000
  62   17  1.00000
  63   17  1.00000
  64   17  1.00000
  46   18  0.00000
  47   18  0.00045
  48   18  0.08132
  49   18  0.85524
  50   18  0.37455
  51   18  0.47319
  52   18  0.62369
  53   18  0.72543
  54   18  0.80327
  55   18  0.86234
  56   18  0.92606
  57   18  0.92367
  58   18  0.96284
  59   18  0.96431
  60   18  1.00000
  61   18  0.98171
  62   18  1.00000
  63   18  1.00000
  64   18  1.00000
  65   18  0.89657
  66   18  1.00000
  48   19  0.00115
  49   19  0.74997
  50   19  0.36842
  51   19  0.39067
  52   19  0.47925
  53   19  0.64937
  54   19  0.74374
  55   19  0.75069
  56   19  0.90121
  57   19  0.88617
  58   19  0.94078
  59   19  0.93109
  60   19  0.99199
  61   19  0.97359
  62   19  0.99789
  63   19  1.00000
  64   19  1.00000
  65   19  1.00000
  66   19  1.00000
  67   19  1.00000
  68   19  1.00000
  51   20  0.02491
  52   20  0.01579
  53   20  0.08973
  54   20  0.25545
  55   20  0.31422
  56   20  0.53725
  57   20  0.52254
  58   20  0.69863
  59   20  0.64731
  60   20  0.82374
  61   20  0.81946
  62   20  0.93813
  63   20  0.89552
  64   20  1.00000
  65   20  0.95934
  66   20  1.00000
  67   20  0.97369
  68   20  1.00000
  69   20  0.98829
  70   20  1.00000
  52   21  0.00249
  53   21  0.02585
  54   21  0.05593
  55   21  0.22828
  56   21  0.38570
  57   21  0.55090
  58   21  0.54215
  59   21  0.69214
  60   21  0.82093
  61   21  0.85701
  62   21  0.89829
  63   21  0.92962
  64   21  0.94280
  65   21  0.96388
  66   21  0.97837
  67   21  1.00000
  68   21  0.98849
  69   21  1.00000
  70   21  0.99704
  71   21  1.00000
  72   21  0.99994
  73   21  1.00000
  74   21  1.00000
  75   21  1.00000
  76   21  1.00000
  77   21  1.00000
  78   21  1.00000
  79   21  1.00000
  80   21  1.00000
  56   22  0.00006
  57   22  0.01394
  58   22  0.05460
  59   22  0.04707
  60   22  0.16979
  61   22  0.28705
  62   22  0.39595
  63   22  0.51183
  64   22  0.59620
  65   22  0.63011
  66   22  0.75219
  67   22  0.84496
  68   22  0.86139
  69   22  0.90904
  70   22  0.91788
  71   22  0.95735
  72   22  0.95158
  73   22  0.97646
  74   22  0.99182
  75   22  0.99999
  76   22  1.00000
  77   22  0.99853
  78   22  1.00000
  79   22  1.00000
  80   22  1.00000
  81   22  1.00000
  82   22  1.00000
  56   23  0.00030
  57   23  0.02085
  58   23  0.10938
  59   23  0.22467
  60   23  0.28626
  61   23  0.42872
  62   23  0.55355
  63   23  0.63178
  64   23  0.78286
  65   23  0.78274
  66   23  0.84915
  67   23  0.87652
  68   23  0.92996
  69   23  0.94177
  70   23  0.96446
  71   23  0.97563
  72   23  0.98715
  73   23  0.98764
  74   23  0.99527
  75   23  1.00000
  76   23  0.99981
  77   23  1.00000
  78   23  1.00000
  79   23  1.00000
  80   23  1.00000
  81   23  1.00000
  82   23  1.00000
  83   23  1.00000
  84   23  1.00000
  61   24  0.00000
  62   24  0.00688
  63   24  0.01690
  64   24  0.08539
  65   24  0.16054
  66   24  0.27619
  67   24  0.39405
  68   24  0.49385
  69   24  0.58701
  70   24  0.64936
  71   24  0.77002
  72   24  0.80987
  73   24  0.88107
  74   24  0.89661
  75   24  0.94591
  76   24  0.97903
  77   24  0.99990
  78   24  0.98752
  79   24  0.98921
  80   24  1.00000
  81   24  0.99351
  82   24  1.00000
  83   24  0.99628
  84   24  1.00000
  85   24  0.99816
  86   24  1.00000
  60   25  0.00000
  61   25  0.00078
  62   25  0.00380
  63   25  0.04447
  64   25  0.08871
  65   25  0.15607
  66   25  0.22963
  67   25  0.31566
  68   25  0.54011
  69   25  0.60975
  70   25  0.70214
  71   25  0.77987
  72   25  0.84558
  73   25  0.89376
  74   25  0.92542
  75   25  0.95263
  76   25  0.97527
  77   25  0.99996
  78   25  0.99825
  79   25  0.99419
  80   25  0.99690
  81   25  1.00000
  82   25  0.99952
  83   25  1.00000
  84   25  1.00000
  85   25  1.00000
  86   25  1.00000
  87   25  1.00000
  88   25  1.00000
  66   26  0.00000
  67   26  0.00010
  68   26  0.00944
  69   26  0.02401
  70   26  0.11219
  71   26  0.15250
  72   26  0.32149
  73   26  0.42737
  74   26  0.52239
  75   26  0.68020
  76   26  0.75483
  77   26  0.79850
  78   26  0.94801
  79   26  0.99952
  80   26  0.97207
  81   26  0.97063
  82   26  0.98589
  83   26  0.98562
  84   26  1.00000
  85   26  0.99262
  86   26  1.00000
  87   26  0.99634
  88   26  1.00000
  89   26  0.99746
  90   26  1.00000
  66   27  0.00004
  67   27  0.00812
  68   27  0.02817
  69   27  0.05142
  70   27  0.11922
  71   27  0.19352
  72   27  0.26041
  73   27  0.42019
  74   27  0.49098
  75   27  0.66010
  76   27  0.73056
  77   27  0.80901
  78   27  0.90681
  79   27  0.99861
  80   27  0.99351
  81   27  0.98123
  82   27  0.98877
  83   27  0.99240
  84   27  0.99431
  85   27  0.99678
  86   27  0.99761
  87   27  1.00000
  88   27  0.99927
  89   27  1.00000
  90   27  1.00000
  91   27  1.00000
  92   27  1.00000
  72   28  0.00002
  73   28  0.00057
  74   28  0.01033
  75   28  0.02125
  76   28  0.08380
  77   28  0.14306
  78   28  0.36914
  79   28  0.34250
  80   28  0.79529
  81   28  0.98367
  82   28  0.87878
  83   28  0.88540
  84   28  0.93869
  85   28  0.92760
  86   28  0.96476
  87   28  0.96379
  88   28  0.98521
  89   28  0.97999
  90   28  1.00000
  91   28  0.99137
  92   28  1.00000
  93   28  0.99461
  94   28  1.00000
  73   29  0.00010
  74   29  0.00299
  75   29  0.02471
  76   29  0.04916
  77   29  0.14329
  78   29  0.23187
  79   29  0.31226
  80   29  0.51537
  81   29  0.98334
  82   29  0.92932
  83   29  0.88291
  84   29  0.92625
  85   29  0.93766
  86   29  0.96263
  87   29  0.97005
  88   29  0.98131
  89   29  0.98570
  90   29  0.99150
  91   29  0.99421
  92   29  0.99636
  93   29  1.00000
  94   29  0.99816
  95   29  1.00000
  96   29  0.99917
  97   29  1.00000
  98   29  0.99964
  99   29  1.00000
 100   29  1.00000
 101   29  1.00000
 102   29  1.00000
 103   29  1.00000
 104   29  1.00000
  78   30  0.00005
  79   30  0.00239
  80   30  0.01939
  81   30  0.04469
  82   30  0.35508
  83   30  0.89302
  84   30  0.62007
  85   30  0.64372
  86   30  0.77725
  87   30  0.76580
  88   30  0.86664
  89   30  0.86245
  90   30  0.92572
  91   30  0.92062
  92   30  0.95503
  93   30  0.95553
  94   30  0.97752
  95   30  0.97352
  96   30  1.00000
  97   30  0.98460
  98   30  1.00000
  99   30  0.98992
 100   30  1.00000
 101   30  0.99379
 102   30  1.00000
 103   30  0.99710
 104   30  1.00000
 105   30  0.99921
 106   30  1.00000
  78   31  0.00000
  79   31  0.00376
  80   31  0.01806
  81   31  0.06830
  82   31  0.11842
  83   31  0.87521
  84   31  0.73341
  85   31  0.64976
  86   31  0.77363
  87   31  0.80895
  88   31  0.87810
  89   31  0.88158
  90   31  0.92689
  91   31  0.93410
  92   31  0.95943
  93   31  0.96284
  94   31  0.98102
  95   31  0.98092
  96   31  0.99105
  97   31  0.99120
  98   31  0.99488
  99   31  1.00000
 100   31  0.99736
 101   31  1.00000
 102   31  0.99828
 103   31  1.00000
 104   31  0.99994
 105   31  1.00000
 106   31  1.00000
 107   31  1.00000
 108   31  1.00000
  83   32  0.00002
  84   32  0.04253
  85   32  0.43275
  86   32  0.20922
  87   32  0.23873
  88   32  0.45520
  89   32  0.47041
  90   32  0.62607
  91   32  0.63368
  92   32  0.76688
  93   32  0.73116
  94   32  0.84866
  95   32  0.85430
  96   32  0.91011
  97   32  0.91182
  98   32  0.94482
  99   32  0.94876
 100   32  0.97051
 101   32  0.96708
 102   32  0.98806
 103   32  0.97623
 104   32  0.98367
 105   32  0.98732
 106   32  1.00000
 107   32  0.99393
 108   32  1.00000
 109   32  0.99625
 110   32  1.00000
  83   33  0.00000
  84   33  0.00026
  85   33  0.41587
  86   33  0.30704
  87   33  0.26753
  88   33  0.38171
  89   33  0.49560
  90   33  0.59383
  91   33  0.64127
  92   33  0.75343
  93   33  0.76135
  94   33  0.82703
  95   33  0.84720
  96   33  0.91303
  97   33  0.91364
  98   33  0.94934
  99   33  0.94787
 100   33  0.97567
 101   33  0.96893
 102   33  0.98764
 103   33  0.98271
 104   33  0.99218
 105   33  0.98672
 106   33  0.99543
 107   33  0.99356
 108   33  0.99844
 109   33  1.00000
 110   33  0.99902
 111   33  1.00000
 112   33  0.99979
 113   33  1.00000
 114   33  1.00000
 115   33  1.00000
 116   33  1.00000
 117   33  1.00000
 118   33  1.00000
 119   33  1.00000
 120   33  1.00000
  87   34  0.00989
  88   34  0.01136
  89   34  0.02066
  90   34  0.10491
  91   34  0.09842
  92   34  0.23783
  93   34  0.24027
  94   34  0.41059
  95   34  0.38196
  96   34  0.58855
  97   34  0.57487
  98   34  0.73295
  99   34  0.68157
 100   34  0.81640
 101   34  0.80214
 102   34  0.87186
 103   34  0.88940
 104   34  0.92511
 105   34  0.91537
 106   34  0.94787
 107   34  0.93646
 108   34  0.96197
 109   34  0.96790
 110   34  0.97495
 111   34  0.97810
 112   34  1.00000
 113   34  0.98735
 114   34  1.00000
 115   34  0.99250
 116   34  1.00000
 117   34  0.99778
 118   34  1.00000
 119   34  1.00000
 120   34  1.00000
 121   34  1.00000
 122   34  1.00000
  87   35  0.00335
  88   35  0.02347
  89   35  0.03572
  90   35  0.09607
  91   35  0.16152
  92   35  0.24783
  93   35  0.31246
  94   35  0.43268
  95   35  0.43934
  96   35  0.58534
  97   35  0.60838
  98   35  0.73077
  99   35  0.74015
 100   35  0.83463
 101   35  0.82501
 102   35  0.89787
 103   35  0.89839
 104   35  0.94243
 105   35  0.93552
 106   35  0.96993
 107   35  0.96065
 108   35  0.98212
 109   35  0.97458
 110   35  0.99227
 111   35  0.98430
 112   35  0.99539
 113   35  0.99109
 114   35  0.99702
 115   35  1.00000
 116   35  0.99823
 117   35  0.99751
 118   35  0.99973
 119   35  1.00000
 120   35  1.00000
 121   35  1.00000
 122   35  1.00000
 123   35  1.00000
 124   35  1.00000
  92   36  0.00025
  93   36  0.00195
  94   36  0.02186
  95   36  0.02435
  96   36  0.11978
  97   36  0.06991
  98   36  0.23962
  99   36  0.23926
 100   36  0.36941
 101   36  0.32158
 102   36  0.57150
 103   36  0.54204
 104   36  0.66856
 105   36  0.66695
 106   36  0.76789
 107   36  0.75237
 108   36  0.86884
 109   36  0.82496
 110   36  0.90766
 111   36  0.89134
 112   36  0.94072
 113   36  0.93506
 114   36  0.95140
 115   36  0.95979
 116   36  0.97086
 117   36  0.96891
 118   36  0.97811
 119   36  0.98562
 120   36  1.00000
 121   36  0.99995
 122   36  1.00000
 123   36  0.99785
 124   36  1.00000
 125   36  1.00000
 126   36  1.00000
  91   37  0.00000
  92   37  0.00027
  93   37  0.00783
  94   37  0.02201
  95   37  0.04811
  96   37  0.13027
  97   37  0.14964
  98   37  0.18860
  99   37  0.30224
 100   37  0.44088
 101   37  0.42298
 102   37  0.58651
 103   37  0.59959
 104   37  0.74554
 105   37  0.72326
 106   37  0.84268
 107   37  0.78571
 108   37  0.88754
 109   37  0.87176
 110   37  0.92838
 111   37  0.90770
 112   37  0.95891
 113   37  0.94339
 114   37  0.97431
 115   37  0.96114
 116   37  0.98455
 117   37  0.97486
 118   37  0.98724
 119   37  0.98225
 120   37  0.99613
 121   37  1.00000
 122   37  0.99961
 123   37  1.00000
 124   37  0.99939
 125   37  1.00000
 126   37  1.00000
 127   37  1.00000
 128   37  1.00000
  97   38  0.00008
  98   38  0.00175
  99   38  0.00114
 100   38  0.02479
 101   38  0.02823
 102   38  0.11203
 103   38  0.12115
 104   38  0.28296
 105   38  0.28563
 106   38  0.46284
 107   38  0.43946
 108   38  0.58530
 109   38  0.58044
 110   38  0.67392
 111   38  0.65334
 112   38  0.77986
 113   38  0.75181
 114   38  0.83785
 115   38  0.83949
 116   38  0.86566
 117   38  0.87695
 118   38  0.91339
 119   38  0.89459
 120   38  0.94200
 121   38  0.95512
 122   38  1.00000
 123   38  0.99980
 124   38  1.00000
 125   38  0.99038
 126   38  1.00000
 127   38  0.99408
 128   38  1.00000
 129   38  0.99624
 130   38  1.00000
  97   39  0.00006
  98   39  0.00298
  99   39  0.00690
 100   39  0.01466
 101   39  0.03980
 102   39  0.07308
 103   39  0.11071
 104   39  0.16693
 105   39  0.21437
 106   39  0.36647
 107   39  0.39365
 108   39  0.52708
 109   39  0.56785
 110   39  0.67464
 111   39  0.65662
 112   39  0.77679
 113   39  0.75907
 114   39  0.85760
 115   39  0.83366
 116   39  0.90937
 117   39  0.86850
 118   39  0.93883
 119   39  0.89558
 120   39  0.94226
 121   39  0.92677
 122   39  0.98110
 123   39  0.99977
 124   39  0.99883
 125   39  1.00000
 126   39  0.99719
 127   39  1.00000
 128   39  0.99846
 129   39  1.00000
 130   39  0.99907
 131   39  1.00000
 132   39  0.99956
 103   40  0.00000
 104   40  0.00169
 105   40  0.00230
 106   40  0.02646
 107   40  0.02862
 108   40  0.09491
 109   40  0.11286
 110   40  0.27136
 111   40  0.22768
 112   40  0.40475
 113   40  0.29176
 114   40  0.51858
 115   40  0.44256
 116   40  0.61291
 117   40  0.58434
 118   40  0.69489
 119   40  0.68153
 120   40  0.76230
 121   40  0.73642
 122   40  0.84288
 123   40  0.85621
 124   40  0.98716
 125   40  0.99895
 126   40  1.00000
 127   40  0.96990
 128   40  1.00000
 129   40  0.97962
 130   40  1.00000
 131   40  0.98710
 132   40  1.00000
 133   40  0.99167
 134   40  1.00000
 103   41  0.00018
 104   41  0.00184
 105   41  0.00832
 106   41  0.02653
 107   41  0.05647
 108   41  0.09555
 109   41  0.12351
 110   41  0.25480
 111   41  0.27305
 112   41  0.43727
 113   41  0.43080
 114   41  0.56319
 115   41  0.53925
 116   41  0.68827
 117   41  0.64882
 118   41  0.78146
 119   41  0.68971
 120   41  0.81336
 121   41  0.77118
 122   41  0.86160
 123   41  0.82549
 124   41  0.94317
 125   41  0.99943
 126   41  0.99601
 127   41  0.98290
 128   41  0.99226
 129   41  1.00000
 130   41  0.99489
 131   41  1.00000
 132   41  0.99714
 133   41  1.00000
 134   41  0.99810
 135   41  0.99520
 136   41  0.99907
 109   42  0.00000
 110   42  0.00104
 111   42  0.00489
 112   42  0.02628
 113   42  0.03222
 114   42  0.11543
 115   42  0.08361
 116   42  0.22051
 117   42  0.18678
 118   42  0.36015
 119   42  0.29625
 120   42  0.45421
 121   42  0.42959
 122   42  0.56751
 123   42  0.48143
 124   42  0.62852
 125   42  0.70421
 126   42  0.96280
 127   42  0.99515
 128   42  0.97741
 129   42  0.92205
 130   42  0.98757
 131   42  0.94216
 132   42  1.00000
 133   42  0.96262
 134   42  1.00000
 135   42  0.97368
 136   42  1.00000
 137   42  0.97775
 138   42  1.00000
 139   42  0.98805
 140   42  1.00000
 141   42  0.98973
 142   42  1.00000
 143   42  0.99414
 144   42  1.00000
 145   42  0.99547
 146   42  1.00000
 108   43  0.00000
 109   43  0.00038
 110   43  0.00482
 111   43  0.01110
 112   43  0.03614
 113   43  0.05407
 114   43  0.11704
 115   43  0.13244
 116   43  0.22236
 117   43  0.25336
 118   43  0.37316
 119   43  0.32719
 120   43  0.47112
 121   43  0.40711
 122   43  0.62210
 123   43  0.53122
 124   43  0.65861
 125   43  0.62000
 126   43  0.86767
 127   43  0.99466
 128   43  0.98701
 129   43  0.94138
 130   43  0.97510
 131   43  0.95937
 132   43  0.98372
 133   43  0.97806
 134   43  0.99008
 135   43  0.98546
 136   43  0.99494
 137   43  1.00000
 138   43  0.99517
 139   43  1.00000
 140   43  0.99789
 141   43  1.00000
 142   43  0.99747
 143   43  1.00000
 144   43  0.99934
 145   43  1.00000
 146   43  0.99995
 147   43  1.00000
 148   43  1.00000
 114   44  0.00000
 115   44  0.00039
 116   44  0.00215
 117   44  0.00383
 118   44  0.03070
 119   44  0.02531
 120   44  0.08913
 121   44  0.07361
 122   44  0.17455
 123   44  0.15533
 124   44  0.26032
 125   44  0.19105
 126   44  0.38712
 127   44  0.46049
 128   44  0.91271
 129   44  0.98225
 130   44  0.93608
 131   44  0.83077
 132   44  0.95230
 133   44  0.86828
 134   44  0.96908
 135   44  0.90043
 136   44  0.97795
 137   44  0.93158
 138   44  0.98225
 139   44  0.94836
 140   44  0.98835
 141   44  0.97186
 142   44  1.00000
 143   44  0.97628
 144   44  1.00000
 145   44  0.98493
 146   44  1.00000
 147   44  0.98334
 148   44  1.00000
 149   44  0.99334
 150   44  1.00000
 114   45  0.00000
 115   45  0.00071
 116   45  0.00692
 117   45  0.01277
 118   45  0.02839
 119   45  0.04129
 120   45  0.10866
 121   45  0.09487
 122   45  0.20996
 123   45  0.17954
 124   45  0.35515
 125   45  0.28053
 126   45  0.38229
 127   45  0.33621
 128   45  0.69851
 129   45  0.98024
 130   45  0.95661
 131   45  0.86606
 132   45  0.92917
 133   45  0.89925
 134   45  0.95732
 135   45  0.92815
 136   45  0.97353
 137   45  0.95234
 138   45  0.97930
 139   45  0.95832
 140   45  0.98660
 141   45  0.96928
 142   45  0.99123
 143   45  0.97937
 144   45  0.99353
 145   45  0.99029
 146   45  0.99662
 147   45  1.00000
 148   45  0.99787
 149   45  1.00000
 150   45  0.99872
 151   45  1.00000
 152   45  0.99983
 120   46  0.00001
 121   46  0.00009
 122   46  0.00259
 123   46  0.00149
 124   46  0.01227
 125   46  0.01783
 126   46  0.05360
 127   46  0.04003
 128   46  0.13534
 129   46  0.24484
 130   46  0.78314
 131   46  0.94167
 132   46  0.85431
 133   46  0.66533
 134   46  0.89872
 135   46  0.73292
 136   46  0.92252
 137   46  0.78066
 138   46  0.93638
 139   46  0.80722
 140   46  0.95264
 141   46  0.87276
 142   46  0.96741
 143   46  0.90236
 144   46  0.97532
 145   46  0.92546
 146   46  0.98588
 147   46  0.94699
 148   46  1.00000
 149   46  0.96182
 150   46  1.00000
 151   46  0.97365
 152   46  1.00000
 153   46  0.98252
 154   46  1.00000
 121   47  0.00005
 122   47  0.00384
 123   47  0.00412
 124   47  0.02711
 125   47  0.02397
 126   47  0.05296
 127   47  0.07916
 128   47  0.06371
 129   47  0.08078
 130   47  0.44371
 131   47  0.93397
 132   47  0.88679
 133   47  0.72160
 134   47  0.83659
 135   47  0.78509
 136   47  0.89542
 137   47  0.84089
 138   47  0.92751
 139   47  0.86674
 140   47  0.94877
 141   47  0.89211
 142   47  0.95832
 143   47  0.91881
 144   47  0.96769
 145   47  0.92603
 146   47  0.98014
 147   47  0.95293
 148   47  0.98495
 149   47  0.96080
 150   47  0.99194
 151   47  0.97370
 152   47  0.99517
 153   47  1.00000
 154   47  0.99682
 155   47  1.00000
 156   47  0.99801
 125   48  0.00000
 126   48  0.00003
 127   48  0.00293
 128   48  0.00797
 129   48  0.00143
 130   48  0.00707
 131   48  0.08063
 132   48  0.61965
 133   48  0.73288
 134   48  0.76145
 135   48  0.49844
 136   48  0.81459
 137   48  0.58497
 138   48  0.86165
 139   48  0.63291
 140   48  0.88466
 141   48  0.72765
 142   48  0.90814
 143   48  0.75229
 144   48  0.91876
 145   48  0.79145
 146   48  0.94270
 147   48  0.81569
 148   48  0.95710
 149   48  0.85685
 150   48  0.96794
 151   48  0.89380
 152   48  0.98262
 153   48  0.92590
 154   48  0.98023
 155   48  0.94975
 156   48  0.99004
 157   48  0.96364
 158   48  1.00000
 159   48  0.97241
 160   48  1.00000
 161   48  0.97421
 162   48  1.00000
 163   48  0.98222
 127   49  0.00000
 128   49  0.00018
 129   49  0.00903
 130   49  0.00123
 131   49  0.01075
 132   49  0.16101
 133   49  0.81609
 134   49  0.64011
 135   49  0.44197
 136   49  0.61685
 137   49  0.59003
 138   49  0.73455
 139   49  0.64791
 140   49  0.80786
 141   49  0.70470
 142   49  0.87894
 143   49  0.77337
 144   49  0.89100
 145   49  0.80279
 146   49  0.93620
 147   49  0.83159
 148   49  0.93748
 149   49  0.85167
 150   49  0.95185
 151   49  0.89097
 152   49  0.97043
 153   49  0.92966
 154   49  0.97770
 155   49  0.94184
 156   49  0.98843
 157   49  0.96124
 158   49  0.99224
 159   49  0.97555
 160   49  0.99450
 161   49  0.97147
 162   49  0.99626
 163   49  0.98489
 164   49  0.99672
 165   49  0.98513
 133   50  0.00073
 134   50  0.16864
 135   50  0.68921
 136   50  0.22368
 137   50  0.50411
 138   50  0.66322
 139   50  0.63872
 140   50  0.77938
 141   50  0.76906
 142   50  0.85739
 143   50  0.86635
 144   50  0.87642
 145   50  0.92289
 146   50  0.92857
 147   50  0.93845
 148   50  0.96116
 149   50  0.97368
 150   50  0.97017
 151   50  0.98342
 152   50  0.98223
 153   50  0.98882
 154   50  0.99105
 155   50  0.99357
 156   50  0.99389
 157   50  0.99783
 158   50  0.99678
 159   50  0.99855
 160   50  0.99833
 161   50  0.99887
 162   50  0.99842
 163   50  0.99874
 164   50  0.99847
 165   50  0.99928
 166   50  0.99873
 167   50  0.99938
 168   50  1.00000
 169   50  0.99950
 170   50  1.00000
 171   50  0.99972
 172   50  1.00000
 173   50  0.99974
 174   50  1.00000
 175   50  0.99987
 176   50  1.00000
 177   50  0.99991
 178   50  0.99990
 134   51  0.00381
 135   51  0.74035
 136   51  0.35886
 137   51  0.36912
 138   51  0.58160
 139   51  0.71443
 140   51  0.73900
 141   51  0.81267
 142   51  0.87281
 143   51  0.89898
 144   51  0.91527
 145   51  0.94452
 146   51  0.96729
 147   51  0.96316
 148   51  0.97885
 149   51  0.98006
 150   51  0.98954
 151   51  0.98755
 152   51  0.99354
 153   51  0.99272
 154   51  0.99665
 155   51  0.99608
 156   51  0.99776
 157   51  0.99752
 158   51  0.99936
 159   51  0.99875
 160   51  0.99970
 161   51  0.99928
 162   51  0.99990
 163   51  0.99971
 164   51  0.99983
 165   51  0.99976
 166   51  0.99990
 167   51  0.99973
 168   51  0.99992
 169   51  0.99977
 170   51  0.99995
 171   51  0.99977
 172   51  0.99998
 173   51  0.99992
 174   51  0.99998
 175   51  1.00000
 176   51  0.99998
 177   51  1.00000
 178   51  0.99999
 179   51  1.00000
 180   51  1.00000
 136   52  0.02304
 137   52  0.09528
 138   52  0.07263
 139   52  0.11121
 140   52  0.25545
 141   52  0.24404
 142   52  0.47187
 143   52  0.40390
 144   52  0.62784
 145   52  0.53985
 146   52  0.73773
 147   52  0.69322
 148   52  0.82076
 149   52  0.81427
 150   52  0.88896
 151   52  0.88526
 152   52  0.91362
 153   52  0.93351
 154   52  0.94753
 155   52  0.95566
 156   52  0.97199
 157   52  0.96557
 158   52  0.98021
 159   52  0.98443
 160   52  0.99057
 161   52  0.98917
 162   52  0.99228
 163   52  0.99657
 164   52  0.99476
 165   52  0.99795
 166   52  0.99664
 167   52  0.99819
 168   52  0.99610
 169   52  0.99845
 170   52  0.99758
 171   52  0.99863
 172   52  0.99763
 173   52  0.99877
 174   52  0.99743
 175   52  0.99928
 176   52  0.99874
 177   52  0.99944
 178   52  0.99884
 179   52  0.99968
 180   52  1.00000
 181   52  1.00000
 182   52  1.00000
 137   53  0.19579
 138   53  0.16633
 139   53  0.18583
 140   53  0.24603
 141   53  0.34174
 142   53  0.44599
 143   53  0.54347
 144   53  0.61159
 145   53  0.70459
 146   53  0.68335
 147   53  0.77645
 148   53  0.80686
 149   53  0.84989
 150   53  0.90288
 151   53  0.90897
 152   53  0.94186
 153   53  0.93897
 154   53  0.97203
 155   53  0.96010
 156   53  0.99006
 157   53  0.97676
 158   53  0.99334
 159   53  0.98715
 160   53  0.99636
 161   53  0.99284
 162   53  0.99813
 163   53  0.99659
 164   53  0.99846
 165   53  0.99809
 166   53  0.99945
 167   53  0.99897
 168   53  0.99960
 169   53  0.99910
 170   53  0.99980
 171   53  0.99949
 172   53  0.99980
 173   53  0.99954
 174   53  0.99987
 175   53  0.99948
 176   53  0.99991
 177   53  0.99973
 178   53  0.99992
 179   53  0.99974
 180   53  0.99998
 181   53  1.00000
 182   53  1.00000
 183   53  1.00000
 184   53  1.00000
 141   54  0.00003
 142   54  0.00282
 143   54  0.01232
 144   54  0.05520
 145   54  0.08504
 146   54  0.22435
 147   54  0.15395
 148   54  0.33990
 149   54  0.34061
 150   54  0.51145
 151   54  0.50661
 152   54  0.68246
 153   54  0.63132
 154   54  0.75930
 155   54  0.76007
 156   54  0.84360
 157   54  0.87658
 158   54  0.89161
 159   54  0.93009
 160   54  0.93337
 161   54  0.94132
 162   54  0.95986
 163   54  0.96988
 164   54  0.97740
 165   54  0.97552
 166   54  0.98281
 167   54  0.99004
 168   54  0.98760
 169   54  0.99203
 170   54  0.99035
 171   54  0.99501
 172   54  0.99177
 173   54  0.99573
 174   54  0.99493
 175   54  0.99588
 176   54  0.99499
 177   54  0.99743
 178   54  0.99486
 179   54  0.99707
 180   54  0.99575
 181   54  0.99916
 182   54  1.00000
 183   54  1.00000
 184   54  1.00000
 185   54  0.99993
 186   54  1.00000
 140   55  0.00007
 141   55  0.00040
 142   55  0.00345
 143   55  0.01814
 144   55  0.05512
 145   55  0.10370
 146   55  0.19985
 147   55  0.27209
 148   55  0.29918
 149   55  0.42182
 150   55  0.47618
 151   55  0.56369
 152   55  0.67644
 153   55  0.70572
 154   55  0.77286
 155   55  0.80257
 156   55  0.86219
 157   55  0.86873
 158   55  0.93290
 159   55  0.92738
 160   55  0.96415
 161   55  0.95287
 162   55  0.98144
 163   55  0.97299
 164   55  0.98990
 165   55  0.98545
 166   55  0.99234
 167   55  0.99095
 168   55  0.99680
 169   55  0.99416
 170   55  0.99803
 171   55  0.99653
 172   55  0.99872
 173   55  0.99713
 174   55  0.99946
 175   55  0.99778
 176   55  0.99938
 177   55  0.99859
 178   55  0.99955
 179   55  0.99876
 180   55  0.99939
 181   55  0.99883
 182   55  0.99991
 183   55  1.00000
 184   55  0.99999
 185   55  1.00000
 186   55  0.99999
 187   55  1.00000
 188   55  1.00000
 147   56  0.00000
 148   56  0.00079
 149   56  0.00477
 150   56  0.03534
 151   56  0.06901
 152   56  0.15894
 153   56  0.15477
 154   56  0.32129
 155   56  0.32532
 156   56  0.49197
 157   56  0.45911
 158   56  0.63501
 159   56  0.60562
 160   56  0.74605
 161   56  0.73194
 162   56  0.83171
 163   56  0.81256
 164   56  0.88011
 165   56  0.89769
 166   56  0.91982
 167   56  0.93257
 168   56  0.95252
 169   56  0.95651
 170   56  0.96170
 171   56  0.97204
 172   56  0.97244
 173   56  0.97400
 174   56  0.97756
 175   56  0.98425
 176   56  1.00000
 177   56  0.97640
 178   56  0.98515
 179   56  0.99048
 180   56  0.98606
 181   56  0.98983
 182   56  0.98875
 183   56  0.99771
 184   56  1.00000
 185   56  0.99932
 186   56  1.00000
 187   56  0.99960
 188   56  1.00000
 189   56  0.99979
 190   56  1.00000
 146   57  0.00000
 147   57  0.00033
 148   57  0.00185
 149   57  0.01138
 150   57  0.02785
 151   57  0.07298
 152   57  0.18666
 153   57  0.22830
 154   57  0.27832
 155   57  0.37799
 156   57  0.53887
 157   57  0.53951
 158   57  0.71682
 159   57  0.71508
 160   57  0.79209
 161   57  0.81097
 162   57  0.89907
 163   57  0.88056
 164   57  0.92284
 165   57  0.92007
 166   57  0.95462
 167   57  0.94926
 168   57  0.97609
 169   57  0.96732
 170   57  0.98555
 171   57  0.97926
 172   57  0.99328
 173   57  0.98692
 174   57  0.99410
 175   57  0.98791
 176   57  0.99840
 177   57  0.99305
 178   57  0.99663
 179   57  0.99258
 180   57  0.99759
 181   57  0.99302
 182   57  0.99749
 183   57  0.99511
 184   57  0.99970
 185   57  1.00000
 186   57  0.99989
 187   57  1.00000
 188   57  0.99996
 189   57  1.00000
 190   57  0.99998
 191   57  1.00000
 192   57  1.00000
 153   58  0.00000
 154   58  0.00088
 155   58  0.00539
 156   58  0.03443
 157   58  0.04809
 158   58  0.13107
 159   58  0.19047
 160   58  0.30698
 161   58  0.29376
 162   58  0.47277
 163   58  0.50648
 164   58  0.62816
 165   58  0.59954
 166   58  0.73884
 167   58  0.73569
 168   58  0.80204
 169   58  0.82397
 170   58  0.86914
 171   58  0.88185
 172   58  0.91112
 173   58  0.92622
 174   58  0.93743
 175   58  0.93765
 176   58  0.94790
 177   58  0.97162
 178   58  0.96472
 179   58  0.96437
 180   58  0.96270
 181   58  0.96926
 182   58  0.95963
 183   58  0.96725
 184   58  0.96851
 185   58  0.99450
 186   58  1.00000
 187   58  0.99707
 188   58  1.00000
 189   58  0.99904
 190   58  1.00000
 191   58  0.99909
 192   58  1.00000
 193   58  0.99935
 194   58  1.00000
 153   59  0.00006
 154   59  0.00387
 155   59  0.01997
 156   59  0.04416
 157   59  0.10179
 158   59  0.20234
 159   59  0.24403
 160   59  0.42647
 161   59  0.42994
 162   59  0.52923
 163   59  0.58347
 164   59  0.73150
 165   59  0.71139
 166   59  0.80147
 167   59  0.78650
 168   59  0.88473
 169   59  0.84839
 170   59  0.92667
 171   59  0.90382
 172   59  0.95569
 173   59  0.93298
 174   59  0.97577
 175   59  0.96187
 176   59  0.97313
 177   59  0.96558
 178   59  0.99279
 179   59  0.98008
 180   59  0.98832
 181   59  0.98493
 182   59  0.98868
 183   59  0.97986
 184   59  0.98826
 185   59  0.98273
 186   59  0.99902
 187   59  1.00000
 188   59  0.99928
 189   59  1.00000
 190   59  0.99984
 191   59  1.00000
 192   59  0.99992
 193   59  1.00000
 194   59  0.99995
 195   59  1.00000
 196   59  0.99997
 159   60  0.00005
 160   60  0.00488
 161   60  0.01978
 162   60  0.05361
 163   60  0.06597
 164   60  0.19267
 165   60  0.22159
 166   60  0.37824
 167   60  0.29962
 168   60  0.50560
 169   60  0.48883
 170   60  0.58446
 171   60  0.61608
 172   60  0.71259
 173   60  0.71812
 174   60  0.78369
 175   60  0.82787
 176   60  0.85463
 177   60  0.81298
 178   60  0.86720
 179   60  0.91489
 180   60  0.87824
 181   60  0.90501
 182   60  0.92070
 183   60  0.91882
 184   60  0.93023
 185   60  0.89854
 186   60  0.92125
 187   60  0.98357
 188   60  1.00000
 189   60  0.98585
 190   60  1.00000
 191   60  0.99608
 192   60  1.00000
 193   60  0.99725
 194   60  1.00000
 195   60  0.99783
 196   60  1.00000
 197   60  0.99858
 198   60  0.99504
 159   61  0.00029
 160   61  0.00555
 161   61  0.01937
 162   61  0.07176
 163   61  0.10471
 164   61  0.16037
 165   61  0.22600
 166   61  0.45176
 167   61  0.42605
 168   61  0.49671
 169   61  0.56318
 170   61  0.67316
 171   61  0.65599
 172   61  0.78995
 173   61  0.75872
 174   61  0.85903
 175   61  0.82196
 176   61  0.92764
 177   61  0.89470
 178   61  0.93506
 179   61  0.92206
 180   61  0.95968
 181   61  0.92882
 182   61  0.96050
 183   61  0.93569
 184   61  0.98271
 185   61  0.93563
 186   61  0.96898
 187   61  0.94789
 188   61  0.99700
 189   61  0.99528
 190   61  0.99930
 191   61  1.00000
 192   61  0.99934
 193   61  1.00000
 194   61  0.99960
 195   61  1.00000
 196   61  0.99981
 197   61  1.00000
 198   61  0.99967
 199   61  0.99857
 200   61  0.99994
 164   62  0.00001
 165   62  0.00004
 166   62  0.01257
 167   62  0.03739
 168   62  0.09989
 169   62  0.07626
 170   62  0.21033
 171   62  0.19053
 172   62  0.33227
 173   62  0.35390
 174   62  0.48463
 175   62  0.44233
 176   62  0.58064
 177   62  0.62122
 178   62  0.70300
 179   62  0.75029
 180   62  0.68192
 181   62  0.77049
 182   62  0.79318
 183   62  0.71561
 184   62  0.84942
 185   62  0.82071
 186   62  0.86156
 187   62  0.75910
 188   62  0.83930
 189   62  0.93720
 190   62  0.97799
 191   62  0.98446
 192   62  1.00000
 193   62  0.98623
 194   62  1.00000
 195   62  0.98936
 196   62  0.99128
 197   62  0.99324
 198   62  0.99238
 199   62  0.99135
 200   62  0.98862
 201   62  0.99607
 202   62  0.99131
 164   63  0.00013
 165   63  0.00102
 166   63  0.00392
 167   63  0.02758
 168   63  0.11654
 169   63  0.12685
 170   63  0.17485
 171   63  0.25524
 172   63  0.35774
 173   63  0.39005
 174   63  0.58894
 175   63  0.51218
 176   63  0.67781
 177   63  0.63352
 178   63  0.79585
 179   63  0.78343
 180   63  0.89891
 181   63  0.74609
 182   63  0.88481
 183   63  0.82679
 184   63  0.89411
 185   63  0.85969
 186   63  0.94316
 187   63  0.89654
 188   63  0.90020
 189   63  0.87836
 190   63  0.98276
 191   63  0.98305
 192   63  0.99730
 193   63  1.00000
 194   63  0.99748
 195   63  1.00000
 196   63  0.99810
 197   63  0.99593
 198   63  0.99898
 199   63  1.00000
 200   63  0.99832
 201   63  0.99566
 202   63  0.99947
 203   63  0.99647
 204   63  0.99961
 205   63  0.99769
 206   63  0.99983
 207   63  0.99840
 208   63  0.99992
 209   63  0.99910
 210   63  0.99995
 211   63  0.99942
 212   63  0.99999
 169   64  0.00010
 170   64  0.00013
 171   64  0.00244
 172   64  0.02526
 173   64  0.02373
 174   64  0.10409
 175   64  0.08399
 176   64  0.18208
 177   64  0.18777
 178   64  0.31664
 179   64  0.32121
 180   64  0.59387
 181   64  0.37732
 182   64  0.48971
 183   64  0.48100
 184   64  0.60780
 185   64  0.56195
 186   64  0.68985
 187   64  0.71264
 188   64  0.74996
 189   64  0.65003
 190   64  0.71896
 191   64  0.85144
 192   64  0.95060
 193   64  0.95885
 194   64  0.97386
 195   64  0.96541
 196   64  0.97350
 197   64  0.97570
 198   64  0.96973
 199   64  0.97910
 200   64  0.97510
 201   64  0.97259
 202   64  0.97885
 203   64  0.98515
 204   64  0.98438
 205   64  0.98731
 206   64  0.98704
 207   64  0.99226
 208   64  0.99049
 209   64  0.99598
 210   64  0.99302
 211   64  0.99690
 212   64  0.99672
 213   64  0.99795
 214   64  1.00000
 215   64  0.99838
 216   64  1.00000
 217   64  0.99911
 218   64  1.00000
 219   64  0.99936
 220   64  1.00000
 221   64  1.00000
 222   64  1.00000
 169   65  0.00000
 170   65  0.00058
 171   65  0.00468
 172   65  0.00661
 173   65  0.04204
 174   65  0.11396
 175   65  0.14372
 176   65  0.24209
 177   65  0.25012
 178   65  0.42390
 179   65  0.38382
 180   65  0.69123
 181   65  0.63095
 182   65  0.60580
 183   65  0.52564
 184   65  0.72201
 185   65  0.59553
 186   65  0.75018
 187   65  0.71034
 188   65  0.84004
 189   65  0.77585
 190   65  0.82066
 191   65  0.74791
 192   65  0.94704
 193   65  0.96953
 194   65  0.99098
 195   65  1.00000
 196   65  0.99060
 197   65  0.98344
 198   65  0.99464
 199   65  0.98381
 200   65  0.99665
 201   65  0.98295
 202   65  0.99599
 203   65  0.98677
 204   65  0.99766
 205   65  0.99109
 206   65  0.99834
 207   65  0.99233
 208   65  0.99929
 209   65  0.99474
 210   65  0.99963
 211   65  0.99678
 212   65  0.99975
 213   65  0.99791
 214   65  0.99989
 215   65  1.00000
 216   65  0.99990
 217   65  1.00000
 218   65  0.99995
 219   65  1.00000
 220   65  0.99998
 221   65  1.00000
 222   65  0.99999
 223   65  0.99962
 224   65  1.00000
 175   66  0.00005
 176   66  0.00265
 177   66  0.00421
 178   66  0.03476
 179   66  0.04316
 180   66  0.08655
 181   66  0.21629
 182   66  0.35349
 183   66  0.09060
 184   66  0.27693
 185   66  0.24227
 186   66  0.35102
 187   66  0.29822
 188   66  0.45768
 189   66  0.45451
 190   66  0.55416
 191   66  0.41946
 192   66  0.45317
 193   66  0.70996
 194   66  0.87186
 195   66  0.89516
 196   66  0.92568
 197   66  0.90860
 198   66  0.92555
 199   66  0.92597
 200   66  0.93798
 201   66  0.94326
 202   66  0.94010
 203   66  0.94638
 204   66  0.94542
 205   66  0.94905
 206   66  0.95928
 207   66  0.96401
 208   66  0.96497
 209   66  0.98272
 210   66  0.97544
 211   66  0.98839
 212   66  0.98616
 213   66  0.98893
 214   66  0.98367
 215   66  0.99298
 216   66  0.99170
 217   66  0.99540
 218   66  0.99404
 219   66  0.99720
 220   66  1.00000
 221   66  0.99772
 222   66  1.00000
 223   66  0.99746
 224   66  0.99645
 225   66  1.00000
 226   66  0.99600
 175   67  0.00000
 176   67  0.00080
 177   67  0.00596
 178   67  0.02243
 179   67  0.05324
 180   67  0.11415
 181   67  0.12684
 182   67  0.42398
 183   67  0.30009
 184   67  0.28591
 185   67  0.24367
 186   67  0.45269
 187   67  0.39212
 188   67  0.54643
 189   67  0.47386
 190   67  0.67734
 191   67  0.61696
 192   67  0.61974
 193   67  0.58302
 194   67  0.87254
 195   67  0.92855
 196   67  0.97256
 197   67  0.94558
 198   67  0.97501
 199   67  0.94475
 200   67  0.97921
 201   67  0.95020
 202   67  0.98456
 203   67  0.95681
 204   67  0.98794
 205   67  0.96330
 206   67  0.98942
 207   67  0.97080
 208   67  0.99254
 209   67  0.97773
 210   67  0.99679
 211   67  0.98085
 212   67  0.99883
 213   67  0.99240
 214   67  0.99828
 215   67  0.99266
 216   67  0.99930
 217   67  0.99527
 218   67  0.99949
 219   67  0.99717
 220   67  0.99973
 221   67  0.99734
 222   67  0.99990
 223   67  0.99870
 224   67  0.99992
 225   67  0.99864
 226   67  0.99997
 227   67  0.99926
 228   67  1.00000
 181   68  0.00000
 182   68  0.00251
 183   68  0.02113
 184   68  0.06369
 185   68  0.00423
 186   68  0.02436
 187   68  0.03683
 188   68  0.09192
 189   68  0.06508
 190   68  0.16581
 191   68  0.23806
 192   68  0.29986
 193   68  0.15387
 194   68  0.22394
 195   68  0.49893
 196   68  0.79351
 197   68  0.77480
 198   68  0.86375
 199   68  0.81126
 200   68  0.83990
 201   68  0.83084
 202   68  0.88072
 203   68  0.85254
 204   68  0.87417
 205   68  0.87735
 206   68  0.89954
 207   68  0.87849
 208   68  0.90729
 209   68  0.92183
 210   68  0.93040
 211   68  0.94255
 212   68  0.94258
 213   68  0.97307
 214   68  0.96483
 215   68  0.96659
 216   68  0.96631
 217   68  0.97879
 218   68  0.97406
 219   68  0.98779
 220   68  0.98228
 221   68  0.98927
 222   68  0.98684
 223   68  0.99448
 224   68  0.98258
 225   68  0.99744
 226   68  1.00000
 227   68  0.99624
 228   68  1.00000
 229   68  0.99811
 230   68  1.00000
 180   69  0.00000
 181   69  0.00011
 182   69  0.00635
 183   69  0.01238
 184   69  0.12794
 185   69  0.10329
 186   69  0.07769
 187   69  0.06177
 188   69  0.22647
 189   69  0.15960
 190   69  0.22490
 191   69  0.23504
 192   69  0.45515
 193   69  0.36726
 194   69  0.31243
 195   69  0.30533
 196   69  0.73510
 197   69  0.80850
 198   69  0.92260
 199   69  0.87674
 200   69  0.92637
 201   69  0.87314
 202   69  0.94352
 203   69  0.87558
 204   69  0.95611
 205   69  0.88677
 206   69  0.96764
 207   69  0.91212
 208   69  0.95957
 209   69  0.93070
 210   69  0.97313
 211   69  0.94110
 212   69  0.98509
 213   69  0.95597
 214   69  0.99455
 215   69  0.97441
 216   69  0.99444
 217   69  0.97746
 218   69  0.99668
 219   69  0.98432
 220   69  0.99797
 221   69  0.98997
 222   69  0.99847
 223   69  0.99094
 224   69  0.99950
 225   69  0.99096
 226   69  0.99989
 227   69  1.00000
 228   69  0.99974
 229   69  1.00000
 230   69  0.99988
 231   69  0.99830
 232   69  0.99995
 185   70  0.00000
 186   70  0.00057
 188   70  0.00000
 189   70  0.00058
 190   70  0.00511
 191   70  0.00370
 192   70  0.03020
 193   70  0.05866
 194   70  0.10841
 195   70  0.03727
 196   70  0.07150
 197   70  0.27557
 198   70  0.67440
 199   70  0.61370
 200   70  0.72903
 201   70  0.65349
 202   70  0.76327
 203   70  0.68401
 204   70  0.75378
 205   70  0.72436
 206   70  0.78034
 207   70  0.76878
 208   70  0.79612
 209   70  0.80844
 210   70  0.83068
 211   70  0.83642
 212   70  0.84442
 213   70  0.87748
 214   70  0.87457
 215   70  0.91203
 216   70  0.91170
 217   70  0.92340
 218   70  0.93142
 219   70  0.93384
 220   70  0.93639
 221   70  0.97235
 222   70  0.95963
 223   70  0.95941
 224   70  0.96580
 225   70  0.97521
 226   70  0.96684
 227   70  0.99369
 228   70  0.98156
 229   70  0.99018
 230   70  1.00000
 231   70  0.99222
 232   70  0.98599
 233   70  0.99700
 234   70  1.00000
 186   71  0.00355
 187   71  0.00000
 188   71  0.00016
 189   71  0.00126
 190   71  0.01143
 191   71  0.01442
 192   71  0.03634
 193   71  0.04986
 194   71  0.14421
 195   71  0.11735
 196   71  0.15625
 197   71  0.07272
 198   71  0.52901
 199   71  0.56848
 200   71  0.80626
 201   71  0.71773
 202   71  0.82542
 203   71  0.74467
 204   71  0.85498
 205   71  0.74741
 206   71  0.88789
 207   71  0.76535
 208   71  0.90491
 209   71  0.79897
 210   71  0.91449
 211   71  0.83215
 212   71  0.94943
 213   71  0.87483
 214   71  0.96189
 215   71  0.89880
 216   71  0.98335
 217   71  0.92683
 218   71  0.98477
 219   71  0.94091
 220   71  0.98629
 221   71  0.95299
 222   71  0.99449
 223   71  0.96222
 224   71  0.99666
 225   71  0.96944
 226   71  0.99796
 227   71  0.98226
 228   71  0.99854
 229   71  0.98817
 230   71  0.99904
 231   71  0.99375
 232   71  0.99922
 233   71  0.99503
 234   71  0.99964
 235   71  1.00000
 236   71  0.99983
 237   71  1.00000
 238   71  0.99992
 239   71  0.99762
 240   71  1.00000
 241   71  1.00000
 242   71  1.00000
 194   72  0.00000
 195   72  0.00074
 196   72  0.00782
 197   72  0.00132
 198   72  0.00853
 199   72  0.11111
 200   72  0.42482
 201   72  0.31069
 202   72  0.45875
 203   72  0.42234
 204   72  0.59944
 205   72  0.46628
 206   72  0.56570
 207   72  0.50855
 208   72  0.61400
 209   72  0.53870
 210   72  0.64701
 211   72  0.59369
 212   72  0.70348
 213   72  0.68361
 214   72  0.73052
 215   72  0.72684
 216   72  0.78374
 217   72  0.83573
 218   72  0.82960
 219   72  0.84578
 220   72  0.85948
 221   72  0.88503
 222   72  0.87091
 223   72  0.91680
 224   72  0.90808
 225   72  0.92697
 226   72  0.92003
 227   72  0.96356
 228   72  0.93989
 229   72  0.96772
 230   72  0.95682
 231   72  0.97718
 232   72  0.97748
 233   72  0.97969
 234   72  0.97698
 235   72  0.98842
 236   72  0.98189
 237   72  0.99312
 238   72  0.98919
 239   72  0.99495
 240   72  1.00000
 241   72  0.99794
 242   72  1.00000
 243   72  1.00000
 244   72  0.99073
 193   73  0.00000
 194   73  0.00000
 195   73  0.00122
 196   73  0.00829
 197   73  0.02234
 198   73  0.01456
 199   73  0.01891
 200   73  0.35194
 201   73  0.48962
 202   73  0.63375
 203   73  0.52314
 204   73  0.69072
 205   73  0.57908
 206   73  0.73728
 207   73  0.59625
 208   73  0.78950
 209   73  0.60982
 210   73  0.79496
 211   73  0.64474
 212   73  0.82157
 213   73  0.67590
 214   73  0.87412
 215   73  0.73142
 216   73  0.88397
 217   73  0.78499
 218   73  0.94260
 219   73  0.83909
 220   73  0.94944
 221   73  0.86884
 222   73  0.96156
 223   73  0.90155
 224   73  0.97415
 225   73  0.91168
 226   73  0.98531
 227   73  0.93949
 228   73  0.99024
 229   73  0.95197
 230   73  0.99387
 231   73  0.96405
 232   73  0.99652
 233   73  0.97554
 234   73  0.99688
 235   73  0.98139
 236   73  0.99851
 237   73  0.98548
 238   73  0.99908
 239   73  0.99014
 240   73  0.99957
 241   73  1.00000
 242   73  0.99979
 243   73  0.99750
 244   73  1.00000
 245   73  0.99214
 246   73  1.00000
 247   73  1.00000
 248   73  0.99994
 249   73  1.00000
 250   73  0.99994
 201   74  0.02019
 202   74  0.25250
 203   74  0.18757
 204   74  0.30909
 205   74  0.21493
 206   74  0.37789
 207   74  0.25041
 208   74  0.37069
 209   74  0.30408
 210   74  0.42873
 211   74  0.37484
 212   74  0.46190
 213   74  0.36855
 214   74  0.50285
 215   74  0.48313
 216   74  0.54381
 217   74  0.54196
 218   74  0.61675
 219   74  0.66792
 220   74  0.71350
 221   74  0.68957
 222   74  0.72524
 223   74  0.77219
 224   74  0.77650
 225   74  0.82710
 226   74  0.84232
 227   74  0.83192
 228   74  0.84652
 229   74  0.88870
 230   74  0.88071
 231   74  0.91413
 232   74  0.91236
 233   74  0.94070
 234   74  0.93768
 235   74  0.94771
 236   74  0.94825
 237   74  0.96389
 238   74  0.95489
 239   74  0.97566
 240   74  0.96440
 241   74  0.98031
 242   74  0.97970
 243   74  0.98966
 244   74  0.98618
 245   74  1.00000
 246   74  0.97864
 247   74  0.99179
 248   74  1.00000
 249   74  0.99409
 250   74  1.00000
 199   75  0.00001
 201   75  0.00000
 202   75  0.07427
 203   75  0.17109
 204   75  0.39977
 205   75  0.31324
 206   75  0.46792
 207   75  0.35289
 208   75  0.55900
 209   75  0.38486
 210   75  0.58880
 211   75  0.41337
 212   75  0.67063
 213   75  0.47123
 214   75  0.67405
 215   75  0.49662
 216   75  0.72439
 217   75  0.53483
 218   75  0.74933
 219   75  0.60235
 220   75  0.85353
 221   75  0.68823
 222   75  0.87120
 223   75  0.73621
 224   75  0.89872
 225   75  0.77219
 226   75  0.94426
 227   75  0.83135
 228   75  0.94733
 229   75  0.85480
 230   75  0.97279
 231   75  0.87442
 232   75  0.98019
 233   75  0.90714
 234   75  0.98690
 235   75  0.93302
 236   75  0.98798
 237   75  0.94983
 238   75  0.99363
 239   75  0.95524
 240   75  0.99674
 241   75  0.97149
 242   75  0.99732
 243   75  0.97982
 244   75  0.99841
 245   75  0.99154
 246   75  0.99975
 247   75  0.98548
 248   75  0.99939
 249   75  0.99033
 250   75  0.99970
 251   75  0.99374
 252   75  0.99978
 203   76  0.00021
 204   76  0.04234
 205   76  0.04786
 206   76  0.13821
 207   76  0.06937
 208   76  0.19249
 209   76  0.13056
 210   76  0.21772
 211   76  0.14058
 212   76  0.23565
 213   76  0.18992
 214   76  0.28792
 215   76  0.21268
 216   76  0.34124
 217   76  0.30201
 218   76  0.39311
 219   76  0.29784
 220   76  0.44079
 221   76  0.44751
 222   76  0.52686
 223   76  0.51134
 224   76  0.57736
 225   76  0.58799
 226   76  0.63597
 227   76  0.67603
 228   76  0.72456
 229   76  0.70309
 230   76  0.75335
 231   76  0.78535
 232   76  0.80580
 233   76  0.81888
 234   76  0.84130
 235   76  0.88650
 236   76  0.87713
 237   76  0.88320
 238   76  0.89774
 239   76  0.92142
 240   76  0.90280
 241   76  0.93840
 242   76  0.92991
 243   76  0.94745
 244   76  0.93456
 245   76  0.96852
 246   76  0.95716
 247   76  0.98207
 248   76  0.95855
 249   76  0.98110
 250   76  0.96176
 251   76  0.98816
 252   76  0.96845
 253   76  0.99036
 254   76  1.00000
 255   76  0.98991
 256   76  1.00000
 257   76  0.99380
 258   76  1.00000
 259   76  0.99397
 260   76  0.99064
 261   76  0.99714
 262   76  1.00000
 204   77  0.00611
 205   77  0.03895
 206   77  0.13923
 207   77  0.13856
 208   77  0.14705
 209   77  0.16381
 210   77  0.31890
 211   77  0.20465
 212   77  0.35485
 213   77  0.21949
 214   77  0.43157
 215   77  0.26097
 216   77  0.39824
 217   77  0.26771
 218   77  0.54902
 219   77  0.32910
 220   77  0.53548
 221   77  0.38701
 222   77  0.70215
 223   77  0.49261
 224   77  0.70850
 225   77  0.56062
 226   77  0.80035
 227   77  0.61096
 228   77  0.85764
 229   77  0.69141
 230   77  0.86405
 231   77  0.72906
 232   77  0.93038
 233   77  0.77796
 234   77  0.93553
 235   77  0.81220
 236   77  0.96816
 237   77  0.86603
 238   77  0.96693
 239   77  0.88657
 240   77  0.98380
 241   77  0.90694
 242   77  0.98991
 243   77  0.94240
 244   77  0.99398
 245   77  0.91318
 246   77  0.99558
 247   77  0.95157
 248   77  0.99655
 249   77  0.96530
 250   77  0.99776
 251   77  0.97681
 252   77  0.99847
 253   77  1.00000
 254   77  0.99877
 255   77  0.98491
 256   77  0.99932
 257   77  0.99246
 258   77  0.99962
 259   77  1.00000
 260   77  0.99961
 261   77  0.99059
 262   77  0.99983
 263   77  1.00000
 264   77  0.99994
 206   78  0.00031
 207   78  0.00493
 208   78  0.02388
 209   78  0.00319
 210   78  0.05308
 211   78  0.02187
 212   78  0.08376
 213   78  0.04730
 214   78  0.10152
 215   78  0.06220
 216   78  0.15907
 217   78  0.07791
 218   78  0.17609
 219   78  0.12234
 220   78  0.18173
 221   78  0.14009
 222   78  0.25086
 223   78  0.24466
 224   78  0.36240
 225   78  0.26969
 226   78  0.42046
 227   78  0.42367
 228   78  0.50593
 229   78  0.48740
 230   78  0.56550
 231   78  0.49795
 232   78  0.61788
 233   78  0.63918
 234   78  0.66315
 235   78  0.68463
 236   78  0.71959
 237   78  0.76683
 238   78  0.77039
 239   78  0.77549
 240   78  0.80038
 241   78  0.82512
 242   78  0.82824
 243   78  0.88260
 244   78  0.89557
 245   78  0.89387
 246   78  0.88419
 247   78  0.92462
 248   78  0.89857
 249   78  0.92890
 250   78  0.91235
 251   78  0.94962
 252   78  0.92794
 253   78  0.96697
 254   78  0.94906
 255   78  0.97097
 256   78  0.95666
 257   78  0.98399
 258   78  0.94111
 259   78  0.98361
 260   78  1.00000
 261   78  0.98282
 262   78  0.97463
 263   78  0.99168
 264   78  1.00000
 265   78  0.99448
 266   78  1.00000
 207   79  0.00409
 208   79  0.01251
 209   79  0.03472
 210   79  0.04276
 211   79  0.05569
 212   79  0.09793
 213   79  0.08060
 214   79  0.21561
 215   79  0.09510
 216   79  0.22763
 217   79  0.12031
 218   79  0.26493
 219   79  0.15100
 220   79  0.25749
 221   79  0.14400
 222   79  0.31767
 223   79  0.17600
 224   79  0.49202
 225   79  0.25968
 226   79  0.47932
 227   79  0.33186
 228   79  0.66324
 229   79  0.41994
 230   79  0.72627
 231   79  0.49616
 232   79  0.76255
 233   79  0.57038
 234   79  0.83278
 235   79  0.63066
 236   79  0.87398
 237   79  0.68343
 238   79  0.91987
 239   79  0.74802
 240   79  0.92907
 241   79  0.77181
 242   79  0.95214
 243   79  0.80534
 244   79  0.97058
 245   79  0.82728
 246   79  0.98200
 247   79  0.85939
 248   79  0.98981
 249   79  0.89646
 250   79  0.98985
 251   79  0.93061
 252   79  0.99136
 253   79  0.93237
 254   79  0.99535
 255   79  0.94813
 256   79  0.99706
 257   79  0.96944
 258   79  0.99797
 259   79  0.97205
 260   79  0.99867
 261   79  0.97778
 262   79  0.99891
 263   79  0.97679
 264   79  0.99963
 265   79  1.00000
 266   79  0.99968
 267   79  1.00000
 268   79  1.00000
 210   80  0.00036
 211   80  0.00004
 212   80  0.00553
 213   80  0.00121
 214   80  0.02055
 215   80  0.00989
 216   80  0.03995
 217   80  0.02498
 218   80  0.04677
 219   80  0.04352
 220   80  0.06928
 221   80  0.05180
 222   80  0.07533
 223   80  0.02576
 224   80  0.07560
 225   80  0.08169
 226   80  0.13984
 227   80  0.09559
 228   80  0.22078
 229   80  0.21429
 230   80  0.32205
 231   80  0.26195
 232   80  0.40217
 233   80  0.32112
 234   80  0.45654
 235   80  0.44666
 236   80  0.51378
 237   80  0.50306
 238   80  0.57160
 239   80  0.58764
 240   80  0.65878
 241   80  0.64602
 242   80  0.64237
 243   80  0.61480
 244   80  0.68064
 245   80  0.67380
 246   80  0.67689
 247   80  0.69939
 248   80  0.77755
 249   80  0.69861
 250   80  0.77177
 251   80  0.82995
 252   80  0.80955
 253   80  0.86497
 254   80  0.84879
 255   80  0.87640
 256   80  0.87267
 257   80  0.90386
 258   80  0.89687
 259   80  0.93923
 260   80  0.92310
 261   80  0.95664
 262   80  0.94156
 263   80  0.96277
 264   80  0.94374
 265   80  0.98593
 266   80  1.00000
 267   80  0.98763
 268   80  1.00000
 269   80  1.00000
 270   80  1.00000
 211   81  0.00001
 212   81  0.00034
 213   81  0.00060
 214   81  0.00522
 215   81  0.00346
 216   81  0.01596
 217   81  0.02745
 218   81  0.03287
 219   81  0.03683
 220   81  0.09106
 221   81  0.04544
 222   81  0.19552
 223   81  0.06090
 224   81  0.10773
 225   81  0.06387
 226   81  0.24364
 227   81  0.10563
 228   81  0.22413
 229   81  0.15110
 230   81  0.42512
 231   81  0.22719
 232   81  0.51981
 233   81  0.30467
 234   81  0.55791
 235   81  0.37324
 236   81  0.68185
 237   81  0.45057
 238   81  0.76238
 239   81  0.49436
 240   81  0.84441
 241   81  0.62664
 242   81  0.89529
 243   81  0.68956
 244   81  0.91391
 245   81  0.73600
 246   81  0.92873
 247   81  0.72135
 248   81  0.96906
 249   81  0.71908
 250   81  0.95690
 251   81  0.80175
 252   81  0.96946
 253   81  0.82553
 254   81  0.97740
 255   81  0.84689
 256   81  0.98578
 257   81  0.85944
 258   81  0.98768
 259   81  0.90393
 260   81  0.98608
 261   81  0.91365
 262   81  0.99426
 263   81  0.92592
 264   81  0.99503
 265   81  0.94321
 266   81  0.99851
 267   81  1.00000
 268   81  0.99853
 269   81  1.00000
 270   81  1.00000
 271   81  1.00000
 223   82  0.00096
 224   82  0.01397
 225   82  0.02219
 226   82  0.04174
 227   82  0.18479
 228   82  0.11363
 229   82  0.17032
 230   82  0.21898
 231   82  0.40146
 232   82  0.33755
 233   82  0.56357
 234   82  0.45000
 235   82  0.63634
 236   82  0.58011
 237   82  0.79435
 238   82  0.67677
 239   82  0.84992
 240   82  0.74587
 241   82  0.90899
 242   82  0.82188
 243   82  0.93559
 244   82  0.84521
 245   82  0.96609
 246   82  0.84910
 247   82  0.97005
 248   82  0.91911
 249   82  0.97848
 250   82  0.92627
 251   82  0.98460
 252   82  0.94631
 253   82  0.99362
 254   82  0.95585
 255   82  0.99395
 256   82  0.96698
 257   82  0.99464
 258   82  0.96894
 259   82  0.99743
 260   82  0.97330
 261   82  0.99720
 262   82  0.98273
 263   82  0.99831
 264   82  0.98640
 265   82  0.99914
 266   82  0.99204
 267   82  0.99983
 268   82  1.00000
 269   82  0.99970
 270   82  1.00000
 271   82  0.99998
 272   82  1.00000
 273   82  1.00000
 274   82  1.00000
 221   83  0.00038
 222   83  0.00328
 223   83  0.00119
 224   83  0.00818
 225   83  0.04018
 226   83  0.04140
 227   83  0.11194
 228   83  0.29505
 229   83  0.23784
 230   83  0.30489
 231   83  0.44554
 232   83  0.61201
 233   83  0.66250
 234   83  0.72757
 235   83  0.73397
 236   83  0.76491
 237   83  0.84338
 238   83  0.90076
 239   83  0.88580
 240   83  0.93822
 241   83  0.92077
 242   83  0.97224
 243   83  0.95956
 244   83  0.97230
 245   83  0.97194
 246   83  0.98711
 247   83  0.97714
 248   83  0.99294
 249   83  0.97713
 250   83  0.99286
 251   83  0.98317
 252   83  0.99630
 253   83  0.99140
 254   83  0.99812
 255   83  0.99421
 256   83  0.99867
 257   83  0.99677
 258   83  0.99937
 259   83  0.99789
 260   83  0.99955
 261   83  0.99744
 262   83  0.99968
 263   83  0.99841
 264   83  0.99980
 265   83  0.99908
 266   83  0.99991
 267   83  0.99951
 268   83  0.99999
 269   83  1.00000
 270   83  0.99997
 271   83  1.00000
 272   83  1.00000
 273   83  1.00000
 274   83  1.00000
 275   83  1.00000
 276   83  1.00000
 228   84  0.00000
 229   84  0.00444
 230   84  0.00229
 231   84  0.00790
 232   84  0.02969
 233   84  0.12485
 234   84  0.11753
 235   84  0.23927
 236   84  0.22595
 237   84  0.33410
 238   84  0.34617
 239   84  0.60130
 240   84  0.51653
 241   84  0.69371
 242   84  0.55673
 243   84  0.79934
 244   84  0.66255
 245   84  0.83508
 246   84  0.73786
 247   84  0.88094
 248   84  0.78902
 249   84  0.93871
 250   84  0.82099
 251   84  0.92626
 252   84  0.80415
 253   84  0.95028
 254   84  0.88535
 255   84  0.95631
 256   84  0.90930
 257   84  0.95836
 258   84  0.94040
 259   84  0.98116
 260   84  0.95166
 261   84  0.98717
 262   84  0.95237
 263   84  0.99096
 264   84  0.95589
 265   84  0.99549
 266   84  0.96874
 267   84  0.99675
 268   84  0.97442
 269   84  0.99956
 270   84  1.00000
 272   84  1.00000
 273   84  0.99984
 274   84  1.00000
 275   84  0.99995
 276   84  1.00000
 277   84  1.00000
 278   84  1.00000
 229   85  0.00128
 230   85  0.01439
 231   85  0.02221
 232   85  0.02678
 233   85  0.08430
 234   85  0.25336
 235   85  0.21988
 236   85  0.48330
 237   85  0.37681
 238   85  0.46800
 239   85  0.48664
 240   85  0.75229
 241   85  0.69053
 242   85  0.79983
 243   85  0.78828
 244   85  0.88631
 245   85  0.85536
 246   85  0.92678
 247   85  0.89395
 248   85  0.94455
 249   85  0.91470
 250   85  0.98323
 251   85  0.94290
 252   85  0.98323
 253   85  0.95950
 254   85  0.98747
 255   85  0.96446
 256   85  0.99398
 257   85  0.96899
 258   85  0.99698
 259   85  0.98227
 260   85  0.99807
 261   85  0.99017
 262   85  0.99789
 263   85  0.99499
 264   85  0.99839
 265   85  0.99651
 266   85  0.99947
 267   85  0.99751
 268   85  0.99964
 269   85  0.99810
 270   85  1.00000
 272   85  0.98659
 273   85  1.00000
 274   85  0.99999
 275   85  1.00000
 276   85  1.00000
 277   85  1.00000
 278   85  1.00000
 279   85  1.00000
 280   85  1.00000
 235   86  0.00003
 236   86  0.00282
 237   86  0.02170
 238   86  0.04374
 239   86  0.04970
 240   86  0.09669
 241   86  0.26787
 242   86  0.19686
 243   86  0.35064
 244   86  0.32111
 245   86  0.47769
 246   86  0.47613
 247   86  0.63568
 248   86  0.48072
 249   86  0.67920
 250   86  0.61432
 251   86  0.78700
 252   86  0.65775
 253   86  0.87038
 254   86  0.69237
 255   86  0.88464
 256   86  0.73293
 257   86  0.91406
 258   86  0.76257
 259   86  0.93721
 260   86  0.83469
 261   86  0.95779
 262   86  0.87253
 263   86  0.96085
 264   86  0.89906
 265   86  0.97445
 266   86  0.91301
 267   86  0.98825
 268   86  0.92927
 269   86  0.99184
 270   86  0.94501
 271   86  0.99989
 272   86  1.00000
 273   86  0.90755
 274   86  1.00000
 275   86  0.99889
 276   86  1.00000
 277   86  0.99984
 278   86  1.00000
 279   86  0.99994
 280   86  1.00000
 281   86  0.99990
 282   86  0.99685
 235   87  0.00043
 236   87  0.00594
 237   87  0.00687
 238   87  0.05719
 239   87  0.10059
 240   87  0.09642
 241   87  0.22162
 242   87  0.47184
 243   87  0.34769
 244   87  0.57837
 245   87  0.47675
 246   87  0.71722
 247   87  0.66057
 248   87  0.81264
 249   87  0.73252
 250   87  0.86460
 251   87  0.79229
 252   87  0.92576
 253   87  0.86923
 254   87  0.94910
 255   87  0.90130
 256   87  0.96611
 257   87  0.92683
 258   87  0.97831
 259   87  0.93598
 260   87  0.98300
 261   87  0.95826
 262   87  0.98992
 263   87  0.97389
 264   87  0.99030
 265   87  0.98742
 266   87  0.99533
 267   87  0.98655
 268   87  0.99768
 269   87  0.99336
 270   87  0.99780
 271   87  0.99385
 272   87  0.99999
 273   87  1.00000
 274   87  0.99994
 275   87  1.00000
 276   87  0.99997
 277   87  0.99986
 278   87  0.99999
 279   87  1.00000
 280   87  1.00000
 281   87  1.00000
 282   87  0.99999
 283   87  0.99993
 284   87  1.00000
 242   88  0.00345
 243   88  0.01313
 244   88  0.01585
 245   88  0.08988
 246   88  0.09194
 247   88  0.17872
 248   88  0.18578
 249   88  0.33203
 250   88  0.24492
 251   88  0.40750
 252   88  0.34966
 253   88  0.53137
 254   88  0.39922
 255   88  0.63807
 256   88  0.47958
 257   88  0.68500
 258   88  0.63501
 259   88  0.81939
 260   88  0.64202
 261   88  0.83360
 262   88  0.67601
 263   88  0.87685
 264   88  0.74807
 265   88  0.90877
 266   88  0.83179
 267   88  0.93421
 268   88  0.85187
 269   88  0.96337
 270   88  0.88319
 271   88  0.97774
 272   88  0.89868
 273   88  0.99309
 274   88  1.00000
 275   88  0.99642
 276   88  1.00000
 277   88  0.99811
 278   88  1.00000
 279   88  0.99926
 280   88  0.99337
 281   88  0.99928
 282   88  0.99173
 283   88  0.99970
 284   88  0.98874
 285   88  0.99952
 286   88  0.98650
 240   89  0.00000
 241   89  0.00003
 242   89  0.00126
 243   89  0.04036
 244   89  0.04340
 245   89  0.08878
 246   89  0.19588
 247   89  0.20106
 248   89  0.37975
 249   89  0.34573
 250   89  0.51430
 251   89  0.51107
 252   89  0.63444
 253   89  0.61566
 254   89  0.77089
 255   89  0.69468
 256   89  0.84000
 257   89  0.71423
 258   89  0.87095
 259   89  0.82296
 260   89  0.93382
 261   89  0.85536
 262   89  0.95752
 263   89  0.86280
 264   89  0.95846
 265   89  0.90853
 266   89  0.97564
 267   89  0.94945
 268   89  0.98117
 269   89  0.96614
 270   89  0.99193
 271   89  0.97480
 272   89  0.99540
 273   89  0.97995
 274   89  0.99917
 275   89  1.00000
 276   89  0.99943
 277   89  1.00000
 278   89  0.99976
 279   89  1.00000
 280   89  0.99991
 281   89  0.99976
 282   89  0.99996
 283   89  1.00000
 284   89  0.99993
 285   89  0.99952
 286   89  0.99996
 287   89  0.99957
 288   89  0.99999
 247   90  0.00000
 248   90  0.00049
 249   90  0.00253
 250   90  0.00851
 251   90  0.05713
 252   90  0.03439
 253   90  0.07993
 254   90  0.09977
 255   90  0.19859
 256   90  0.16171
 257   90  0.34344
 258   90  0.24120
 259   90  0.45578
 260   90  0.34608
 261   90  0.54864
 262   90  0.44705
 263   90  0.62061
 264   90  0.49451
 265   90  0.72612
 266   90  0.59579
 267   90  0.80741
 268   90  0.65355
 269   90  0.84236
 270   90  0.72528
 271   90  0.91122
 272   90  0.77216
 273   90  0.93558
 274   90  0.84350
 275   90  0.97915
 276   90  1.00000
 277   90  0.98536
 278   90  1.00000
 279   90  0.99201
 280   90  1.00000
 281   90  0.99545
 282   90  1.00000
 283   90  0.99703
 284   90  1.00000
 285   90  0.99741
 286   90  0.97717
 287   90  0.99751
 288   90  0.97853
 289   90  0.99878
 290   90  0.98259
 291   90  0.99933
 292   90  0.98646
 293   90  0.99971
 294   90  0.98976
 295   90  0.99975
 296   90  0.99259
 297   90  0.99984
 298   90  0.99426
 299   90  0.99992
 300   90  1.00000
 301   90  0.99994
 302   90  0.99364
 303   90  1.00000
 304   90  0.99577
 246   91  0.00000
 247   91  0.00044
 248   91  0.01298
 249   91  0.01606
 250   91  0.04037
 251   91  0.10758
 252   91  0.26269
 253   91  0.18068
 254   91  0.32677
 255   91  0.31033
 256   91  0.43092
 257   91  0.40127
 258   91  0.60495
 259   91  0.50370
 260   91  0.70080
 261   91  0.65546
 262   91  0.78960
 263   91  0.69032
 264   91  0.83383
 265   91  0.74992
 266   91  0.84939
 267   91  0.81783
 268   91  0.91590
 269   91  0.87142
 270   91  0.93455
 271   91  0.91017
 272   91  0.96250
 273   91  0.93159
 274   91  0.98531
 275   91  0.95580
 276   91  0.99650
 277   91  1.00000
 278   91  0.99729
 279   91  0.99766
 280   91  0.99916
 281   91  0.99753
 282   91  0.99970
 283   91  0.99750
 284   91  0.99972
 285   91  0.99938
 286   91  0.99965
 287   91  0.99790
 288   91  0.99983
 289   91  0.99834
 290   91  0.99984
 291   91  0.99854
 292   91  0.99995
 293   91  0.99897
 294   91  0.99998
 295   91  0.99956
 296   91  0.99998
 297   91  0.99962
 298   91  1.00000
 299   91  0.99966
 300   91  1.00000
 301   91  0.99992
 302   91  1.00000
 303   91  0.99992
 304   91  1.00000
 305   91  1.00000
 306   91  1.00000
 307   91  1.00000
 308   91  1.00000
 253   92  0.00021
 254   92  0.00049
 255   92  0.00830
 256   92  0.00873
 257   92  0.01793
 258   92  0.03797
 259   92  0.08378
 260   92  0.06720
 261   92  0.18957
 262   92  0.12230
 263   92  0.22989
 264   92  0.17604
 265   92  0.35482
 266   92  0.21503
 267   92  0.44649
 268   92  0.35509
 269   92  0.58719
 270   92  0.43786
 271   92  0.67965
 272   92  0.52375
 273   92  0.73671
 274   92  0.61211
 275   92  0.82874
 276   92  0.64781
 277   92  0.95365
 278   92  0.88356
 279   92  0.96066
 280   92  1.00000
 281   92  0.96551
 282   92  0.93549
 283   92  0.98694
 284   92  0.93659
 285   92  0.98962
 286   92  0.95636
 287   92  0.98855
 288   92  0.94207
 289   92  0.99287
 290   92  0.93530
 291   92  0.99682
 292   92  0.94768
 293   92  0.99830
 294   92  0.95503
 295   92  0.99875
 296   92  0.96977
 297   92  0.99873
 298   92  0.98050
 299   92  0.99935
 300   92  0.98227
 301   92  0.99949
 302   92  0.98734
 303   92  0.99976
 304   92  0.99186
 305   92  0.99985
 306   92  0.99353
 307   92  0.99990
 308   92  1.00000
 309   92  0.99997
 310   92  1.00000
 249   93  0.00000
 250   93  0.00011
 251   93  0.00050
 252   93  0.00150
 253   93  0.00653
 254   93  0.02975
 255   93  0.05086
 256   93  0.11292
 257   93  0.11950
 258   93  0.15041
 259   93  0.14792
 260   93  0.32939
 261   93  0.27675
 262   93  0.47955
 263   93  0.38129
 264   93  0.55705
 265   93  0.49592
 266   93  0.64546
 267   93  0.48833
 268   93  0.72239
 269   93  0.63838
 270   93  0.79547
 271   93  0.72506
 272   93  0.85641
 273   93  0.79598
 274   93  0.92270
 275   93  0.86007
 276   93  0.95599
 277   93  0.92749
 278   93  0.98672
 279   93  0.99362
 280   93  0.99199
 281   93  0.99055
 282   93  0.99592
 283   93  0.99174
 284   93  0.99706
 285   93  1.00000
 286   93  0.99828
 287   93  0.99343
 288   93  0.99846
 289   93  0.98969
 290   93  0.99943
 291   93  0.99185
 292   93  0.99965
 293   93  0.99445
 294   93  0.99981
 295   93  0.99649
 296   93  0.99995
 297   93  0.99726
 298   93  0.99993
 299   93  0.99851
 300   93  0.99997
 301   93  0.99905
 302   93  0.99997
 303   93  0.99949
 304   93  0.99998
 305   93  0.99975
 306   93  1.00000
 307   93  0.99991
 308   93  1.00000
 309   93  1.00000
 310   93  1.00000
 311   93  1.00000
 312   93  1.00000
 313   93  0.99996
 314   93  1.00000
 315   93  1.00000
 316   93  1.00000
 317   93  1.00000
 318   93  1.00000
 319   93  1.00000
 320   93  1.00000
 258   94  0.00000
 259   94  0.00001
 260   94  0.00059
 261   94  0.00211
 262   94  0.01115
 263   94  0.03287
 264   94  0.02427
 265   94  0.01680
 266   94  0.02303
 267   94  0.11660
 268   94  0.07210
 269   94  0.22436
 270   94  0.16273
 271   94  0.35100
 272   94  0.26388
 273   94  0.42331
 274   94  0.32363
 275   94  0.52512
 276   94  0.36892
 277   94  0.68369
 278   94  0.51264
 279   94  0.86512
 280   94  0.85997
 281   94  0.87162
 282   94  0.85525
 283   94  0.93211
 284   94  0.83116
 285   94  0.95883
 286   94  0.87271
 287   94  0.95255
 288   94  0.86473
 289   94  0.97141
 290   94  0.86356
 291   94  0.98085
 292   94  0.87120
 293   94  0.99085
 294   94  0.90024
 295   94  0.99164
 296   94  0.92902
 297   94  0.99342
 298   94  0.93638
 299   94  0.99674
 300   94  0.95349
 301   94  0.99778
 302   94  0.96224
 303   94  0.99837
 304   94  0.97216
 305   94  0.99894
 306   94  0.97925
 307   94  0.99950
 308   94  0.98389
 309   94  0.99967
 310   94  0.98904
 311   94  0.99977
 312   94  0.99142
 313   94  0.99989
 314   94  0.99387
 315   94  1.00000
 316   94  0.99340
 317   94  1.00000
 318   94  0.99475
 319   94  1.00000
 320   94  0.99618
 321   94  1.00000
 322   94  1.00000
 257   95  0.00000
 258   95  0.00007
 259   95  0.00141
 260   95  0.01248
 261   95  0.01107
 262   95  0.04444
 263   95  0.05497
 264   95  0.33573
 265   95  0.19070
 266   95  0.22227
 267   95  0.11247
 268   95  0.25849
 269   95  0.21944
 270   95  0.43015
 271   95  0.37329
 272   95  0.56085
 273   95  0.49713
 274   95  0.71017
 275   95  0.64647
 276   95  0.80009
 277   95  0.69575
 278   95  0.88272
 279   95  0.76698
 280   95  0.96577
 281   95  0.96327
 282   95  0.96665
 283   95  0.96278
 284   95  0.98796
 285   95  0.98524
 286   95  0.99348
 287   95  0.96745
 288   95  0.98437
 289   95  0.95735
 290   95  0.99611
 291   95  0.96381
 292   95  0.99750
 293   95  0.98021
 294   95  0.99879
 295   95  0.98305
 296   95  0.99963
 297   95  0.98909
 298   95  0.99973
 299   95  0.99359
 300   95  0.99975
 301   95  0.99529
 302   95  0.99986
 303   95  0.99758
 304   95  0.99992
 305   95  0.99822
 306   95  0.99993
 307   95  0.99891
 308   95  0.99996
 309   95  0.99925
 310   95  0.99999
 311   95  0.99954
 312   95  0.99999
 313   95  0.99965
 314   95  1.00000
 315   95  0.99988
 316   95  1.00000
 317   95  1.00000
 318   95  1.00000
 319   95  0.99989
 320   95  1.00000
 321   95  1.00000
 322   95  1.00000
 323   95  1.00000
 324   95  1.00000
 264   96  0.00000
 265   96  0.00050
 266   96  0.00106
 267   96  0.00120
 268   96  0.00278
 269   96  0.00317
 270   96  0.00210
 271   96  0.01843
 272   96  0.02354
 273   96  0.09293
 274   96  0.06134
 275   96  0.17048
 276   96  0.15223
 277   96  0.32496
 278   96  0.25136
 279   96  0.44980
 280   96  0.33391
 281   96  0.75060
 282   96  0.72591
 283   96  0.70216
 284   96  0.69989
 285   96  0.85049
 286   96  0.76571
 287   96  0.91246
 288   96  0.77166
 289   96  0.84458
 290   96  0.61274
 291   96  0.91619
 292   96  0.76100
 293   96  0.94163
 294   96  0.79145
 295   96  0.96607
 296   96  0.83283
 297   96  0.97761
 298   96  0.84581
 299   96  0.98888
 300   96  0.87320
 301   96  0.99270
 302   96  0.90069
 303   96  0.99303
 304   96  0.93403
 305   96  0.99618
 306   96  0.94768
 307   96  0.99611
 308   96  0.95842
 309   96  0.99817
 310   96  0.96450
 311   96  0.99917
 312   96  0.97359
 313   96  0.99898
 314   96  0.98169
 315   96  0.99969
 316   96  0.98225
 317   96  0.99982
 318   96  0.99079
 319   96  0.99979
 320   96  0.99027
 321   96  1.00000
 322   96  1.00000
 323   96  0.99993
 324   96  1.00000
 325   96  1.00000
 326   96  0.99425
 264   97  0.00001
 265   97  0.00102
 266   97  0.01314
 267   97  0.00536
 268   97  0.05250
 269   97  0.01528
 270   97  0.10761
 271   97  0.06132
 272   97  0.17450
 273   97  0.15908
 274   97  0.34413
 275   97  0.30054
 276   97  0.47216
 277   97  0.38400
 278   97  0.66492
 279   97  0.52995
 280   97  0.71694
 281   97  0.53625
 282   97  0.89673
 283   97  0.85355
 284   97  0.92779
 285   97  0.94220
 286   97  0.92770
 287   97  0.93475
 288   97  0.97651
 289   97  0.93950
 290   97  0.92452
 291   97  0.91289
 292   97  0.98627
 293   97  0.92159
 294   97  0.99094
 295   97  0.93932
 296   97  0.99576
 297   97  0.95731
 298   97  0.99666
 299   97  0.97447
 300   97  0.99823
 301   97  0.97911
 302   97  0.99898
 303   97  0.98313
 304   97  0.99945
 305   97  0.99055
 306   97  0.99958
 307   97  0.99354
 308   97  0.99982
 309   97  0.99529
 310   97  0.99986
 311   97  0.99704
 312   97  0.99992
 313   97  0.99856
 314   97  0.99996
 315   97  0.99886
 316   97  0.99998
 317   97  0.99921
 318   97  0.99999
 319   97  0.99960
 320   97  0.99999
 321   97  0.99961
 322   97  1.00000
 323   97  0.99963
 324   97  1.00000
 325   97  0.99992
 326   97  1.00000
 327   97  0.99991
 328   97  1.00000
 273   98  0.00009
 274   98  0.00015
 275   98  0.00652
 276   98  0.01591
 277   98  0.03283
 278   98  0.04013
 279   98  0.14297
 280   98  0.13456
 281   98  0.30751
 282   98  0.14067
 283   98  0.47542
 284   98  0.48964
 285   98  0.55019
 286   98  0.52436
 287   98  0.64006
 288   98  0.55582
 289   98  0.71013
 290   98  0.44263
 291   98  0.58253
 292   98  0.55058
 293   98  0.80454
 294   98  0.66356
 295   98  0.85187
 296   98  0.66881
 297   98  0.93901
 298   98  0.71709
 299   98  0.94245
 300   98  0.74861
 301   98  0.96457
 302   98  0.79590
 303   98  0.97183
 304   98  0.82614
 305   98  0.98226
 306   98  0.85459
 307   98  0.98593
 308   98  0.90587
 309   98  0.99011
 310   98  0.92536
 311   98  0.99241
 312   98  0.93221
 313   98  0.99688
 314   98  0.94793
 315   98  0.99789
 316   98  0.96831
 317   98  0.99834
 318   98  0.97205
 319   98  0.99930
 320   98  0.98942
 321   98  0.99916
 322   98  0.98191
 323   98  0.99939
 324   98  0.98932
 325   98  0.99988
 326   98  0.98660
 327   98  0.99986
 328   98  1.00000
 329   98  1.00000
 330   98  1.00000
 270   99  0.00002
 271   99  0.00000
 273   99  0.00030
 274   99  0.00575
 275   99  0.00553
 276   99  0.05494
 277   99  0.05568
 278   99  0.20603
 279   99  0.12112
 280   99  0.32474
 281   99  0.28514
 282   99  0.52764
 283   99  0.33899
 284   99  0.83449
 285   99  0.63916
 286   99  0.85578
 287   99  0.82193
 288   99  0.87036
 289   99  0.80122
 290   99  0.94534
 291   99  0.57772
 292   99  0.92981
 293   99  0.78512
 294   99  0.94594
 295   99  0.82773
 296   99  0.96304
 297   99  0.85538
 298   99  0.98683
 299   99  0.90184
 300   99  0.98592
 301   99  0.93539
 302   99  0.99083
 303   99  0.93306
 304   99  0.99601
 305   99  0.95568
 306   99  0.99773
 307   99  0.97240
 308   99  0.99821
 309   99  0.97836
 310   99  0.99947
 311   99  0.98667
 312   99  0.99918
 313   99  0.99382
 314   99  0.99943
 315   99  0.99414
 316   99  0.99985
 317   99  0.99663
 318   99  0.99984
 319   99  0.99821
 320   99  0.99995
 321   99  0.99853
 322   99  0.99996
 323   99  0.99869
 324   99  0.99999
 325   99  0.99916
 326   99  0.99999
 327   99  0.99946
 328   99  1.00000
 329   99  0.99962
 330   99  1.00000
 331   99  1.00000
 332   99  1.00000
 278  100  0.00000
 279  100  0.00019
 280  100  0.00234
 281  100  0.01078
 282  100  0.02109
 283  100  0.04143
 284  100  0.07551
 285  100  0.14896
 286  100  0.15404
 287  100  0.40830
 288  100  0.23750
 289  100  0.33947
 290  100  0.22527
 291  100  0.45057
 292  100  0.29651
 293  100  0.57993
 294  100  0.33716
 295  100  0.60634
 296  100  0.44798
 297  100  0.67591
 298  100  0.47912
 299  100  0.83259
 300  100  0.54609
 301  100  0.89175
 302  100  0.64734
 303  100  0.90070
 304  100  0.66419
 305  100  0.90306
 306  100  0.68872
 307  100  0.94544
 308  100  0.75007
 309  100  0.95123
 310  100  0.83635
 311  100  0.96570
 312  100  0.83856
 313  100  0.98153
 314  100  0.86586
 315  100  0.98166
 316  100  0.89712
 317  100  0.99137
 318  100  0.91230
 319  100  0.99387
 320  100  0.93470
 321  100  0.99678
 322  100  0.94608
 323  100  0.99690
 324  100  0.95662
 325  100  0.99819
 326  100  0.96096
 327  100  0.99934
 328  100  0.96836
 329  100  0.99947
 330  100  0.96900
 331  100  0.99971
 332  100  0.98433
 333  100  1.00000
 334  100  0.98406
