8 11 0
8 12 0
8 13 0
8 14 0.0003
8 15 0.0371
8 16 0.4189
8 17 0.1087
8 18 1.0761
8 19 1.2154
8 20 2.8575
8 21 0.9433
8 22 2
8 23 0.9449
8 24 1.9526
8 25 1
8 26 1
9 11 0
9 12 0
9 13 0
9 14 0.0015
9 15 0.0291
9 16 0.0188
9 17 0.1901
9 18 0.3694
9 19 0.6563
9 20 0.9142
9 21 1.8056
9 22 1.5227
9 23 2.1606
9 24 2.6576
9 25 0.9905
9 26 2
9 27 0.9981
9 28 2
9 29 0.9949
10 13 0
10 14 0
10 15 0
10 16 0.0034
10 17 0.0092
10 18 0.1613
10 19 0.1022
10 20 0.162
10 21 0.2098
10 22 0.5451
10 23 1.915
10 24 1.9308
10 25 2.8035
10 26 2.9038
10 27 0.978
10 28 2
10 29 0.9846
10 30 2
10 31 1
11 13 0
11 14 0
11 15 0
11 16 0.0003
11 17 0.0149
11 18 0.0809
11 19 0.0422
11 20 0.1693
11 21 0.5282
11 22 0.8372
11 23 0.8861
11 24 1.6724
11 25 0.8831
11 26 1.733
11 27 0.9847
11 28 1.8592
11 29 0.9944
11 30 2
11 31 0.9927
11 32 2
11 33 0.9474
12 15 0
12 16 0
12 17 0
12 18 0.0001
12 19 0.0053
12 20 0.1052
12 21 0.3455
12 22 0.2686
12 23 0.5251
12 24 0.4733
12 25 0.9783
12 26 1.2535
12 27 1.8102
12 28 1.9338
12 29 0.9207
12 30 1.9315
12 31 1
12 32 1
12 33 0.8466
12 34 2
12 35 1
13 15 0
13 16 0
13 17 0
13 18 0
13 19 0.0013
13 20 0.0233
13 21 0.0623
13 22 0.0849
13 23 0.1854
13 24 0.1351
13 25 0.3769
13 26 1.108
13 27 1.8882
13 28 0.8594
13 29 1.7323
13 30 2.3549
13 31 0.9939
13 32 1.9811
13 33 0.9959
13 34 2
13 35 0.993
13 36 2
13 37 0.9892
13 38 2
14 17 0
14 18 0
14 19 0
14 20 0
14 21 0.0052
14 22 0.2927
14 23 0.1334
14 24 0.3595
14 25 0.3184
14 26 0.4875
14 27 0.644
14 28 0.4928
14 29 0.9139
14 30 1.6684
14 31 0.9362
14 32 1.6289
14 33 1.6564
14 34 2.9509
14 35 0.9881
14 36 2
14 37 0.9742
14 38 2
14 39 0.9967
14 40 2
15 17 0
15 18 0
15 19 0
15 20 0
15 21 0
15 22 0.0214
15 23 0.0162
15 24 0.0637
15 25 0.113
15 26 0.195
15 27 0.619
15 28 0.4836
15 29 1.1977
15 30 1.6086
15 31 2.0777
15 32 2.53
15 33 2.481
15 34 2.9293
15 35 0.9867
15 36 1.9792
15 37 0.9866
15 38 2
15 39 0.9901
15 40 2
15 41 0.9927
15 42 2
16 19 0
16 21 0
16 22 0
16 23 0
16 24 0
16 25 0.0001
16 26 0.0146
16 27 0.115
16 28 0.524
16 29 0.2786
16 30 0.6026
16 31 0.3098
16 32 1.221
16 33 1.0806
16 34 1.3133
16 35 2.3824
16 36 2.5177
16 37 0.9737
16 38 1.9606
16 39 0.9808
16 40 1.9918
16 41 0.9836
16 42 1.9633
16 43 2.9276
16 44 2.9948
17 19 0
17 21 0
17 22 0
17 23 0
17 24 0
17 25 0
17 26 0.011
17 27 0.0708
17 28 0.1195
17 29 0.1864
17 30 0.5703
17 31 1.0727
17 32 1.2246
17 33 1.3091
17 34 1.7814
17 35 2.3879
17 36 2.7478
17 37 2.7982
17 38 2.5059
17 39 2.698
17 40 2.7927
17 41 0.9904
17 42 1.979
17 43 0.9914
17 44 1.974
17 45 0.9906
17 46 2
18 21 0
18 23 0
18 24 0
18 25 0
18 26 0
18 27 0
18 28 0
18 29 0.0009
18 30 0.2473
18 31 0.2348
18 32 0.1821
18 33 0.4501
18 34 0.479
18 35 1.0519
18 36 1.1495
18 37 1.8215
18 38 1.1215
18 39 1.9613
18 40 1.7737
18 41 2.4952
18 42 2.3519
18 43 2.7885
18 44 2.9
18 45 0.9807
18 46 2
18 47 0.9814
18 48 2
18 49 0.9936
19 21 0
19 23 0
19 24 0
19 25 0
19 26 0
19 27 0
19 28 0
19 29 0.0102
19 30 0.2132
19 31 0.2783
19 32 0.6732
19 33 0.2764
19 34 0.356
19 35 0.659
19 36 0.62
19 37 1.4298
19 38 2.1054
19 39 2.3428
19 40 2.8145
19 41 2.4981
19 42 2.3537
19 43 2.6958
19 44 2.9438
19 45 0.9932
19 46 1.9834
19 47 0.9943
19 48 1.9873
19 49 0.995
19 50 1.9926
19 51 0.996
20 25 0
20 27 0
20 28 0
20 29 0
20 30 0
20 31 0.0157
20 32 0.0159
20 33 0.0057
20 34 0.0602
20 35 0.1608
20 36 0.0851
20 37 0.1901
20 38 0.0912
20 39 0.596
20 40 0.2166
20 41 1.0603
20 42 1.1727
20 43 2.0852
20 44 1.5725
20 45 2.4111
20 46 2.493
20 47 2.8927
20 48 2.9311
20 49 0.9905
20 50 1.9815
20 51 0.988
20 52 2
20 53 0.9981
21 25 0
21 26 0
21 27 0
21 28 0
21 29 0
21 30 0
21 31 0.0004
21 32 0.0009
21 33 0.0038
21 34 0.148
21 35 0.1645
21 36 0.259
21 37 0.2639
21 38 0.4011
21 39 0.7067
21 40 0.5551
21 41 1.1787
21 42 1.5261
21 43 1.679
21 44 2.1492
21 45 2.4452
21 46 2.3657
21 47 2.6601
21 48 2.7337
21 49 2.7962
21 50 2.9142
21 51 0.9958
21 52 1.9898
21 53 0.9953
21 54 2
21 55 1
22 29 0
22 30 0
22 31 0
22 32 0
22 33 0
22 34 0.0022
22 35 0.0054
22 36 0.0125
22 37 0.0119
22 38 0.0243
22 39 0.0415
22 40 0.0586
22 41 0.3319
22 42 0.9467
22 43 0.8935
22 44 0.7017
22 45 1.4028
22 46 1.2542
22 47 1.9676
22 48 1.546
22 49 2.2361
22 50 2.0809
22 51 2.8564
22 52 2.9258
22 53 0.9903
22 54 2
22 55 0.9973
22 56 2
22 57 1
22 58 1
23 27 0
23 29 0
23 30 0
23 31 0
23 32 0
23 33 0
23 34 0.0025
23 35 0.0075
23 36 0.0533
23 37 0.0379
23 38 0.1265
23 39 0.1827
23 40 0.2539
23 41 0.3379
23 42 0.3922
23 43 0.7181
23 44 0.6532
23 45 1.1146
23 46 1.1315
23 47 1.6358
23 48 1.8175
23 49 2.3187
23 50 2.122
23 51 2.612
23 52 2.9426
23 53 0.9948
23 54 1.992
23 55 0.9951
23 56 2
23 57 1
23 58 1
23 59 0.996
23 60 2
24 31 0
24 32 0
24 33 0
24 34 0
24 35 0
24 36 0
24 37 0.0069
24 38 0.0074
24 39 0.0252
24 40 0.0113
24 41 0.0786
24 42 0.0718
24 43 0.122
24 44 0.1495
24 45 0.317
24 46 0.4
24 47 0.8286
24 48 1.0117
24 49 1.4444
24 50 1.3639
24 51 2.1364
24 52 2.4575
24 53 2.9106
24 54 2.9457
24 55 0.9878
24 56 1.9937
24 57 0.9932
24 58 2
24 59 0.9963
24 60 2
24 61 0.9962
24 62 2
25 29 0
25 31 0
25 32 0
25 33 0
25 34 0
25 35 0
25 36 0.0002
25 37 0.001
25 38 0.0073
25 39 0.0149
25 40 0.04
25 41 0.0966
25 42 0.097
25 43 0.1621
25 44 0.234
25 45 0.3133
25 46 0.3727
25 47 0.5761
25 48 0.9074
25 49 1.1023
25 50 1.3377
25 51 1.7707
25 52 2.279
25 53 2.7995
25 54 2.965
25 55 0.9946
25 56 1.9896
25 57 0.9958
25 58 1.9944
25 59 0.9955
25 60 2
25 61 0.9971
25 62 2
25 63 0.9964
25 64 2
26 33 0
26 34 0
26 35 0
26 36 0
26 37 0
26 38 0
26 39 0
26 40 0.0001
26 41 0.0098
26 42 0.018
26 43 0.0533
26 44 0.1117
26 45 0.2103
26 46 0.2002
26 47 0.4145
26 48 0.4562
26 49 0.8224
26 50 0.8861
26 51 1.4564
26 52 1.8617
26 53 2.3796
26 54 2.7894
26 55 2.6508
26 56 2.9288
26 57 0.9902
26 58 1.9801
26 59 0.9826
26 60 1.9883
26 61 0.9926
26 62 1.9887
26 63 0.993
26 64 2
26 65 0.9949
26 66 2
27 31 0
27 33 0
27 34 0
27 35 0
27 36 0
27 37 0
27 38 0
27 39 0
27 40 0.0006
27 41 0.0073
27 42 0.0089
27 43 0.0203
27 44 0.031
27 45 0.0407
27 46 0.0465
27 47 0.0926
27 48 0.1286
27 49 0.3765
27 50 0.8311
27 51 0.9442
27 52 1.4445
27 53 2.2036
27 54 2.887
27 55 2.651
27 56 2.9621
27 57 0.9953
27 58 1.9715
27 59 0.9899
27 60 1.9595
27 61 0.9959
27 62 1.9598
27 63 0.996
27 64 1.991
27 65 0.9969
27 66 2
27 67 0.9971
27 68 2
27 69 0.9975
28 35 0
28 37 0
28 38 0
28 39 0
28 40 0
28 41 0
28 42 0
28 43 0
28 44 0
28 45 0.0016
28 46 0.0226
28 47 0.0608
28 48 0.2049
28 49 0.2523
28 50 0.3916
28 51 0.7159
28 52 0.9087
28 53 1.5419
28 54 1.6655
28 55 1.1936
28 56 1.8403
28 57 2.4044
28 58 2.3323
28 59 2.7565
28 60 2.6384
28 61 2.5901
28 62 2.6418
28 63 2.8943
28 64 2.9138
28 65 0.9711
28 66 1.9932
28 67 0.9953
28 68 2
28 69 0.9947
28 70 2
28 71 0.9794
29 35 0
29 37 0
29 38 0
29 39 0
29 40 0
29 41 0
29 42 0
29 43 0
29 44 0.0002
29 45 0.0015
29 46 0.0256
29 47 0.025
29 48 0.1054
29 49 0.1075
29 50 0.2538
29 51 0.6916
29 52 1.0543
29 53 1.5768
29 54 1.6017
29 55 1.9673
29 56 2.017
29 57 2.2736
29 58 2.5363
29 59 2.8053
29 60 2.9407
29 61 2.8425
29 62 2.9596
29 63 2.9625
29 64 2.9682
29 65 2.9751
29 66 2.9823
29 67 0.9972
29 68 1.9938
29 69 0.9972
29 70 1.9906
29 71 0.998
29 72 2
29 73 0.9986
30 39 0
30 41 0
30 42 0
30 43 0
30 44 0
30 45 0
30 46 0
30 47 0
30 48 0
30 49 0.0034
30 50 0.0619
30 51 0.1338
30 52 0.448
30 53 0.7101
30 54 0.7477
30 55 0.4765
30 56 0.7815
30 57 1.1526
30 58 1.0813
30 59 1.7255
30 60 1.5313
30 61 1.5704
30 62 1.7528
30 63 2.347
30 64 2.261
30 65 2.6147
30 66 2.8308
30 67 0.9544
30 68 1.9472
30 69 2.9539
30 70 2.9594
30 71 0.9943
30 72 1.9937
30 73 0.9967
30 74 2
30 75 0.9973
31 39 0
31 41 0
31 42 0
31 43 0
31 44 0
31 45 0
31 46 0
31 47 0
31 48 0.0006
31 49 0.0043
31 50 0.0474
31 51 0.093
31 52 0.5914
31 53 0.5645
31 54 0.8228
31 55 1.1416
31 56 1.1478
31 57 1.2359
31 58 1.3359
31 59 1.4396
31 60 1.3896
31 61 2.0888
31 62 1.8666
31 63 2.1678
31 64 2.3497
31 65 2.7997
31 66 2.933
31 67 2.946
31 68 2.9564
31 69 2.9609
31 70 2.9599
31 71 2.973
31 72 2.9804
31 73 0.9975
31 74 1.9968
31 75 0.998
31 76 2
31 77 0.9976
32 43 0
32 45 0
32 46 0
32 47 0
32 48 0
32 49 0
32 50 0
32 51 0.0009
32 52 0.0968
32 53 0.1079
32 54 0.2385
32 55 0.3989
32 56 0.5001
32 57 0.1224
32 58 0.804
32 59 0.8233
32 60 0.7378
32 61 0.8115
32 62 0.9091
32 63 1.5165
32 64 1.3883
32 65 1.6456
32 66 1.6638
32 67 2.2253
32 68 1.954
32 69 2.5855
32 70 2.5287
32 71 2.7571
32 72 2.8564
32 73 0.9934
32 74 1.9872
32 75 0.995
32 76 1.9906
32 77 0.9932
32 78 1.9922
32 79 0.9942
32 80 2
33 41 0
33 43 0
33 44 0
33 45 0
33 46 0
33 47 0
33 48 0
33 49 0
33 50 0
33 51 0.0007
33 52 0.1159
33 53 0.205
33 54 0.371
33 55 0.3658
33 56 0.7901
33 57 0.33
33 58 0.9593
33 59 1.2481
33 60 1.1151
33 61 1.2505
33 62 1.3177
33 63 1.8928
33 64 1.8204
33 65 2.2356
33 66 2.2768
33 67 2.4503
33 68 2.5497
33 69 2.7314
33 70 2.8515
33 71 2.8795
33 72 2.9591
33 73 2.9731
33 74 2.974
33 75 0.9978
33 76 1.9923
33 77 0.998
33 78 1.9913
33 79 0.9965
33 80 1.9906
33 81 0.9981
33 82 1.9846
34 45 0
34 47 0
34 49 0
34 50 0
34 51 0
34 52 0
34 53 0.0001
34 54 0.0029
34 55 0.0273
34 56 0.0083
34 57 0.038
34 58 0.0323
34 59 0.1
34 60 0.0416
34 61 0.307
34 62 0.4507
34 63 0.7961
34 64 0.7591
34 65 0.7466
34 66 0.8664
34 67 1.2336
34 68 0.9902
34 69 1.6206
34 70 1.3066
34 71 1.9037
34 72 2.0237
34 73 2.7163
34 74 2.7114
34 75 2.7648
34 76 2.9668
34 77 0.9939
34 78 1.8824
34 79 2.9383
34 80 2.9296
34 81 2.9809
34 82 2.9443
34 83 2.8977
34 84 2.9559
35 43 0
35 45 0
35 47 0
35 48 0
35 49 0
35 50 0
35 51 0
35 52 0.0025
35 53 0.0136
35 54 0.1058
35 55 0.1338
35 56 0.5401
35 57 0.0897
35 58 0.8655
35 59 0.1516
35 60 0.9419
35 61 0.3652
35 62 0.9476
35 63 1.1877
35 64 1.1254
35 65 1.0497
35 66 1.1164
35 67 1.4796
35 68 1.2958
35 69 1.6828
35 70 1.6738
35 71 2.1284
35 72 2.3861
35 73 2.6726
35 74 2.7928
35 75 2.9769
35 76 2.9835
35 77 2.9718
35 78 2.9378
35 79 2.9527
35 80 2.958
35 81 2.9826
35 82 2.9635
35 83 2.9629
35 84 2.9865
35 85 1
35 86 1
36 49 0
36 51 0
36 52 0
36 53 0
36 54 0
36 55 0
36 56 0.0005
36 57 0.0002
36 58 0.0014
36 59 0.0078
36 60 0.0074
36 61 0.0412
36 62 0.0161
36 63 0.3575
36 64 0.2983
36 65 0.2606
36 66 0.4593
36 67 0.6616
36 68 0.6395
36 69 0.8639
36 70 0.8868
36 71 1.3686
36 72 1.2714
36 73 1.9949
36 74 1.9918
36 75 2.6459
36 76 2.5392
36 77 2.4993
36 78 1.5777
36 79 2.1719
36 80 2.7273
36 81 2.8038
36 82 1.9435
36 83 2.6512
36 84 2.929
36 85 1
36 86 2
36 87 1
36 88 1
37 47 0
37 49 0
37 50 0
37 51 0
37 52 0
37 53 0
37 54 0
37 55 0.0005
37 56 0.0259
37 57 0.0165
37 58 0.3254
37 59 0.1075
37 60 0.131
37 61 0.1879
37 62 0.2755
37 63 0.2762
37 64 0.3556
37 65 0.2397
37 66 0.5708
37 67 0.7025
37 68 0.8082
37 69 0.9907
37 70 0.9987
37 71 1.4785
37 72 1.6353
37 73 2.1243
37 74 2.2252
37 75 2.5575
37 76 2.8308
37 77 2.816
37 78 2.7139
37 79 2.879
37 80 2.9175
37 81 2.9558
37 82 2.9175
37 83 2.9528
37 84 2.9615
37 85 0.9977
37 86 2
37 87 1
37 88 1
37 89 1
37 90 1
37 91 0.998
38 51 0
38 52 0
38 53 0
38 54 0
38 55 0
38 56 0
38 57 0
38 58 0
38 59 0
38 60 0.0035
38 61 0.0023
38 62 0.004
38 63 0.0384
38 64 0.0287
38 65 0.0282
38 66 0.0841
38 67 0.1668
38 68 0.1742
38 69 0.3266
38 70 0.335
38 71 0.8039
38 72 0.9083
38 73 1.3123
38 74 1.3652
38 75 1.7418
38 76 1.1124
38 77 1.4942
38 78 1.1531
38 79 1.8273
38 80 1.5271
38 81 2.0825
38 82 1.2688
38 83 1.9458
38 84 2.8967
38 85 0.9951
38 86 2
38 87 1
38 88 2
38 89 1
38 90 1
38 91 0.9975
38 92 2
38 93 0.9987
39 51 0
39 52 0
39 53 0
39 54 0
39 55 0
39 56 0
39 57 0
39 58 0.0002
39 59 0.0124
39 60 0.0057
39 61 0.004
39 62 0.0152
39 63 0.0127
39 64 0.0391
39 65 0.038
39 66 0.1653
39 67 0.1801
39 68 0.3564
39 69 0.3954
39 70 0.5867
39 71 0.7355
39 72 0.773
39 73 1.3263
39 74 1.5095
39 75 1.662
39 76 1.3494
39 77 1.6925
39 78 1.5848
39 79 1.8628
39 80 1.9807
39 81 2.2642
39 82 2.0286
39 83 2.2322
39 84 2.8998
39 85 0.9965
39 86 1.9982
39 87 0.9962
39 88 2
39 89 1
39 90 1
39 91 0.9983
39 92 2
39 93 0.9978
39 94 2
39 95 0.9989
40 53 0
40 55 0
40 56 0
40 57 0
40 58 0
40 59 0
40 60 0
40 61 0
40 62 0
40 63 0
40 64 0.0003
40 65 0.0003
40 66 0.0063
40 67 0.0149
40 68 0.0196
40 69 0.0467
40 70 0.0717
40 71 0.1672
40 72 0.2726
40 73 0.8183
40 74 0.5045
40 75 0.6539
40 76 0.5922
40 77 0.8361
40 78 0.8145
40 79 1.0469
40 80 1.0393
40 81 1.2381
40 82 0.5288
40 83 1.3058
40 84 2.1401
40 85 2.9253
40 86 2.9662
40 87 0.9952
40 88 2
40 89 0.9979
40 90 2
40 91 0.9948
40 92 1.9923
40 93 0.9963
40 94 2
40 95 0.9967
40 96 2
40 97 0.9976
41 51 0
41 53 0
41 54 0
41 55 0
41 56 0
41 57 0
41 58 0
41 59 0
41 60 0
41 61 0
41 62 0
41 63 0
41 64 0.0024
41 65 0.002
41 66 0.0312
41 67 0.1658
41 68 0.1635
41 69 0.1965
41 70 0.5563
41 71 0.6463
41 72 0.9082
41 73 0.6323
41 74 0.5977
41 75 0.6647
41 76 0.6936
41 77 0.9658
41 78 0.9864
41 79 1.3362
41 80 1.2806
41 81 1.4519
41 82 0.872
41 83 1.7213
41 84 2.5647
41 85 2.9481
41 86 2.9748
41 87 0.998
41 88 2
41 89 0.9977
41 90 1.9967
41 91 0.9979
41 92 1.9942
41 93 0.9983
41 94 1.995
41 95 0.9984
41 96 2
41 97 0.9987
41 98 2
41 99 0.9987
42 57 0
42 59 0
42 60 0
42 61 0
42 62 0
42 63 0
42 64 0
42 65 0
42 66 0
42 67 0
42 68 0
42 69 0.0003
42 70 0.0031
42 71 0.0336
42 72 0.0442
42 73 0.062
42 74 0.0776
42 75 0.1745
42 76 0.1275
42 77 0.3183
42 78 0.3369
42 79 0.5627
42 80 0.6397
42 81 0.8736
42 82 0.2044
42 83 1.0519
42 84 1.9268
42 85 2.8504
42 86 2.8771
42 87 2.9676
42 88 2.9909
42 89 0.9927
42 90 1.9876
42 91 0.9845
42 92 1.979
42 93 2.9611
42 94 2.9733
42 95 0.9951
42 96 1.992
42 97 0.9952
42 98 1.9971
42 99 0.9972
42 100 2
42 101 0.9971
42 102 2
43 53 0
43 55 0
43 56 0
43 57 0
43 58 0
43 59 0
43 60 0
43 61 0
43 62 0
43 63 0
43 64 0
43 65 0
43 66 0.0001
43 67 0.0008
43 68 0.0042
43 69 0.0088
43 70 0.0486
43 71 0.0831
43 72 0.2066
43 73 0.1739
43 74 0.2515
43 75 0.2705
43 76 0.3222
43 77 0.3604
43 78 0.4663
43 79 0.5493
43 80 0.7356
43 81 0.5146
43 82 0.4948
43 83 0.9804
43 84 1.813
43 85 2.546
43 86 2.9462
43 87 2.9704
43 88 2.9764
43 89 0.9971
43 90 1.993
43 91 0.9977
43 92 1.9919
43 93 2.9858
43 94 2.984
43 95 0.9978
43 96 1.9928
43 97 0.9979
43 98 1.9941
43 99 0.9985
43 100 1.9956
43 101 0.9986
43 102 1.9974
43 103 0.9976
43 104 2
44 59 0
44 61 0
44 62 0
44 63 0
44 64 0
44 65 0
44 66 0
44 67 0
44 68 0
44 69 0
44 70 0.0001
44 71 0.0119
44 72 0
44 73 0.0042
44 74 0.012
44 75 0.0285
44 76 0.0337
44 77 0.0712
44 78 0.0848
44 79 0.1671
44 80 0.1583
44 81 0.16
44 82 0.1699
44 83 0.6658
44 84 1.2498
44 85 2.1054
44 86 2.6864
44 87 2.7402
44 88 2.9365
44 89 2.9169
44 90 2.9344
44 91 2.9223
44 92 2.9037
44 93 2.8555
44 94 2.9004
44 95 2.9511
44 96 2.948
44 97 2.9672
44 98 2.9593
44 99 0.9949
44 100 1.9874
44 101 0.9959
44 102 1.9911
44 103 0.9946
44 104 2
44 105 1
44 106 2
45 57 0
45 59 0
45 60 0
45 61 0
45 62 0
45 63 0
45 64 0
45 65 0
45 66 0
45 67 0
45 68 0
45 69 0
45 70 0.0002
45 71 0
45 72 0.0128
45 73 0.0105
45 74 0.0377
45 75 0.0402
45 76 0.0861
45 77 0.0922
45 78 0.1661
45 79 0.1755
45 80 0.2348
45 81 0.2384
45 82 0.2649
45 83 0.8466
45 84 1.2806
45 85 2.1951
45 86 2.7584
45 87 2.8554
45 88 2.9636
45 89 0.9969
45 90 1.9854
45 91 2.9563
45 92 2.958
45 93 2.9416
45 94 2.9503
45 95 2.968
45 96 2.9696
45 97 2.9707
45 98 2.9575
45 99 0.9983
45 100 1.9812
45 101 0.9984
45 102 1.9908
45 103 0.9987
45 104 1.9966
45 105 0.9989
45 106 2
45 107 0.9989
45 108 2
46 61 0
46 63 0
46 65 0
46 66 0
46 67 0
46 68 0
46 69 0
46 70 0
46 71 0
46 72 0
46 73 0
46 74 0
46 75 0
46 76 0.0006
46 77 0.0035
46 78 0.0077
46 79 0.0291
46 80 0.0398
46 81 0.0815
46 82 0.067
46 83 0.8054
46 84 0.9504
46 85 1.7033
46 86 2.0928
46 87 1.9813
46 88 2.7484
46 89 0.9878
46 90 1.873
46 91 2.6735
46 92 2.5518
46 93 2.5045
46 94 2.5708
46 95 2.7165
46 96 2.7208
46 97 2.8368
46 98 2.8439
46 99 2.866
46 100 2.8904
46 101 2.9553
46 102 2.9558
46 103 2.967
46 104 2.9708
46 105 0.9972
46 106 1.997
46 107 0.9872
46 108 2
46 109 0.9912
46 110 2
47 59 0
47 61 0
47 63 0
47 64 0
47 65 0
47 66 0
47 67 0
47 68 0
47 69 0
47 70 0
47 71 0
47 72 0
47 73 0
47 74 0.0005
47 75 0.0022
47 76 0.0076
47 77 0.0126
47 78 0.041
47 79 0.0399
47 80 0.0691
47 81 0.0716
47 82 0.0984
47 83 0.6943
47 84 1.0789
47 85 1.9152
47 86 2.0525
47 87 2.2196
47 88 2.6827
47 89 2.5105
47 90 2.9464
47 91 0.9906
47 92 1.9434
47 93 2.7847
47 94 2.8404
47 95 2.8081
47 96 2.8549
47 97 2.8974
47 98 2.9392
47 99 2.9131
47 100 2.9551
47 101 2.9792
47 102 2.979
47 103 2.9769
47 104 2.972
47 105 0.9988
47 106 1.9892
47 107 0.9916
47 108 1.9873
47 109 0.9948
47 110 1.98
47 111 0.996
47 112 1.9793
47 113 0.999
48 65 0
48 67 0
48 69 0
48 70 0
48 71 0
48 72 0
48 73 0
48 74 0
48 75 0
48 76 0
48 77 0
48 78 0
48 79 0.0016
48 80 0.0065
48 81 0.0072
48 82 0.0272
48 83 0.3981
48 84 0.6477
48 85 1.2171
48 86 1.2915
48 87 1.6932
48 88 1.8
48 89 1.5606
48 90 1.8499
48 91 2.1872
48 92 1.9361
48 93 2.1816
48 94 2.1155
48 95 2.3288
48 96 1.9944
48 97 2.3005
48 98 2.3451
48 99 2.5014
48 100 2.5625
48 101 2.7079
48 102 2.744
48 103 2.8461
48 104 2.8993
48 105 2.965
48 106 2.9666
48 107 2.9817
48 108 2.9729
48 109 0.9936
48 110 1.9877
48 111 0.9945
48 112 1.9897
48 113 0.9973
48 114 1.9987
48 115 0.997
49 63 0
49 65 0
49 66 0
49 67 0
49 68 0
49 69 0
49 70 0
49 71 0
49 72 0
49 73 0
49 74 0
49 75 0
49 76 0
49 77 0
49 78 0.0002
49 79 0.0005
49 80 0.0086
49 81 0.0119
49 82 0.043
49 83 0.1063
49 84 0.9311
49 85 1.7987
49 86 1.742
49 87 1.9454
49 88 1.9269
49 89 2.0682
49 90 2.0429
49 91 2.1556
49 92 2.4765
49 93 2.3797
49 94 2.846
49 95 2.6349
49 96 2.7219
49 97 2.5326
49 98 2.7597
49 99 2.7612
49 100 2.8472
49 101 2.8601
49 102 2.8957
49 103 2.9316
49 104 2.9469
49 105 2.9728
49 106 2.9676
49 107 2.981
49 108 2.9746
49 109 0.9986
49 110 1.9926
49 111 0.9989
49 112 1.9949
49 113 0.9989
49 114 1.9949
49 115 0.9988
49 116 1.9966
49 117 0.999
50 71 0
50 73 0
50 75 0
50 76 0
50 77 0
50 78 0
50 79 0
50 80 0
50 81 0
50 82 0
50 83 0.0002
50 84 0.5791
50 85 0.6268
50 86 0.6642
50 87 0.9613
50 88 0.9121
50 89 1.1411
50 90 0.9706
50 91 0.4844
50 92 1.0447
50 93 1.0051
50 94 1.0223
50 95 1.2524
50 96 1.1273
50 97 1.419
50 98 1.3932
50 99 1.7855
50 100 1.64
50 101 2.0834
50 102 2.0021
50 103 2.3806
50 104 2.4833
50 105 2.7234
50 106 2.7797
50 107 2.9295
50 108 2.9075
50 109 2.9278
50 110 2.934
50 111 2.9718
50 112 2.969
50 113 2.9691
50 114 2.9745
50 115 2.984
50 116 2.9814
50 117 0.9971
50 118 1.9908
50 119 0.9978
51 69 0
51 71 0
51 73 0
51 74 0
51 75 0
51 76 0
51 77 0
51 78 0
51 79 0
51 80 0
51 81 0
51 82 0
51 83 0.0014
51 84 0.3171
51 85 0.4588
51 86 0.574
51 87 0.9828
51 88 0.9687
51 89 1.4741
51 90 1.0147
51 91 1.4658
51 92 1.0894
51 93 1.2838
51 94 1.2141
51 95 1.7587
51 96 1.433
51 97 2.0053
51 98 1.7611
51 99 2.1065
51 100 2.22
51 101 2.3793
51 102 2.5355
51 103 2.6546
51 104 2.7595
51 105 2.8444
51 106 2.928
51 107 2.9642
51 108 2.9594
51 109 2.9599
51 110 2.9678
51 111 2.9744
51 112 2.9794
51 113 2.984
51 114 2.9856
51 115 0.9989
51 116 1.9947
51 117 0.999
51 118 1.9951
51 119 2.9922
51 120 2.9939
51 121 0.9992
52 75 0
52 77 0
52 79 0
52 80 0
52 81 0
52 82 0
52 83 0
52 84 0.0243
52 85 0.0508
52 86 0.015
52 87 0.2662
52 88 0.1043
52 89 0.3826
52 90 0.1275
52 91 0.2008
52 92 0.261
52 93 0.2509
52 94 0.3682
52 95 0.4533
52 96 0.5475
52 97 0.9243
52 98 0.918
52 99 1.1587
52 100 1.0013
52 101 1.3958
52 102 1.2277
52 103 1.6304
52 104 1.5094
52 105 2.0148
52 106 2.1753
52 107 2.6845
52 108 2.6044
52 109 2.7603
52 110 2.7438
52 111 2.8123
52 112 2.8634
52 113 2.9228
52 114 2.9223
52 115 2.96
52 116 2.9341
52 117 2.9744
52 118 2.968
52 119 2.9759
52 120 2.9719
52 121 0.9974
52 122 1.9908
52 123 0.9974
52 124 1.9841
53 71 0
53 73 0
53 75 0
53 76 0
53 77 0
53 78 0
53 79 0
53 80 0
53 81 0
53 82 0
53 83 0
53 84 0.0266
53 85 0.0239
53 86 0.2284
53 87 0.325
53 88 0.6935
53 89 0.7127
53 90 0.7568
53 91 0.3201
53 92 0.4956
53 93 0.3342
53 94 0.6083
53 95 0.9516
53 96 1.014
53 97 1.2148
53 98 1.1429
53 99 1.5581
53 100 1.3773
53 101 1.714
53 102 1.6488
53 103 1.9535
53 104 2.0229
53 105 2.3652
53 106 2.6629
53 107 2.8346
53 108 2.8761
53 109 2.8771
53 110 2.9222
53 111 2.9181
53 112 2.9455
53 113 2.9496
53 114 2.9662
53 115 2.9808
53 116 2.975
53 117 2.9834
53 118 2.9834
53 119 2.9856
53 120 2.986
53 121 2.9911
53 122 2.9897
53 123 2.9921
53 124 2.9875
53 125 2.9923
53 126 2.9851
54 79 0
54 81 0
54 83 0
54 84 0
54 85 0
54 86 0
54 87 0.0007
54 88 0.0015
54 89 0.0155
54 90 0.0094
54 91 0.043
54 92 0.0417
54 93 0.0655
54 94 0.1065
54 95 0.2315
54 96 0.2581
54 97 0.2604
54 98 0.3875
54 99 0.5529
54 100 0.6116
54 101 0.7631
54 102 0.7123
54 103 0.948
54 104 0.9951
54 105 1.3653
54 106 1.4205
54 107 1.8943
54 108 1.7577
54 109 2.1038
54 110 2.1159
54 111 2.4638
54 112 2.47
54 113 2.6989
54 114 2.6973
54 115 2.8494
54 116 2.8173
54 117 2.9119
54 118 2.881
54 119 2.9429
54 120 2.9119
54 121 2.966
54 122 2.9596
54 123 2.9722
54 124 2.951
54 125 2.9772
54 126 2.9529
54 127 2.8625
54 128 3
55 75 0
55 77 0
55 79 0
55 80 0
55 81 0
55 82 0
55 83 0
55 84 0
55 85 0
55 86 0.0022
55 87 0.0108
55 88 0.1358
55 89 0.2217
55 90 0.1649
55 91 0.3523
55 92 0.168
55 93 0.3527
55 94 0.6169
55 95 0.6937
55 96 0.7989
55 97 0.5223
55 98 0.8835
55 99 0.987
55 100 0.9841
55 101 1.3539
55 102 1.0805
55 103 1.4766
55 104 1.4678
55 105 1.8323
55 106 1.9487
55 107 2.3462
55 108 2.4486
55 109 2.6111
55 110 2.6946
55 111 2.7245
55 112 2.816
55 113 2.8519
55 114 2.8734
55 115 2.9237
55 116 2.9295
55 117 2.9418
55 118 2.9525
55 119 2.9697
55 120 2.9639
55 121 2.9817
55 122 2.9765
55 123 2.9823
55 124 2.9719
55 125 2.9831
55 126 2.9664
55 127 2.9574
55 128 2.9852
55 129 1
55 130 1
56 83 0
56 84 0
56 85 0
56 86 0
56 87 0
56 88 0
56 89 0
56 90 0
56 91 0
56 92 0.0009
56 93 0.0017
56 94 0.0107
56 95 0.0429
56 96 0.0499
56 97 0.0571
56 98 0.1053
56 99 0.2421
56 100 0.259
56 101 0.4165
56 102 0.4063
56 103 0.5191
56 104 0.6107
56 105 0.7809
56 106 0.9095
56 107 1.3762
56 108 0.9628
56 109 1.5728
56 110 1.3301
56 111 1.7549
56 112 1.5546
56 113 1.8821
56 114 1.759
56 115 2.1983
56 116 2.2681
56 117 2.3986
56 118 2.2863
56 119 2.6698
56 120 2.5994
56 121 2.8982
56 122 2.8733
56 123 2.9312
56 124 2.5824
56 125 2.7008
56 126 2.4944
56 127 2.8862
56 128 2.933
56 129 1
56 130 1
56 131 1
56 132 1
56 133 1
57 79 0
57 81 0
57 83 0
57 84 0
57 85 0
57 86 0
57 87 0
57 88 0
57 89 0
57 90 0.0001
57 91 0
57 92 0.0142
57 93 0.0107
57 94 0.1482
57 95 0.258
57 96 0.4719
57 97 0.2039
57 98 0.5761
57 99 0.6152
57 100 0.5427
57 101 0.5828
57 102 0.7279
57 103 0.7934
57 104 0.9078
57 105 1.1303
57 106 1.2021
57 107 1.5609
57 108 1.4256
57 109 1.7919
57 110 1.9985
57 111 2.1517
57 112 2.3364
57 113 2.4522
57 114 2.59
57 115 2.7049
57 116 2.7523
57 117 2.7337
57 118 2.8541
57 119 2.9106
57 120 2.9274
57 121 2.951
57 122 2.9492
57 123 2.959
57 124 2.9471
57 125 2.9682
57 126 2.9504
57 127 2.9354
57 128 2.9649
57 129 0.9996
57 130 2
57 131 1
57 132 2
57 133 0.9983
57 134 2
57 135 1
58 83 0
58 85 0
58 86 0
58 87 0
58 88 0
58 89 0
58 90 0
58 91 0
58 92 0
58 93 0
58 94 0
58 95 0.0002
58 96 0.0011
58 97 0.0025
58 98 0.0091
58 99 0.0283
58 100 0.0361
58 101 0.0824
58 102 0.1429
58 103 0.2527
58 104 0.3661
58 105 0.3269
58 106 0.6223
58 107 0.7956
58 108 0.7507
58 109 0.9802
58 110 0.8371
58 111 1.2861
58 112 1.0286
58 113 1.5367
58 114 1.135
58 115 1.7346
58 116 1.3284
58 117 1.7277
58 118 1.4785
58 119 1.9816
58 120 1.9417
58 121 2.3776
58 122 2.1205
58 123 2.1209
58 124 1.7341
58 125 2.0675
58 126 1.5421
58 127 2.7647
58 128 2.9098
58 129 0.9939
58 130 2
58 131 0.9988
58 132 2
58 133 0.9985
58 134 2
58 135 1
58 136 2
58 137 0.991
59 83 0
59 84 0
59 85 0
59 86 0
59 87 0
59 88 0
59 89 0
59 90 0
59 91 0
59 92 0
59 93 0
59 94 0
59 95 0.0018
59 96 0.002
59 97 0.0174
59 98 0.0875
59 99 0.1181
59 100 0.2113
59 101 0.2326
59 102 0.3732
59 103 0.402
59 104 0.6641
59 105 0.7355
59 106 0.8207
59 107 1.1475
59 108 1.0126
59 109 1.3677
59 110 1.3641
59 111 1.5298
59 112 1.459
59 113 1.9497
59 114 1.8224
59 115 2.0133
59 116 2.1073
59 117 2.0702
59 118 2.5181
59 119 2.5201
59 120 2.7784
59 121 2.8225
59 122 2.8582
59 123 2.5166
59 124 2.7033
59 125 2.3394
59 126 2.4213
59 127 2.9389
59 128 2.9586
59 129 0.996
59 130 2
59 131 0.9987
59 132 2
59 133 0.9982
59 134 2
59 135 0.9988
59 136 2
59 137 0.9992
59 138 1.9986
59 139 0.999
60 87 0
60 89 0
60 91 0
60 92 0
60 93 0
60 94 0
60 95 0
60 96 0
60 97 0
60 98 0
60 99 0.0003
60 100 0.0011
60 101 0.0053
60 102 0.0151
60 103 0.0427
60 104 0.1034
60 105 0.1194
60 106 0.3151
60 107 0.4803
60 108 0.4856
60 109 0.6426
60 110 0.663
60 111 0.7762
60 112 0.7314
60 113 0.9984
60 114 0.8458
60 115 1.1633
60 116 0.9456
60 117 1.2844
60 118 0.9836
60 119 1.6614
60 120 1.4904
60 121 1.8607
60 122 1.1079
60 123 1.757
60 124 1.1121
60 125 1.4177
60 126 1.1375
60 127 2.0559
60 128 2.893
60 129 0.9837
60 130 2
60 131 0.996
60 132 1.9938
60 133 0.9966
60 134 2
60 135 0.9971
60 136 1.9909
60 137 0.9922
60 138 1.9903
60 139 0.9971
60 140 2
60 141 0.9956
61 83 0
61 85 0
61 86 0
61 87 0
61 88 0
61 89 0
61 90 0
61 91 0
61 92 0
61 93 0
61 94 0
61 95 0
61 96 0
61 97 0
61 98 0.0001
61 99 0.0006
61 100 0.0049
61 101 0.0086
61 102 0.0486
61 103 0.0762
61 104 0.292
61 105 0.3021
61 106 0.4619
61 107 0.8299
61 108 0.9019
61 109 1.0438
61 110 0.9929
61 111 1.1433
61 112 1.0127
61 113 1.3265
61 114 1.1505
61 115 1.4639
61 116 1.4112
61 117 1.5685
61 118 1.612
61 119 1.9922
61 120 2.1865
61 121 2.1323
61 122 2.0175
61 123 2.0241
61 124 1.9883
61 125 2.0509
61 126 1.9164
61 127 2.6252
61 128 2.9271
61 129 0.998
61 130 1.9954
61 131 0.9986
61 132 1.9947
61 133 0.9989
61 134 1.9956
61 135 0.999
61 136 1.9932
61 137 2.9874
61 138 2.9856
61 139 0.999
61 140 1.9942
61 141 0.996
61 142 2
61 143 0.9991
61 144 1.9987
62 89 0
62 91 0
62 93 0
62 94 0
62 95 0
62 96 0
62 97 0
62 98 0
62 99 0
62 100 0
62 101 0
62 102 0
62 103 0.0003
62 104 0.006
62 105 0.0107
62 106 0.0413
62 107 0.1004
62 108 0.0919
62 109 0.2139
62 110 0.3103
62 111 0.4797
62 112 0.5221
62 113 0.653
62 114 0.6308
62 115 0.7314
62 116 0.7916
62 117 0.6808
62 118 0.8868
62 119 1.0506
62 120 0.9794
62 121 1.3047
62 122 0.9834
62 123 1.1225
62 124 1.0311
62 125 1.0667
62 126 1.06
62 127 1.9686
62 128 2.8375
62 129 0.9842
62 130 1.9745
62 131 0.995
62 132 1.985
62 133 0.9956
62 134 1.9889
62 135 0.9959
62 136 1.9721
62 137 2.9587
62 138 2.9584
62 139 2.9829
62 140 2.9736
62 141 0.994
62 142 1.9877
62 143 0.9948
62 144 1.9879
62 145 0.9972
62 146 1.9852
63 85 0
63 87 0
63 89 0
63 91 0
63 92 0
63 93 0
63 94 0
63 95 0
63 96 0
63 97 0
63 98 0
63 99 0
63 100 0
63 101 0
63 102 0.0019
63 103 0.0048
63 104 0.1492
63 105 0.0609
63 106 0.4907
63 107 0.2371
63 108 0.3847
63 109 0.4265
63 110 0.6095
63 111 0.6379
63 112 0.9354
63 113 0.9368
63 114 0.8597
63 115 1.0211
63 116 0.9885
63 117 1.222
63 118 1.1587
63 119 1.5625
63 120 1.594
63 121 1.8015
63 122 1.4899
63 123 1.7001
63 124 1.3785
63 125 1.989
63 126 1.2907
63 127 2.054
63 128 2.8594
63 129 0.998
63 130 1.9866
63 131 0.9985
63 132 1.9926
63 133 0.9987
63 134 1.9939
63 135 0.9987
63 136 1.9881
63 137 2.981
63 138 2.9806
63 139 2.9868
63 140 2.9877
63 141 0.9991
63 142 1.9942
63 143 0.9991
63 144 1.9949
63 145 0.9991
63 146 1.9784
63 147 0.9912
63 148 1.9714
64 95 0
64 97 0
64 98 0
64 99 0
64 100 0
64 101 0
64 102 0
64 103 0
64 104 0
64 105 0
64 106 0.0003
64 107 0.0035
64 108 0.0063
64 109 0.0197
64 110 0.0434
64 111 0.1202
64 112 0.1544
64 113 0.3187
64 114 0.3037
64 115 0.4664
64 116 0.5325
64 117 0.4181
64 118 0.6376
64 119 0.7939
64 120 0.7679
64 121 0.8211
64 122 0.8734
64 123 0.9351
64 124 0.912
64 125 0.994
64 126 0.9534
64 127 1.2425
64 128 2.0273
64 129 2.8755
64 130 2.8931
64 131 2.942
64 132 2.9282
64 133 2.9545
64 134 2.939
64 135 2.9919
64 136 0.9525
64 137 1.8679
64 138 2.6194
64 139 2.9581
64 140 2.9473
64 141 2.9655
64 142 2.9598
64 143 2.9629
64 144 2.9553
64 145 2.9752
64 146 2.9601
64 147 2.9588
64 148 2.9745
64 149 0.9935
64 150 2
65 89 0
65 91 0
65 93 0
65 95 0
65 96 0
65 97 0
65 98 0
65 99 0
65 100 0
65 101 0
65 102 0
65 103 0
65 104 0
65 105 0.0003
65 106 0.0308
65 107 0.033
65 108 0.1479
65 109 0.2
65 110 0.5743
65 111 0.6353
65 112 0.544
65 113 0.5561
65 114 0.6517
65 115 0.6329
65 116 0.7342
65 117 0.8591
65 118 0.9076
65 119 1.4053
65 120 1.0676
65 121 1.1958
65 122 1.0238
65 123 1.3535
65 124 1.059
65 125 1.2693
65 126 0.8854
65 127 1.7347
65 128 2.5487
65 129 2.8935
65 130 2.9487
65 131 2.9545
65 132 2.9528
65 133 2.9588
65 134 2.9762
65 135 2.9552
65 136 2.949
65 137 2.9447
65 138 2.9516
65 139 2.9701
65 140 2.9685
65 141 2.9799
65 142 2.9773
65 143 2.9814
65 144 2.9824
65 145 2.9834
65 146 2.9815
65 147 2.9775
65 148 2.985
65 149 0.9992
65 150 1.9988
65 151 0.9992
65 152 2
65 153 0.993
66 99 0
66 100 0
66 101 0
66 102 0
66 103 0
66 104 0
66 105 0
66 106 0
66 107 0
66 108 0
66 109 0.0001
66 110 0.0011
66 111 0.0087
66 112 0.0192
66 113 0.0632
66 114 0.0798
66 115 0.1349
66 116 0.2052
66 117 0.1627
66 118 0.2909
66 119 0.5567
66 120 0.4926
66 121 0.474
66 122 0.6806
66 123 0.7035
66 124 0.5758
66 125 0.6732
66 126 0.6503
66 127 1.0315
66 128 1.8951
66 129 2.4511
66 130 2.8429
66 131 2.9011
66 132 2.8814
66 133 2.895
66 134 2.8543
66 135 2.8482
66 136 2.7429
66 137 2.6819
66 138 2.7638
66 139 2.8842
66 140 2.8641
66 141 2.9275
66 142 2.904
66 143 2.905
66 144 2.9162
66 145 2.9508
66 146 2.9093
66 147 2.9491
66 148 2.9558
66 149 2.9758
66 150 2.9708
66 151 0.9972
66 152 1.9877
66 153 0.9739
66 154 2
66 155 0.9996
67 95 0
67 97 0
67 99 0
67 100 0
67 101 0
67 102 0
67 103 0
67 104 0
67 105 0
67 106 0
67 107 0
67 108 0.0001
67 109 0.0007
67 110 0.0101
67 111 0.022
67 112 0.1459
67 113 0.1542
67 114 0.3163
67 115 0.281
67 116 0.4275
67 117 0.3508
67 118 0.5996
67 119 0.8674
67 120 0.8507
67 121 0.8253
67 122 0.9022
67 123 1.0018
67 124 0.8488
67 125 0.6632
67 126 0.6305
67 127 1.5461
67 128 2.0768
67 129 2.808
67 130 2.8608
67 131 2.9295
67 132 2.9197
67 133 2.9189
67 134 2.9159
67 135 2.8998
67 136 2.8909
67 137 2.8302
67 138 2.9043
67 139 2.9188
67 140 2.9339
67 141 2.9511
67 142 2.947
67 143 2.9312
67 144 2.9587
67 145 2.9732
67 146 2.9617
67 147 2.9715
67 148 2.9762
67 149 2.9883
67 150 2.9887
67 151 0.999
67 152 1.996
67 153 0.9993
67 154 1.998
67 155 0.9993
67 156 2
67 157 0.9994
68 101 0
68 103 0
68 104 0
68 105 0
68 106 0
68 107 0
68 108 0
68 109 0
68 110 0
68 111 0
68 112 0
68 113 0.0003
68 114 0.0016
68 115 0.0129
68 116 0.0291
68 117 0.0183
68 118 0.0556
68 119 0.1856
68 120 0.1391
68 121 0.1343
68 122 0.3056
68 123 0.2899
68 124 0.1767
68 125 0.2603
68 126 0.1929
68 127 0.9947
68 128 1.5326
68 129 1.9606
68 130 2.6986
68 131 2.7169
68 132 2.7316
68 133 2.5576
68 134 2.2935
68 135 2.4306
68 136 2.1956
68 137 2.1811
68 138 2.1545
68 139 2.4311
68 140 2.4861
68 141 2.7075
68 142 2.6698
68 143 2.7633
68 144 2.8104
68 145 2.8867
68 146 2.8259
68 147 2.8664
68 148 2.8725
68 149 2.9382
68 150 2.9488
68 151 2.9753
68 152 2.9489
68 153 2.9181
68 154 2.954
68 155 0.9888
68 156 1.9839
68 157 0.9922
68 158 2
68 159 0.9983
69 99 0
69 101 0
69 102 0
69 103 0
69 104 0
69 105 0
69 106 0
69 107 0
69 108 0
69 109 0
69 110 0
69 111 0
69 112 0.0072
69 113 0.0212
69 114 0.2591
69 115 0.1338
69 116 0.4713
69 117 0.1212
69 118 0.5541
69 119 0.3043
69 120 0.328
69 121 0.2611
69 122 0.5279
69 123 0.3495
69 124 0.4089
69 125 0.3297
69 126 0.3511
69 127 1.1295
69 128 1.343
69 129 2.1849
69 130 2.7811
69 131 2.832
69 132 2.8222
69 133 2.8481
69 134 2.8013
69 135 2.7669
69 136 2.793
69 137 2.5563
69 138 2.66
69 139 2.6808
69 140 2.7954
69 141 2.8278
69 142 2.8566
69 143 2.8511
69 144 2.9166
69 145 2.9122
69 146 2.9209
69 147 2.9171
69 148 2.9334
69 149 2.9545
69 150 2.9525
69 151 2.9732
69 152 2.9496
69 153 2.9284
69 154 2.946
69 155 0.9992
69 156 1.9734
69 157 0.9992
69 158 1.9674
69 159 0.9992
69 160 1.9661
69 161 0.9993
70 105 0
70 107 0
70 108 0
70 109 0
70 110 0
70 111 0
70 112 0
70 113 0
70 114 0
70 115 0
70 116 0
70 117 0.0002
70 118 0.0031
70 119 0.0154
70 120 0.0115
70 121 0.0095
70 122 0.0287
70 123 0.0373
70 124 0.0395
70 125 0.0699
70 126 0.0509
70 127 0.8997
70 128 0.8729
70 129 1.737
70 130 1.9111
70 131 2.0585
70 132 1.877
70 133 1.9828
70 134 1.5626
70 135 1.8987
70 136 1.6037
70 137 1.6853
70 138 1.5848
70 139 1.8696
70 140 1.6644
70 141 2.0828
70 142 1.8893
70 143 2.2543
70 144 2.3543
70 145 2.5359
70 146 2.5011
70 147 2.694
70 148 2.7187
70 149 2.7799
70 150 2.8104
70 151 2.9086
70 152 2.9028
70 153 2.9037
70 154 2.9312
70 155 2.9453
70 156 2.9542
70 157 2.962
70 158 2.9554
70 159 0.9971
70 160 1.9795
70 161 0.9958
70 162 1.9829
70 163 0.987
70 164 2
71 103 0
71 105 0
71 106 0
71 107 0
71 108 0
71 109 0
71 110 0
71 111 0
71 112 0
71 113 0
71 114 0
71 115 0
71 116 0.0011
71 117 0.0014
71 118 0.0454
71 119 0.06
71 120 0.0878
71 121 0.0638
71 122 0.1321
71 123 0.1301
71 124 0.1365
71 125 0.1169
71 126 0.1222
71 127 0.931
71 128 1.0717
71 129 1.8938
71 130 2.1404
71 131 2.2785
71 132 2.5316
71 133 2.3994
71 134 2.3751
71 135 2.1842
71 136 2.3844
71 137 2.18
71 138 2.3321
71 139 2.2486
71 140 2.3939
71 141 2.4686
71 142 2.5271
71 143 2.5836
71 144 2.7507
71 145 2.7366
71 146 2.8086
71 147 2.8655
71 148 2.8592
71 149 2.8685
71 150 2.8906
71 151 2.9455
71 152 2.9391
71 153 2.9288
71 154 2.9576
71 155 2.9509
71 156 2.9726
71 157 0.9942
71 158 1.9874
71 159 2.9882
71 160 2.9878
71 161 2.9907
71 162 2.9924
71 163 0.9993
71 164 1.9989
71 165 0.9995
71 166 2
72 109 0
72 110 0
72 111 0
72 112 0
72 113 0
72 114 0
72 115 0
72 116 0
72 117 0
72 118 0
72 119 0
72 120 0
72 121 0
72 122 0
72 123 0.0002
72 124 0.0019
72 125 0.0099
72 126 0.0138
72 127 0.6636
72 128 0.5763
72 129 1.2349
72 130 1.1951
72 131 1.3291
72 132 1.204
72 133 1.3739
72 134 1.1134
72 135 1.557
72 136 1.1259
72 137 1.3475
72 138 1.1214
72 139 1.4998
72 140 1.1665
72 141 1.6708
72 142 1.2899
72 143 1.7294
72 144 1.6026
72 145 1.8646
72 146 1.799
72 147 2.211
72 148 2.111
72 149 2.3783
72 150 2.4437
72 151 2.7445
72 152 2.6999
72 153 2.7687
72 154 2.8707
72 155 2.9147
72 156 2.932
72 157 2.9253
72 158 2.9243
72 159 2.9518
72 160 2.9223
72 161 2.9562
72 162 2.9461
72 163 2.9759
72 164 2.97
72 165 0.9934
72 166 2
72 167 0.9981
72 168 2
73 107 0
73 109 0
73 110 0
73 111 0
73 112 0
73 113 0
73 114 0
73 115 0
73 116 0
73 117 0
73 118 0
73 119 0.0007
73 120 0.0062
73 121 0.0004
73 122 0.0079
73 123 0.0071
73 124 0.0245
73 125 0.0176
73 126 0.0399
73 127 0.7008
73 128 0.9235
73 129 1.544
73 130 1.2984
73 131 1.9307
73 132 1.8213
73 133 1.9432
73 134 1.838
73 135 1.7363
73 136 1.5634
73 137 1.7584
73 138 1.7018
73 139 1.8637
73 140 1.6798
73 141 1.9802
73 142 1.8191
73 143 1.9792
73 144 2.1329
73 145 2.2571
73 146 2.4469
73 147 2.5355
73 148 2.5964
73 149 2.6552
73 150 2.7809
73 151 2.8627
73 152 2.8706
73 153 2.9039
73 154 2.9468
73 155 2.9469
73 156 2.9644
73 157 2.9603
73 158 2.9657
73 159 2.9762
73 160 2.9669
73 161 2.9802
73 162 2.9422
73 163 2.9743
73 164 2.963
73 165 0.9993
73 166 1.9982
73 167 0.9993
73 168 2
73 169 1
73 170 1
74 111 0
74 113 0
74 114 0
74 115 0
74 116 0
74 117 0
74 118 0
74 119 0
74 120 0
74 121 0
74 122 0
74 123 0
74 124 0
74 125 0
74 126 0
74 127 0.2012
74 128 0.1869
74 129 0.4084
74 130 0.4933
74 131 0.7323
74 132 0.8766
74 133 0.8205
74 134 0.941
74 135 0.7951
74 136 0.963
74 137 0.9464
74 138 0.9374
74 139 1.0921
74 140 0.9531
74 141 1.2486
74 142 0.9434
74 143 1.3636
74 144 1.0673
74 145 1.5378
74 146 1.1965
74 147 1.7794
74 148 1.4008
74 149 1.8108
74 150 1.701
74 151 2.0509
74 152 2.021
74 153 2.4944
74 154 2.6667
74 155 2.7957
74 156 2.8105
74 157 2.8415
74 158 2.8435
74 159 2.8773
74 160 2.8417
74 161 2.9076
74 162 2.8758
74 163 2.9468
74 164 2.9438
74 165 2.9633
74 166 2.9728
74 167 0.9952
74 168 2
74 169 0.9941
74 170 1.9815
74 171 1
74 172 2
74 173 0.9957
75 109 0
75 111 0
75 112 0
75 113 0
75 114 0
75 115 0
75 116 0
75 117 0
75 118 0
75 119 0
75 120 0
75 121 0
75 122 0
75 123 0
75 124 0
75 125 0.0002
75 126 0.0024
75 127 0.263
75 128 0.8327
75 129 0.9299
75 130 0.9644
75 131 1.3453
75 132 1.0991
75 133 1.3981
75 134 1.1292
75 135 1.8059
75 136 1.0751
75 137 1.6153
75 138 1.1524
75 139 1.6389
75 140 1.1986
75 141 1.7062
75 142 1.284
75 143 1.6918
75 144 1.4733
75 145 1.7922
75 146 1.6878
75 147 1.9783
75 148 1.872
75 149 2.0272
75 150 2.2243
75 151 2.4137
75 152 2.6422
75 153 2.7474
75 154 2.8522
75 155 2.8712
75 156 2.9079
75 157 2.9014
75 158 2.9269
75 159 2.9206
75 160 2.9198
75 161 2.9367
75 162 2.9278
75 163 2.9531
75 164 2.9656
75 165 2.9772
75 166 2.9862
75 167 0.9992
75 168 1.9916
75 169 0.9969
75 170 2
75 171 0.9997
75 172 1.9935
75 173 2.9742
75 174 2.9832
75 175 0.9993
76 115 0
76 117 0
76 118 0
76 119 0
76 120 0
76 121 0
76 122 0
76 123 0
76 124 0
76 125 0
76 126 0
76 127 0.0039
76 128 0.0474
76 129 0.1015
76 130 0.2638
76 131 0.4699
76 132 0.6581
76 133 0.3676
76 134 0.8881
76 135 0.7602
76 136 0.8745
76 137 0.8505
76 138 0.8788
76 139 0.6532
76 140 0.8034
76 141 0.8064
76 142 0.779
76 143 0.838
76 144 0.8577
76 145 1.0364
76 146 0.9427
76 147 1.3545
76 148 0.956
76 149 1.3681
76 150 1.0484
76 151 1.7341
76 152 1.4048
76 153 1.8634
76 154 1.8632
76 155 2.3326
76 156 2.4418
76 157 2.581
76 158 2.6819
76 159 2.7169
76 160 2.6853
76 161 2.7746
76 162 2.6741
76 163 2.838
76 164 2.88
76 165 2.9245
76 166 2.9585
76 167 0.9939
76 168 1.9684
76 169 2.9882
76 170 1
76 171 0.9946
76 172 1.897
76 173 2.855
76 174 2.9277
76 175 0.9977
76 176 1.9673
76 177 0.9912
77 113 0
77 115 0
77 117 0
77 118 0
77 119 0
77 120 0
77 121 0
77 122 0
77 123 0
77 124 0
77 125 0
77 126 0
77 127 0.0129
77 128 0.1657
77 129 0.2365
77 130 0.461
77 131 0.7384
77 132 0.7483
77 133 1.191
77 134 0.9565
77 135 1.2068
77 136 0.9653
77 137 1.1058
77 138 0.9871
77 139 1.0731
77 140 0.996
77 141 1.2797
77 142 1.0004
77 143 1.302
77 144 1.0647
77 145 1.4715
77 146 1.1712
77 147 1.7504
77 148 1.4242
77 149 1.7364
77 150 1.6393
77 151 1.9154
77 152 1.8779
77 153 2.1121
77 154 2.4991
77 155 2.6558
77 156 2.779
77 157 2.8432
77 158 2.8854
77 159 2.9139
77 160 2.8793
77 161 2.8592
77 162 2.8637
77 163 2.9202
77 164 2.9487
77 165 2.958
77 166 2.988
77 167 0.9988
77 168 2
77 169 0.9881
77 170 1.9738
77 171 0.9963
77 172 1.9312
77 173 2.9819
77 174 2.9876
77 175 2.9849
77 176 2.9918
77 177 0.9976
77 178 1.8515
77 179 2.8918
78 119 0
78 121 0
78 122 0
78 123 0
78 124 0
78 125 0
78 126 0
78 127 0
78 128 0.0007
78 129 0.0151
78 130 0.0952
78 131 0.1492
78 132 0.4451
78 133 0.4553
78 134 0.5844
78 135 0.428
78 136 0.5671
78 137 0.4556
78 138 0.6029
78 139 0.3108
78 140 0.4759
78 141 0.4686
78 142 0.4522
78 143 0.5097
78 144 0.6511
78 145 0.6469
78 146 0.7042
78 147 0.8353
78 148 0.7904
78 149 0.8453
78 150 0.8731
78 151 1.2108
78 152 0.9449
78 153 1.5524
78 154 1.29
78 155 1.7966
78 156 1.6119
78 157 1.9666
78 158 1.8682
78 159 2.1143
78 160 2.0191
78 161 2.0883
78 162 2.0409
78 163 2.375
78 164 2.7506
78 165 2.8817
78 166 2.9969
78 167 0.9815
78 168 1.9174
78 169 2.8501
78 170 2.8535
78 171 2.871
78 172 2.8341
78 173 2.8901
78 174 2.8507
78 175 2.9134
78 176 2.8796
78 177 2.8676
78 178 2.8563
78 179 2.8541
78 180 2.9985
78 181 0.995
78 182 1.9555
79 117 0
79 119 0
79 120 0
79 121 0
79 122 0
79 123 0
79 124 0
79 125 0
79 126 0
79 127 0
79 128 0.0425
79 129 0.0522
79 130 0.2578
79 131 0.1899
79 132 0.6812
79 133 0.6155
79 134 0.841
79 135 0.7629
79 136 0.9359
79 137 0.932
79 138 0.9452
79 139 0.7805
79 140 0.9132
79 141 0.8865
79 142 0.9302
79 143 0.8967
79 144 0.9575
79 145 0.9851
79 146 0.962
79 147 1.1834
79 148 1.0101
79 149 1.3242
79 150 1.1355
79 151 1.6592
79 152 1.4683
79 153 1.8267
79 154 1.8008
79 155 2.0156
79 156 2.2877
79 157 2.3219
79 158 2.5871
79 159 2.579
79 160 2.6687
79 161 2.646
79 162 2.6683
79 163 2.8151
79 164 2.8668
79 165 2.9762
79 166 0.9757
79 167 1.9311
79 168 2.8657
79 169 2.8867
79 170 2.8581
79 171 2.8561
79 172 2.8256
79 173 2.8156
79 174 2.8398
79 175 2.8568
79 176 2.8164
79 177 2.8262
79 178 2.825
79 179 2.9037
79 180 2.975
79 181 0.9987
79 182 1.9819
79 183 0.9983
79 184 1.9885
80 123 0
80 125 0
80 126 0
80 127 0
80 128 0
80 129 0
80 130 0
80 131 0.0081
80 132 0.0234
80 133 0.1203
80 134 0.075
80 135 0.0323
80 136 0.0922
80 137 0.1489
80 138 0.0656
80 139 0.1235
80 140 0.2263
80 141 0.2414
80 142 0.129
80 143 0.2194
80 144 0.2801
80 145 0.3775
80 146 0.4116
80 147 0.4589
80 148 0.5197
80 149 0.5062
80 150 0.6592
80 151 0.8078
80 152 0.7878
80 153 0.9653
80 154 0.9554
80 155 1.5055
80 156 1.0475
80 157 1.6795
80 158 1.1491
80 159 1.8003
80 160 1.2262
80 161 2.3702
80 162 2.3173
80 163 2.4905
80 164 1.9143
80 165 2.1976
80 166 2.2489
80 167 2.7148
80 168 2.5242
80 169 2.7061
80 170 2.7785
80 171 2.8877
80 172 2.8689
80 173 2.8683
80 174 2.8778
80 175 2.9131
80 176 2.8916
80 177 2.9042
80 178 2.8942
80 179 2.8544
80 180 2.8654
80 181 2.921
80 182 2.8916
80 183 2.9581
80 184 2.9344
80 185 0.9993
80 186 2
81 123 0
81 125 0
81 126 0
81 127 0
81 128 0
81 129 0.0001
81 130 0.0004
81 131 0.0056
81 132 0.1326
81 133 0.1038
81 134 0.5524
81 135 0.5536
81 136 0.8095
81 137 0.6645
81 138 0.9117
81 139 0.8354
81 140 0.9377
81 141 0.6062
81 142 0.7024
81 143 0.5072
81 144 0.8269
81 145 0.7904
81 146 0.8428
81 147 0.7248
81 148 0.8603
81 149 0.8724
81 150 0.9184
81 151 1.3055
81 152 1.0227
81 153 1.538
81 154 1.4717
81 155 1.7506
81 156 1.6832
81 157 1.8627
81 158 1.7803
81 159 1.9006
81 160 1.9687
81 161 2.9135
81 162 2.9274
81 163 2.9281
81 164 2.3128
81 165 2.3675
81 166 2.8989
81 167 2.9146
81 168 2.9116
81 169 2.9162
81 170 2.9085
81 171 2.9208
81 172 2.9001
81 173 2.9113
81 174 2.8887
81 175 2.8859
81 176 2.8999
81 177 2.8923
81 178 2.8498
81 179 2.8313
81 180 2.8141
81 181 2.8381
81 182 2.8587
81 183 2.9309
81 184 2.877
81 185 0.9995
81 186 2
81 187 1
81 188 1
82 127 0
82 128 0
82 129 0
82 130 0
82 131 0
82 132 0
82 133 0
82 134 0
82 135 0
82 136 0
82 137 0
82 138 0
82 139 0.001
82 140 0.0089
82 141 0.0074
82 142 0.0064
82 143 0.0299
82 144 0.0369
82 145 0.0699
82 146 0.122
82 147 0.1925
82 148 0.2475
82 149 0.2485
82 150 0.3941
82 151 0.5398
82 152 0.5497
82 153 0.6623
82 154 0.8015
82 155 0.9334
82 156 0.8789
82 157 1.1414
82 158 0.9272
82 159 1.3173
82 160 1.0198
82 161 1.9831
82 162 1.5585
82 163 1.7358
82 164 1.0066
82 165 1.9482
82 166 1.0831
82 167 1.968
82 168 1.5028
82 169 1.9802
82 170 1.9242
82 171 2.2787
82 172 2.3666
82 173 2.7731
82 174 2.8428
82 175 2.9005
82 176 2.8884
82 177 2.9149
82 178 2.8971
82 179 2.9131
82 180 2.9034
82 181 2.937
82 182 2.9072
82 183 2.9563
82 184 2.9357
82 185 0.8743
82 186 2
82 187 1
82 188 1
82 189 1
82 190 1
82 191 1
83 127 0
83 128 0
83 129 0
83 130 0
83 131 0
83 132 0
83 133 0
83 134 0
83 135 0
83 136 0.0006
83 137 0.0001
83 138 0.025
83 139 0.0108
83 140 0.1107
83 141 0.1209
83 142 0.222
83 143 0.1707
83 144 0.4414
83 145 0.291
83 146 0.5715
83 147 0.4312
83 148 0.6618
83 149 0.6015
83 150 0.7903
83 151 0.8515
83 152 0.8969
83 153 1.1245
83 154 1.0345
83 155 1.5318
83 156 1.2607
83 157 1.6856
83 158 1.3902
83 159 1.7397
83 160 1.0671
83 161 1.9901
83 162 1.1404
83 163 1.9995
83 164 2.1522
83 165 2.2722
83 166 2.4389
83 167 1.9873
83 168 2.1057
83 169 2.1239
83 170 2.5215
83 171 2.8401
83 172 2.9223
83 173 2.8806
83 174 2.9354
83 175 2.9509
83 176 2.9419
83 177 2.9491
83 178 2.9397
83 179 2.9599
83 180 2.9515
83 181 2.9688
83 182 2.9649
83 183 2.9863
83 184 2.9876
83 185 0.9431
83 186 2
83 187 0.843
83 188 2
83 189 1
83 190 2
83 191 1
83 192 2
83 193 1
84 131 0
84 133 0
84 134 0
84 135 0
84 136 0
84 137 0
84 138 0
84 139 0
84 140 0
84 141 0
84 142 0
84 143 0
84 144 0
84 145 0.0008
84 146 0.0038
84 147 0.0109
84 148 0.0258
84 149 0.0592
84 150 0.105
84 151 0.2353
84 152 0.256
84 153 0.3889
84 154 0.5907
84 155 0.6364
84 156 0.7128
84 157 0.7602
84 158 0.7638
84 159 0.8272
84 160 0.7855
84 161 0.8505
84 162 0.8045
84 163 1.0302
84 164 1.0591
84 165 1.9566
84 166 1.0001
84 167 1.6532
84 168 0.9983
84 169 1.8531
84 170 1.0925
84 171 1.9573
84 172 1.7016
84 173 1.956
84 174 1.9512
84 175 2.1539
84 176 2.8793
84 177 2.6049
84 178 2.8047
84 179 2.9187
84 180 2.9049
84 181 2.9413
84 182 2.9143
84 183 2.959
84 184 2.9307
84 185 2.6137
84 186 3
84 187 0.8438
84 188 2
84 189 1
84 190 2
84 191 0.8676
84 192 2
84 193 0.9985
84 194 2
84 195 0.9989
85 127 0
85 129 0
85 131 0
85 132 0
85 133 0
85 134 0
85 135 0
85 136 0
85 137 0
85 138 0
85 139 0
85 140 0
85 141 0
85 142 0.0012
85 143 0.0029
85 144 0.0238
85 145 0.0218
85 146 0.0996
85 147 0.0823
85 148 0.1949
85 149 0.2004
85 150 0.4067
85 151 0.6079
85 152 0.5783
85 153 0.7209
85 154 0.9324
85 155 1.0562
85 156 0.9487
85 157 1.4396
85 158 0.9834
85 159 1.4808
85 160 1.0083
85 161 1.5185
85 162 1.2354
85 163 1.8866
85 164 1.0803
85 165 1.9871
85 166 2.0149
85 167 2.0405
85 168 1.4736
85 169 1.9593
85 170 1.8974
85 171 1.9789
85 172 2.182
85 173 1.9929
85 174 2.8031
85 175 2.8848
85 176 2.9078
85 177 2.9036
85 178 2.9125
85 179 2.9388
85 180 2.9312
85 181 2.9546
85 182 2.9388
85 183 2.9694
85 184 2.9586
85 185 2.6362
85 186 2.9841
85 187 0.9991
85 188 2
85 189 0.9251
85 190 2
85 191 0.9996
85 192 2
85 193 0.9994
85 194 1.9995
85 195 0.9994
85 196 2
85 197 0.9997
86 133 0
86 135 0
86 137 0
86 138 0
86 139 0
86 140 0
86 141 0
86 142 0
86 143 0
86 144 0
86 145 0
86 146 0
86 147 0
86 148 0
86 149 0.0007
86 150 0.0025
86 151 0.0226
86 152 0.0276
86 153 0.1284
86 154 0.3166
86 155 0.4215
86 156 0.4498
86 157 0.5359
86 158 0.5769
86 159 0.6314
86 160 0.5908
86 161 0.6603
86 162 0.6693
86 163 0.791
86 164 0.9695
86 165 1.8154
86 166 0.9964
86 167 1.0144
86 168 0.9708
86 169 1.0866
86 170 0.9812
86 171 1.6933
86 172 1.0117
86 173 1.464
86 174 1.4604
86 175 1.972
86 176 1.9157
86 177 1.9476
86 178 1.8678
86 179 2.1839
86 180 2.7931
86 181 2.9185
86 182 2.8843
86 183 2.9403
86 184 2.8978
86 185 2.6122
86 186 2.8494
86 187 0.8547
86 188 2
86 189 0.8499
86 190 2
86 191 0.9957
86 192 1.9843
86 193 0.9883
86 194 1.9881
86 195 0.9979
86 196 2
86 197 0.9943
86 198 2
86 199 1
86 200 0.9915
87 131 0
87 133 0
87 134 0
87 135 0
87 136 0
87 137 0
87 138 0
87 139 0
87 140 0
87 141 0
87 142 0
87 143 0
87 144 0
87 145 0
87 146 0.0028
87 147 0.0042
87 148 0.0539
87 149 0.0344
87 150 0.2428
87 151 0.2896
87 152 0.2751
87 153 0.3906
87 154 0.6978
87 155 0.661
87 156 0.8533
87 157 0.9433
87 158 0.8967
87 159 1.0179
87 160 0.8864
87 161 1.0589
87 162 0.8635
87 163 1.4058
87 164 1.0042
87 165 1.8881
87 166 1.8879
87 167 1.9358
87 168 1.0287
87 169 1.8274
87 170 1.3435
87 171 1.9266
87 172 1.6105
87 173 1.9313
87 174 2.0588
87 175 2.1833
87 176 2.8418
87 177 2.1672
87 178 2.6938
87 179 2.8766
87 180 2.8984
87 181 2.93
87 182 2.9024
87 183 2.9451
87 184 2.919
87 185 2.772
87 186 2.9457
87 187 0.9988
87 188 2
87 189 0.9994
87 190 2
87 191 0.9993
87 192 1.9926
87 193 0.9992
87 194 1.9922
87 195 0.9993
87 196 1.9975
87 197 0.9994
87 198 2
87 199 0.9993
87 200 2
87 201 0.999
87 202 2
88 137 0
88 139 0
88 140 0
88 141 0
88 142 0
88 143 0
88 144 0
88 145 0
88 146 0
88 147 0
88 148 0
88 149 0
88 150 0
88 151 0
88 152 0
88 153 0.0109
88 154 0.0782
88 155 0.1233
88 156 0.187
88 157 0.223
88 158 0.2889
88 159 0.3497
88 160 0.3425
88 161 0.4177
88 162 0.468
88 163 0.617
88 164 0.6952
88 165 0.9415
88 166 0.985
88 167 1.4267
88 168 0.8587
88 169 0.9043
88 170 0.9476
88 171 1.0007
88 172 0.815
88 173 0.9387
88 174 0.9973
88 175 1.9267
88 176 1.0375
88 177 1.776
88 178 1.1952
88 179 1.9649
88 180 1.9917
88 181 2.2964
88 182 2.5409
88 183 2.7712
88 184 2.8718
88 185 2.6141
88 186 2.8287
88 187 0.8614
88 188 1.8916
88 189 0.997
88 190 1.9795
88 191 2.965
88 192 2.9425
88 193 2.9275
88 194 2.9372
88 195 2.9643
88 196 2.9394
88 197 0.9849
88 198 1.9986
88 199 0.9947
88 200 1.9688
88 201 2.9951
88 202 3
88 203 0.9899
88 204 1.9272
89 135 0
89 137 0
89 138 0
89 139 0
89 140 0
89 141 0
89 142 0
89 143 0
89 144 0
89 145 0
89 146 0
89 147 0
89 148 0
89 149 0
89 150 0.0015
89 151 0.0071
89 152 0.0428
89 153 0.1245
89 154 0.3735
89 155 0.3163
89 156 0.6991
89 157 0.5622
89 158 0.6486
89 159 0.6939
89 160 0.7393
89 161 0.6747
89 162 0.7164
89 163 0.9572
89 164 0.908
89 165 1.3042
89 166 1.0025
89 167 1.7044
89 168 1.1336
89 169 1.299
89 170 0.9612
89 171 1.7713
89 172 1.2004
89 173 1.7471
89 174 1.8078
89 175 1.946
89 176 2.0732
89 177 1.8512
89 178 1.9774
89 179 2.0899
89 180 2.8451
89 181 2.8926
89 182 2.8499
89 183 2.9099
89 184 2.8752
89 185 2.7488
89 186 2.8571
89 187 0.9592
89 188 1.9474
89 189 0.999
89 190 1.9779
89 191 2.9606
89 192 2.9518
89 193 2.9689
89 194 2.9734
89 195 2.9828
89 196 2.9793
89 197 0.9993
89 198 1.9954
89 199 0.9942
89 200 1.9919
89 201 1
89 202 1
89 203 0.9992
89 204 1.9802
89 205 2.9837
89 206 2.9918
90 141 0
90 143 0
90 144 0
90 145 0
90 146 0
90 147 0
90 148 0
90 149 0
90 150 0
90 151 0
90 152 0
90 153 0
90 154 0
90 155 0.0037
90 156 0.0177
90 157 0.0132
90 158 0.0323
90 159 0.0689
90 160 0.0602
90 161 0.1085
90 162 0.1544
90 163 0.3532
90 164 0.4932
90 165 0.6433
90 166 0.8384
90 167 0.7616
90 168 0.9431
90 169 0.712
90 170 0.825
90 171 0.873
90 172 0.7486
90 173 0.8058
90 174 0.9703
90 175 1.7703
90 176 0.8981
90 177 1.1471
90 178 0.9506
90 179 1.9091
90 180 1.6731
90 181 1.9434
90 182 1.8965
90 183 1.9717
90 184 2.1144
90 185 2.6015
90 186 2.795
90 187 0.859
90 188 1.871
90 189 0.9757
90 190 1.8273
90 191 2.7962
90 192 2.8246
90 193 2.8674
90 194 2.8412
90 195 2.9051
90 196 2.8816
90 197 2.915
90 198 2.9324
90 199 2.9401
90 200 2.9664
90 201 1
90 202 1
90 203 0.9935
90 204 1.9885
90 205 0.9764
90 206 1.9595
90 207 0.9713
90 208 2
90 209 1
91 139 0
91 141 0
91 142 0
91 143 0
91 144 0
91 145 0
91 146 0
91 147 0
91 148 0
91 149 0
91 150 0
91 151 0
91 152 0
91 153 0.0001
91 154 0.0798
91 155 0.121
91 156 0.3226
91 157 0.1964
91 158 0.3931
91 159 0.2793
91 160 0.3594
91 161 0.3418
91 162 0.5066
91 163 0.6264
91 164 0.7525
91 165 0.9099
91 166 0.8998
91 167 1.1249
91 168 0.9085
91 169 1.1974
91 170 0.935
91 171 1.3256
91 172 0.9216
91 173 1.1768
91 174 1.1407
91 175 1.7126
91 176 1.5399
91 177 1.8225
91 178 1.7387
91 179 1.9234
91 180 2.2821
91 181 2.4361
91 182 2.763
91 183 2.8482
91 184 2.8072
91 185 2.7046
91 186 2.7742
91 187 0.9921
91 188 1.9718
91 189 0.9715
91 190 1.9077
91 191 2.8268
91 192 2.8882
91 193 2.8965
91 194 2.9109
91 195 2.9249
91 196 2.9245
91 197 2.9507
91 198 2.9558
91 199 2.9722
91 200 2.993
91 201 0.9999
91 202 2
91 203 0.9994
91 204 1.9892
91 205 0.9993
91 206 2
91 207 0.9752
91 208 1.9796
91 209 0.9998
91 210 1.9979
91 211 2.9985
92 145 0
92 147 0
92 148 0
92 149 0
92 150 0
92 151 0
92 152 0
92 153 0
92 154 0
92 155 0
92 156 0
92 157 0
92 158 0
92 159 0
92 160 0
92 161 0.0018
92 162 0.0064
92 163 0.0588
92 164 0.1685
92 165 0.3005
92 166 0.3852
92 167 0.5989
92 168 0.3571
92 169 0.5762
92 170 0.5802
92 171 0.7692
92 172 0.5599
92 173 0.5891
92 174 0.9409
92 175 1.0955
92 176 0.8482
92 177 0.869
92 178 0.8874
92 179 1.3314
92 180 1.0451
92 181 1.8912
92 182 1.3354
92 183 1.9156
92 184 1.7971
92 185 2.389
92 186 2.6886
92 187 2.4138
92 188 2.3311
92 189 2.4288
92 190 2.3052
92 191 2.5978
92 192 2.531
92 193 2.7105
92 194 2.6874
92 195 2.7924
92 196 2.7839
92 197 2.8252
92 198 2.8974
92 199 0.9886
92 200 1.972
92 201 0.9956
92 202 1.9215
92 203 2.7739
92 204 2.8306
92 205 2.9014
92 206 2.9511
92 207 0.9884
92 208 1.9635
92 209 2.9495
92 210 2.8932
92 211 0.9684
92 212 2
92 213 1
93 143 0
93 145 0
93 146 0
93 147 0
93 148 0
93 149 0
93 150 0
93 151 0
93 152 0
93 153 0
93 154 0
93 155 0
93 156 0.0124
93 157 0.0108
93 158 0.0469
93 159 0.0435
93 160 0.1278
93 161 0.1219
93 162 0.2437
93 163 0.3278
93 164 0.5585
93 165 0.5744
93 166 0.7481
93 167 0.7961
93 168 0.8912
93 169 0.9209
93 170 0.9195
93 171 1.1074
93 172 0.7033
93 173 0.804
93 174 0.9522
93 175 1.44
93 176 0.9946
93 177 1.3585
93 178 1.1821
93 179 1.6369
93 180 1.5543
93 181 1.7863
93 182 1.831
93 183 2.0982
93 184 2.3928
93 185 2.4621
93 186 2.6983
93 187 2.8056
93 188 2.8514
93 189 2.6222
93 190 2.4454
93 191 2.5876
93 192 2.7585
93 193 2.8276
93 194 2.8519
93 195 2.8905
93 196 2.9296
93 197 2.933
93 198 2.9358
93 199 2.9101
93 200 2.862
93 201 2.945
93 202 2.8661
93 203 2.7343
93 204 2.8637
93 205 0.9988
93 206 1.9361
93 207 0.9836
93 208 1.9377
93 209 0.9994
93 210 1.9332
93 211 0.973
93 212 1.9997
93 213 0.9996
93 214 2
93 215 0.9998
94 147 0
94 149 0
94 151 0
94 152 0
94 153 0
94 154 0
94 155 0
94 156 0
94 157 0
94 158 0
94 159 0
94 160 0
94 161 0
94 162 0
94 163 0
94 164 0.0046
94 165 0.0391
94 166 0.1088
94 167 0.1059
94 168 0.0633
94 169 0.1596
94 170 0.2746
94 171 0.515
94 172 0.1574
94 173 0.2668
94 174 0.7815
94 175 0.7358
94 176 0.6918
94 177 0.7683
94 178 0.8292
94 179 0.953
94 180 0.9104
94 181 1.4647
94 182 0.9179
94 183 1.7642
94 184 1.1107
94 185 1.7027
94 186 2.3878
94 187 2.1102
94 188 1.7078
94 189 1.8427
94 190 1.6898
94 191 2.2145
94 192 2.1177
94 193 2.6115
94 194 2.3417
94 195 2.6047
94 196 2.4884
94 197 2.815
94 198 2.806
94 199 2.8474
94 200 2.8005
94 201 2.8887
94 202 2.8298
94 203 2.7859
94 204 2.8191
94 205 2.8807
94 206 2.8599
94 207 2.9319
94 208 2.893
94 209 2.9458
94 210 2.8931
94 211 2.8254
94 212 2.9664
94 213 0.9983
94 214 2
94 215 0.9993
94 216 2
94 217 0.9996
94 218 2
95 147 0
95 149 0
95 150 0
95 151 0
95 152 0
95 153 0
95 154 0
95 155 0
95 156 0
95 157 0
95 158 0
95 159 0
95 160 0
95 161 0
95 162 0.0058
95 163 0.0279
95 164 0.1734
95 165 0.2562
95 166 0.4945
95 167 0.4337
95 168 0.5797
95 169 0.5022
95 170 0.6794
95 171 0.8216
95 172 0.3826
95 173 0.6532
95 174 0.8703
95 175 0.9944
95 176 0.7137
95 177 0.8268
95 178 0.8483
95 179 1.4245
95 180 1.315
95 181 1.428
95 182 1.3735
95 183 1.5788
95 184 1.5749
95 185 2.2432
95 186 2.3255
95 187 2.4047
95 188 2.3463
95 189 2.3715
95 190 2.1665
95 191 2.2292
95 192 2.5906
95 193 2.4073
95 194 2.6151
95 195 2.6892
95 196 2.7547
95 197 2.7582
95 198 2.8021
95 199 2.8605
95 200 2.8389
95 201 2.8739
95 202 2.8942
95 203 2.8773
95 204 2.8644
95 205 2.8853
95 206 2.8392
95 207 2.9771
95 208 2.9794
95 209 2.9829
95 210 2.9836
95 211 2.9579
95 212 2.9928
95 213 0.9994
95 214 1.9988
95 215 0.9994
95 216 2
95 217 0.9995
95 218 2
95 219 0.9995
95 220 2
96 151 0
96 153 0
96 154 0
96 155 0
96 156 0
96 157 0
96 158 0
96 159 0
96 160 0
96 161 0
96 162 0
96 163 0
96 164 0
96 165 0
96 166 0
96 167 0.0016
96 168 0.0031
96 169 0.0012
96 170 0.0257
96 171 0.2038
96 172 0.0109
96 173 0.058
96 174 0.3797
96 175 0.3227
96 176 0.4069
96 177 0.5089
96 178 0.6677
96 179 0.8723
96 180 0.8128
96 181 0.8915
96 182 0.8371
96 183 1.0894
96 184 0.8956
96 185 1.5234
96 186 1.622
96 187 1.6402
96 188 2.1821
96 189 1.9405
96 190 1.3969
96 191 1.7966
96 192 1.5428
96 193 1.9887
96 194 1.9198
96 195 2.3205
96 196 2.3231
96 197 2.5457
96 198 2.5064
96 199 2.6316
96 200 2.6154
96 201 2.7641
96 202 2.7292
96 203 2.773
96 204 2.7733
96 205 2.8848
96 206 2.8493
96 207 2.9268
96 208 2.8878
96 209 2.93
96 210 2.87
96 211 2.8178
96 212 2.882
96 213 2.9636
96 214 2.9264
96 215 0.9854
96 216 1.9846
96 217 0.9925
96 218 1.9835
96 219 0.9939
96 220 2
96 221 0.9985
96 222 2
97 151 0
97 152 0
97 153 0
97 154 0
97 155 0
97 156 0
97 157 0
97 158 0
97 159 0
97 160 0
97 161 0
97 162 0
97 163 0
97 164 0.0016
97 165 0.0176
97 166 0.0955
97 167 0.0756
97 168 0.3438
97 169 0.2089
97 170 0.6797
97 171 0.5668
97 172 0.1447
97 173 0.5566
97 174 0.6493
97 175 0.668
97 176 0.4294
97 177 0.4501
97 178 0.6026
97 179 1.0639
97 180 0.9517
97 181 1.1561
97 182 1.0823
97 183 1.2479
97 184 1.2711
97 185 1.7708
97 186 1.956
97 187 1.7964
97 188 2.2124
97 189 2.2254
97 190 2.0097
97 191 2.0485
97 192 2.0171
97 193 2.2936
97 194 2.408
97 195 2.4438
97 196 2.6181
97 197 2.6386
97 198 2.7439
97 199 2.7502
97 200 2.7882
97 201 2.8363
97 202 2.8411
97 203 2.8782
97 204 2.8706
97 205 2.9264
97 206 2.9249
97 207 2.9542
97 208 2.9488
97 209 2.9724
97 210 2.958
97 211 2.9418
97 212 2.9787
97 213 2.9889
97 214 2.9917
97 215 0.9994
97 216 1.9968
97 217 0.9994
97 218 1.9968
97 219 0.9994
97 220 1.9983
97 221 0.9995
97 222 1.9995
97 223 0.9998
97 224 2
98 155 0
98 157 0
98 158 0
98 159 0
98 160 0
98 161 0
98 162 0
98 163 0
98 164 0
98 165 0
98 166 0
98 167 0
98 168 0
98 169 0
98 170 0
98 171 0.0009
98 172 0
98 173 0.001
98 174 0.0007
98 175 0.0248
98 176 0.059
98 177 0.1737
98 178 0.1619
98 179 0.7143
98 180 0.5832
98 181 0.6889
98 182 0.6351
98 183 0.7723
98 184 0.7687
98 185 1.1744
98 186 1.1701
98 187 0.7044
98 188 1.1564
98 189 1.451
98 190 0.9508
98 191 1.4381
98 192 1.1188
98 193 1.6391
98 194 1.3607
98 195 1.6305
98 196 1.595
98 197 1.9063
98 198 1.8237
98 199 2.1474
98 200 2.0972
98 201 2.4604
98 202 2.409
98 203 2.5902
98 204 2.5977
98 205 2.7814
98 206 2.7795
98 207 2.862
98 208 2.85
98 209 2.9083
98 210 2.8413
98 211 2.7909
98 212 2.8332
98 213 2.9157
98 214 2.862
98 215 2.9163
98 216 2.8726
98 217 0.9741
98 218 1.9283
98 219 2.9095
98 220 2.8642
98 221 0.9975
98 222 1.9653
98 223 0.9579
98 224 2
98 225 0.9997
98 226 2
98 227 1
99 153 0
99 155 0
99 156 0
99 157 0
99 158 0
99 159 0
99 160 0
99 161 0
99 162 0
99 163 0
99 164 0
99 165 0
99 166 0
99 167 0.0004
99 168 0.0104
99 169 0
99 170 0.0562
99 171 0.0922
99 172 0.1256
99 173 0.0852
99 174 0.2011
99 175 0.2747
99 176 0.4107
99 177 0.4169
99 178 0.501
99 179 0.4007
99 180 0.4206
99 181 0.8841
99 182 0.8457
99 183 0.9819
99 184 1.0062
99 185 1.2941
99 186 1.1874
99 187 1.8429
99 188 1.5107
99 189 1.6917
99 190 1.3599
99 191 1.7279
99 192 1.4733
99 193 1.8418
99 194 1.7342
99 195 1.8921
99 196 2.1038
99 197 2.2378
99 198 2.3502
99 199 2.3846
99 200 2.4732
99 201 2.5814
99 202 2.6353
99 203 2.7206
99 204 2.7541
99 205 2.8411
99 206 2.861
99 207 2.9048
99 208 2.9024
99 209 2.915
99 210 2.884
99 211 2.8732
99 212 2.893
99 213 2.943
99 214 2.9375
99 215 0.9936
99 216 1.9809
99 217 0.9898
99 218 1.983
99 219 0.9875
99 220 1.9797
99 221 2.9783
99 222 2.971
99 223 0.9994
99 224 1.9994
99 225 0.9996
99 226 2
99 227 0.9999
99 228 2
99 229 0.9991
100 159 0
100 161 0
100 163 0
100 164 0
100 165 0
100 166 0
100 167 0
100 168 0
100 169 0
100 170 0
100 171 0
100 172 0
100 173 0
100 174 0
100 175 0
100 176 0
100 177 0.0013
100 178 0.0022
100 179 0.1523
100 180 0.1531
100 181 0.275
100 182 0.282
100 183 0.4037
100 184 0.4481
100 185 0.3859
100 186 0.6655
100 187 0.1827
100 188 0.8361
100 189 1.0289
100 190 0.7827
100 191 0.9276
100 192 0.8566
100 193 1.2404
100 194 0.9395
100 195 1.2628
100 196 1.0908
100 197 1.5045
100 198 1.2865
100 199 1.5899
100 200 1.4438
100 201 1.7668
100 202 1.637
100 203 2.0531
100 204 2.1429
100 205 2.5476
100 206 2.5795
100 207 2.7659
100 208 2.7137
100 209 2.8039
100 210 2.7677
100 211 2.7403
100 212 2.7751
100 213 2.8606
100 214 2.7801
100 215 2.8504
100 216 2.8026
100 217 2.8047
100 218 2.7673
100 219 2.8439
100 220 2.7934
100 221 2.9104
100 222 2.8402
100 223 2.8408
100 224 2.9366
100 225 0.9985
100 226 2
100 227 0.9995
100 228 2
100 229 0.9829
100 230 1.9802
100 231 0.989
101 157 0
101 159 0
101 160 0
101 161 0
101 162 0
101 163 0
101 164 0
101 165 0
101 166 0
101 167 0
101 168 0
101 169 0
101 170 0
101 171 0
101 172 0.0004
101 173 0
101 174 0.009
101 175 0.0177
101 176 0.0877
101 177 0.0385
101 178 0.1304
101 179 0.3031
101 180 0.6163
101 181 0.1436
101 182 0.7198
101 183 0.7988
101 184 0.796
101 185 0.9083
101 186 0.8128
101 187 0.9069
101 188 1.1077
101 189 1.6336
101 190 0.7663
101 191 0.927
101 192 1.0226
101 193 1.5819
101 194 1.2631
101 195 1.512
101 196 1.5005
101 197 1.7191
101 198 1.6276
101 199 1.8027
101 200 1.7835
101 201 2.0409
101 202 2.1721
101 203 2.4486
101 204 2.539
101 205 2.6882
101 206 2.7296
101 207 2.8295
101 208 2.8053
101 209 2.8466
101 210 2.7834
101 211 2.7504
101 212 2.7548
101 213 2.7992
101 214 2.7394
101 215 2.7901
101 216 2.7376
101 217 2.7502
101 218 2.7312
101 219 2.7647
101 220 2.7863
101 221 2.8033
101 222 2.8255
101 223 0.9265
101 224 1.9226
101 225 0.9995
101 226 1.9966
101 227 0.9998
101 228 2
101 229 0.9985
101 230 1.9963
101 231 0.9996
101 232 2
101 233 0.9997
102 163 0
102 165 0
102 166 0
102 167 0
102 168 0
102 169 0
102 170 0
102 171 0
102 172 0
102 173 0
102 174 0
102 175 0
102 176 0
102 177 0
102 178 0
102 179 0
102 180 0
102 181 0.0033
102 182 0.0065
102 183 0.0335
102 184 0.0675
102 185 0.0668
102 186 0.1269
102 187 0.1115
102 188 0.7029
102 189 0.4747
102 190 0.0174
102 191 0.5941
102 192 0.653
102 193 0.7687
102 194 0.7723
102 195 0.8291
102 196 0.8435
102 197 1.0485
102 198 0.8798
102 199 1.1571
102 200 0.9582
102 201 1.4904
102 202 1.2092
102 203 1.685
102 204 1.5845
102 205 2.0612
102 206 2.2826
102 207 2.4504
102 208 2.4846
102 209 2.5208
102 210 2.5885
102 211 2.7057
102 212 2.7135
102 213 2.787
102 214 2.7253
102 215 2.7873
102 216 2.7506
102 217 2.7292
102 218 2.738
102 219 2.7527
102 220 2.7263
102 221 2.8387
102 222 2.788
102 223 2.7978
102 224 2.8597
102 225 2.9435
102 226 2.9129
102 227 0.9992
102 228 2
102 229 0.9661
102 230 1.9768
102 231 0.9891
102 232 1.9969
102 233 0.9935
102 234 2
102 235 0.9946
102 236 2
103 161 0
103 163 0
103 164 0
103 165 0
103 166 0
103 167 0
103 168 0
103 169 0
103 170 0
103 171 0
103 172 0
103 173 0
103 174 0
103 175 0
103 176 0
103 177 0.0001
103 178 0.0022
103 179 0.007
103 180 0.1685
103 181 0.2814
103 182 0.5053
103 183 0.6321
103 184 0.6291
103 185 0.5085
103 186 0.6048
103 187 1.0307
103 188 1.2558
103 189 0.6134
103 190 0.8963
103 191 0.8625
103 192 0.8862
103 193 1.0816
103 194 0.9311
103 195 1.2229
103 196 1.0075
103 197 1.3474
103 198 1.146
103 199 1.5057
103 200 1.3369
103 201 1.66
103 202 1.522
103 203 1.8078
103 204 1.9172
103 205 2.4401
103 206 2.4898
103 207 2.5881
103 208 2.6785
103 209 2.7284
103 210 2.7707
103 211 2.8056
103 212 2.8298
103 213 2.8747
103 214 2.854
103 215 2.9064
103 216 2.8705
103 217 2.8464
103 218 2.8666
103 219 2.8698
103 220 2.8658
103 221 2.9217
103 222 2.9005
103 223 2.9385
103 224 2.984
103 225 2.9877
103 226 2.9915
103 227 0.9997
103 228 2
103 229 0.9968
103 230 1.9927
103 231 0.9995
103 232 1.9979
103 233 0.997
103 234 1.989
103 235 0.9987
103 236 2
104 165 0
104 167 0
104 169 0
104 171 0
104 172 0
104 173 0
104 174 0
104 175 0
104 176 0
104 177 0
104 178 0
104 179 0
104 180 0
104 181 0
104 182 0
104 183 0
104 184 0.0002
104 185 0.008
104 186 0.0787
104 187 0.0601
104 188 0.0136
104 189 0.5444
104 190 0.454
104 191 0.2488
104 192 0.3242
104 193 0.4601
104 194 0.4939
104 195 0.4868
104 196 0.64
104 197 0.5706
104 198 0.6834
104 199 0.6867
104 200 0.71
104 201 0.9212
104 202 0.8193
104 203 1.4258
104 204 1.1881
104 205 1.6568
104 206 1.5219
104 207 1.8365
104 208 1.8375
104 209 2.1174
104 210 2.1196
104 211 2.3197
104 212 2.3418
104 213 2.4819
104 214 2.5467
104 215 2.6803
104 216 2.614
104 217 2.6547
104 218 2.6723
104 219 2.7167
104 220 2.6765
104 221 2.776
104 222 2.7181
104 223 2.7833
104 224 2.8138
104 225 2.8891
104 226 2.8268
104 227 2.9905
104 228 3
104 229 0.9674
104 230 1.909
104 231 2.8658
104 232 2.9686
104 233 0.9934
104 234 1.9887
104 235 0.9944
105 163 0
105 165 0
105 167 0
105 168 0
105 169 0
105 170 0
105 171 0
105 172 0
105 173 0
105 174 0
105 175 0
105 176 0
105 177 0
105 178 0
105 179 0
105 180 0
105 181 0.0133
105 182 0.0977
105 183 0.2248
105 184 0.3106
105 185 0.4669
105 186 0.5198
105 187 0.0834
105 188 0.322
105 189 0.8896
105 190 0.8313
105 191 0.7264
105 192 0.6986
105 193 0.7106
105 194 0.7976
105 195 0.6815
105 196 0.8129
105 197 0.8668
105 198 0.8366
105 199 1.0384
105 200 0.8768
105 201 1.3295
105 202 1.0345
105 203 1.5578
105 204 1.4369
105 205 1.7445
105 206 1.8079
105 207 2.1175
105 208 2.1895
105 209 2.3269
105 210 2.3077
105 211 2.3382
105 212 2.463
105 213 2.4798
105 214 2.5243
105 215 2.5917
105 216 2.6222
105 217 2.6657
105 218 2.7076
105 219 2.6656
105 220 2.6404
105 221 2.7232
105 222 2.728
105 223 2.7764
105 224 2.7822
105 225 2.8816
105 226 2.8535
105 227 2.9999
105 228 0.9969
105 229 1.9489
105 230 2.9368
105 231 2.9477
105 232 2.9744
105 233 0.9995
105 234 1.9973
106 171 0
106 173 0
106 175 0
106 176 0
106 177 0
106 178 0
106 179 0
106 180 0
106 181 0
106 182 0
106 183 0
106 184 0
106 185 0.0018
106 186 0.0006
106 187 0.0011
106 188 0.0042
106 189 0.0106
106 190 0.1195
106 191 0.1411
106 192 0.0112
106 193 0.0753
106 194 0.1193
106 195 0.1563
106 196 0.2574
106 197 0.2336
106 198 0.3784
106 199 0.4198
106 200 0.4589
106 201 0.5965
106 202 0.6156
106 203 0.7848
106 204 0.7748
106 205 1.1929
106 206 0.9652
106 207 1.4941
106 208 1.2061
106 209 1.4289
106 210 1.3213
106 211 1.4869
106 212 1.4235
106 213 1.7135
106 214 1.6865
106 215 2.2263
106 216 2.238
106 217 2.4708
106 218 2.3878
106 219 2.579
106 220 2.4349
106 221 2.5927
106 222 2.5905
106 223 2.7054
106 224 2.7087
106 225 2.8111
106 226 2.9571
106 227 2.9973
106 228 0.9856
106 229 1.8203
106 230 2.775
106 231 2.7348
106 232 2.8695
106 233 2.8944
107 167 0
107 169 0
107 171 0
107 172 0
107 173 0
107 174 0
107 175 0
107 176 0
107 177 0
107 178 0
107 179 0
107 180 0
107 181 0
107 182 0
107 183 0
107 184 0.0017
107 185 0.0164
107 186 0.0909
107 187 0.0361
107 188 0.0981
107 189 0.0704
107 190 0.5996
107 191 0.3659
107 192 0.0137
107 193 0.2866
107 194 0.4364
107 195 0.29
107 196 0.5409
107 197 0.4338
107 198 0.6294
107 199 0.5606
107 200 0.7365
107 201 0.8157
107 202 0.864
107 203 1.2371
107 204 0.9992
107 205 1.4077
107 206 1.3349
107 207 1.5917
107 208 1.4674
107 209 1.5332
107 210 1.5309
107 211 1.5991
107 212 1.662
107 213 1.9301
107 214 2.0865
107 215 2.3923
107 216 2.3694
107 217 2.5982
107 218 2.5686
107 219 2.7035
107 220 2.6028
107 221 2.8356
107 222 0.9331
107 223 1.7229
107 224 2.3541
107 225 2.408
107 226 2.954
107 227 0.9917
107 228 1.952
107 229 2.7622
107 230 2.844
107 231 2.8344
107 232 2.9845
108 177 0
108 179 0
108 180 0
108 181 0
108 182 0
108 183 0
108 184 0
108 185 0
108 186 0
108 187 0
108 188 0
108 189 0
108 190 0.0558
108 191 0
108 192 0
108 193 0
108 194 0
108 195 0.0007
108 196 0.0033
108 197 0.0168
108 198 0.052
108 199 0.0863
108 200 0.1446
108 201 0.2833
108 202 0.3403
108 203 0.5015
108 204 0.5286
108 205 0.5697
108 206 0.6924
108 207 0.787
108 208 0.7127
108 209 0.9154
108 210 0.7131
108 211 1.039
108 212 0.7523
108 213 1.3031
108 214 1.1837
108 215 1.5519
108 216 1.5314
108 217 1.8885
108 218 1.796
108 219 2.0244
108 220 2.8426
108 221 0.9548
108 222 1.8019
108 223 2.4411
108 224 1.792
108 225 2.7878
108 226 2.7961
108 227 2.8299
108 228 2.129
108 229 2.4575
108 230 2.7521
108 231 2.7267
109 173 0
109 175 0
109 176 0
109 177 0
109 178 0
109 179 0
109 180 0
109 181 0
109 182 0
109 183 0
109 184 0
109 185 0.0001
109 186 0.0127
109 187 0.0017
109 188 0.0336
109 189 0.0888
109 190 0.0145
109 191 0.0315
109 192 0.0194
109 193 0.0464
109 194 0.0266
109 195 0.0303
109 196 0.1681
109 197 0.1153
109 198 0.2846
109 199 0.2125
109 200 0.4543
109 201 0.454
109 202 0.6505
109 203 0.6859
109 204 0.7425
109 205 0.8829
109 206 0.8103
109 207 1.1102
109 208 0.9306
109 209 1.1093
109 210 1.061
109 211 1.2581
109 212 1.2553
109 213 1.5255
109 214 1.4875
109 215 1.7434
109 216 1.9515
109 217 2.2197
109 218 2.2217
109 219 2.9039
109 220 2.8404
109 221 2.8445
109 222 2.7505
109 223 2.5812
109 224 2.7314
109 225 2.8768
109 226 2.9015
109 227 2.8906
109 228 2.8729
109 229 2.8663
109 230 2.7814
110 179 0
110 181 0
110 182 0
110 183 0
110 184 0
110 185 0
110 186 0
110 187 0
110 188 0
110 189 0
110 190 0
110 191 0
110 192 0
110 193 0
110 194 0
110 195 0
110 196 0
110 197 0
110 198 0
110 199 0
110 200 0.0001
110 201 0.0122
110 202 0.0582
110 203 0.1804
110 204 0.2184
110 205 0.2744
110 206 0.3898
110 207 0.4184
110 208 0.4503
110 209 0.4391
110 210 0.503
110 211 0.5134
110 212 0.5659
110 213 0.7763
110 214 0.6458
110 215 1.1296
110 216 1.0057
110 217 1.3068
110 218 1.5985
110 219 1.9173
110 220 1.9204
110 221 1.9696
110 222 1.8172
110 223 1.7574
110 224 1.9058
110 225 2.0505
110 226 1.8277
110 227 1.9189
110 228 1.1099
110 229 1.9156
