0	20.9205	0.442852
12	0.466132	0.0165764
24	0.0498224	0.00597085
8205.62	2782	162	6	2760	31	9
chisquare/NDF = 1.13272
0	21.8181	0.511673
12	0.465979	0.017524
24	0.0537735	0.00672279
8253.9	2782	162	6	2760	31	9
chisquare/NDF = 0.738689
0	22.375	0.594433
12	0.468568	0.0183518
24	0.05558	0.00718693
7072.73	2459	145	6	2752	31	9
chisquare/NDF = 0.737158
0	22.375	0.594433
12	0.468568	0.0183518
24	0.05558	0.00718693
7072.73	2459	145	6	2752	31	9
chisquare/NDF = 0.737158
0	22.375	0.594433
12	0.468568	0.0183518
24	0.05558	0.00718693
7072.73	2459	145	6	2752	31	9
chisquare/NDF = 0.737158
0	22.375	0.59423
12	0.468568	0.0183317
24	0.0555801	0.00719961
7072.73	2459	145	6	2752	31	9
chisquare/NDF = 0.737158
0	22.4396	0.591441
12	0.468817	0.0184366
24	0.0554867	0.0071908
7057.76	2459	145	6	2752	31	9
chisquare/NDF = 0.73957
0	22.375	0.594433
12	0.468568	0.0183518
24	0.05558	0.00718693
7072.73	2459	145	6	2752	31	9
chisquare/NDF = 0.737158
0	22.4781	0.595287
1	7.22028	0.0362157
12	0.45831	0.0183328
24	0.0546929	0.00713017
7103.31	2459	145	6	2752	31	9
chisquare/NDF = 0.72481
0	22.4781	0.595287
1	7.22028	0.0362157
12	0.45831	0.0183328
24	0.0546929	0.00713017
7103.31	2459	145	6	2752	31	9
chisquare/NDF = 0.72481
0	21.9324	0.568559
1	4.19522	0.330531
12	0.450618	0.0176628
24	0.0515248	0.00673706
7266.9	2459	145	6	2752	31	9
chisquare/NDF = 0.698917
0	22.3746	0.599924
12	0.468576	0.0186703
24	0.055582	0.00724396
7075.62	2459	145	6	2752	31	9
chisquare/NDF = 0.737126
0	21.8181	0.511676
12	0.465995	0.0175243
24	0.0537736	0.00672273
7901.49	2688	157	6	2754	31	9
chisquare/NDF = 0.738687
