Ag130,0.0332076,0.0020252,0.632651,0.0525673,0.00262137,0.0136388,63.0521,225,0.05,9.05
Ag131,0.0341207,0.00428705,0.999999,0.855727,2.97156e-09,0.0652066,59.0706,150,0.05,9.05
Cd129,0.175239,0.00918419,0.0213863,0.00755557,0.0113048,0.00468241,54.8279,450,0.05,9.05
Cd130,0.140225,0.00171824,0.0366685,0.00228156,0.0107952,0.00126822,63.7938,900,0.05,9.05
Cd131,0.106627,0.00249689,0.136318,0.00465628,0.00968546,0.00213808,57.3554,450,0.05,9.05
Cd132,0.0808073,0.0030491,0.930874,0.0282492,0.030923,0.00609181,49.1706,225,0.05,9.05
Cd133,0.0578077,0.00173182,0.772577,0.0529497,0.0492941,0.0218609,60.155,225,0.05,9.05
In131,0.285214,0.0134181,0.0344759,0.00541008,0.00953487,0.00371631,56.2275,450,0.05,9.05
In132,0.211203,0.0149332,0.117214,0.0104367,0.00834892,0.00531177,63.4899,450,0.05,9.05
In133,0.165372,0.00149926,0.827996,0.0086303,0.0284295,0.00197269,47.248,225,0.05,9.05
In134,0.132432,0.000410254,0.737433,0.0113706,0.145682,0.00447792,55.2454,225,0.05,9.05
In135,0.105752,0.00379637,0.749884,0.025397,0.115789,0.00967715,61.5683,225,0.05,9.05
Sn134,1.12701,0.117455,0.217102,0.0247187,3.10919e-10,0.00750319,61.7665,150,0.05,9.05
Sn135,0.484308,0.0624142,0.150704,0.0235623,0.0192665,0.0114466,48.037,150,0.05,9.05
Sn136,0.388298,0.00701637,0.189612,0.00468894,0.0118049,0.00192087,67.4662,225,0.05,9.05
Sn137,0.256861,0.00744358,0.21438,0.0109147,0.0316583,0.00372182,63.3563,225,0.05,9.05
Sn138,0.138815,0.0176658,0.227182,0.0492778,1.06996e-10,0.00170824,51.1002,100,0.05,9.05
Ag130,0.0406047,0.00419495,0.684177,0.0526621,2.33951e-07,0.672772,38.5213,225,0.05,9.05
Ag131,0.0293252,0.00336393,0.829208,0.232311,0.0819398,0.201478,40.282,150,0.05,9.05
Cd129,0.146773,0.00403485,0.0177985,0.00470889,0.000739562,0.00335128,34.5711,450,0.05,9.05
Cd130,0.134217,0.000856429,0.0355989,0.00168736,0.00541453,0.000697034,38.8553,900,0.05,9.05
Cd131,0.0973628,0.00130379,0.154269,0.00500017,0.00446377,0.00128966,32.763,450,0.05,9.05
Cd132,0.0807374,0.00237292,0.9326,0.0256628,0.00929825,0.00345515,33.5735,225,0.05,9.05
Cd133,0.0545622,0.00549514,0.884122,0.0616613,0.0196265,0.0215014,40.1751,225,0.05,9.05
In131,0.274504,0.00484435,0.0311583,0.00334838,0.00106701,0.00212837,36.6763,450,0.05,9.05
In132,0.202016,0.0060458,0.109556,0.0102977,0.000933296,0.0128488,39.0833,450,0.05,9.05
In133,0.166057,0.00106444,0.860177,0.00574941,0.0115972,0.00118473,32.6685,225,0.05,9.05
In134,0.130821,0.00114771,0.784714,0.00973782,0.145577,0.00443426,36.7893,225,0.05,9.05
In135,0.103562,0.00295312,0.833815,0.0212503,0.0977065,0.00971988,39.8371,225,0.05,9.05
Sn134,0.985245,0.036524,0.244888,0.0180628,3.13465e-11,0.0137002,36.6316,150,0.05,9.05
Sn135,0.474661,0.0224423,0.206559,0.0193251,9.41813e-11,0.00843755,28.5049,150,0.05,9.05
Sn136,0.354472,0.00330062,0.195437,0.00431657,0.0061677,0.00107654,42.3845,225,0.05,9.05
Sn137,0.234433,0.00377432,0.221084,0.0103925,0.0134461,0.00234407,39.9194,225,0.05,9.05
Sn138,0.160497,0.0102227,0.244646,0.044848,0.000502202,0.0327676,37.2446,100,0.05,9.05
Ag130,0.0414069,0.00415073,0.677997,0.054967,0.0218485,0.01803,38.5539,225,0.05,9.05
Ag131,0.0328715,0.00433426,0.891985,0.141552,3.13367e-09,0.132472,38.8989,150,0.05,9.05
Cd129,0.147042,0.0040367,0.0248024,0.0055785,0.00642493,0.0037166,34.6139,450,0.05,9.05
Cd130,0.134441,0.000860294,0.0380059,0.00192353,0.0140878,0.000926342,38.9466,900,0.05,9.05
Cd131,0.0976312,0.00130991,0.153888,0.00532287,0.0150378,0.00185532,32.7722,450,0.05,9.05
Cd132,0.0813035,0.00239575,0.907871,0.0260705,0.0349972,0.00554328,33.5573,225,0.05,9.05
Cd133,0.0541818,0.00563969,0.818399,0.0810928,0.059511,0.0284117,40.1964,225,0.05,9.05
In131,0.2748,0.0048284,0.0434015,0.00365513,0.00231381,0.00205464,36.6825,450,0.05,9.05
In132,0.203113,0.00607066,0.110473,0.00992684,0.00384902,0.00574288,39.1098,450,0.05,9.05
In133,0.165957,0.00107325,0.8482,0.00580187,0.0262484,0.00156346,32.699,225,0.05,9.05
In134,0.131563,0.00116431,0.757746,0.00983233,0.165337,0.00469908,37.0009,225,0.05,9.05
In135,0.102968,0.00294661,0.793254,0.0218254,0.117158,0.0104689,40.0668,225,0.05,9.05
Sn134,0.989861,0.0368527,0.253241,0.0188325,0.000870531,0.00738692,36.8724,150,0.05,9.05
Sn135,0.472981,0.0224332,0.211385,0.0200578,4.20231e-12,0.0125031,28.4163,150,0.05,9.05
Sn136,0.3547,0.00330023,0.195947,0.00447238,0.0163634,0.00144189,42.3624,225,0.05,9.05
Sn137,0.235988,0.00379234,0.216311,0.010575,0.0253844,0.00291576,40.0687,225,0.05,9.05
Sn138,0.160889,0.0102659,0.259635,0.0452578,0.00462847,0.00881194,37.3178,100,0.05,9.05
Ag130,0.0414069,0.00415073,0.677997,0.054967,0.0218485,0.01803,38.5539,225,0.05,9.05
Ag131,0.0328715,0.00433426,0.891985,0.141552,3.13367e-09,0.132472,38.8989,150,0.05,9.05
Cd129,0.147042,0.0040367,0.0248024,0.0055785,0.00642493,0.0037166,34.6139,450,0.05,9.05
Cd130,0.134441,0.000860294,0.0380059,0.00192353,0.0140878,0.000926342,38.9466,900,0.05,9.05
Cd131,0.0976312,0.00130991,0.153888,0.00532287,0.0150378,0.00185532,32.7722,450,0.05,9.05
Cd132,0.0813035,0.00239575,0.907871,0.0260705,0.0349972,0.00554328,33.5573,225,0.05,9.05
Cd133,0.0541818,0.00563969,0.818399,0.0810928,0.059511,0.0284117,40.1964,225,0.05,9.05
In131,0.2748,0.0048284,0.0434015,0.00365513,0.00231381,0.00205464,36.6825,450,0.05,9.05
In132,0.203113,0.00607066,0.110473,0.00992684,0.00384902,0.00574288,39.1098,450,0.05,9.05
In133,0.165957,0.00107325,0.8482,0.00580187,0.0262484,0.00156346,32.699,225,0.05,9.05
In134,0.131563,0.00116431,0.757746,0.00983233,0.165337,0.00469908,37.0009,225,0.05,9.05
In135,0.102968,0.00294661,0.793254,0.0218254,0.117158,0.0104689,40.0668,225,0.05,9.05
Sn134,0.989861,0.0368527,0.253241,0.0188325,0.000870531,0.00738692,36.8724,150,0.05,9.05
Sn135,0.472981,0.0224332,0.211385,0.0200578,4.20231e-12,0.0125031,28.4163,150,0.05,9.05
Sn136,0.3547,0.00330023,0.195947,0.00447238,0.0163634,0.00144189,42.3624,225,0.05,9.05
Sn137,0.235988,0.00379234,0.216311,0.010575,0.0253844,0.00291576,40.0687,225,0.05,9.05
Sn138,0.160889,0.0102659,0.259635,0.0452578,0.00462847,0.00881194,37.3178,100,0.05,9.05
Ag130,0.0211899,0.000493031,1.89698e-08,0.746857,0.798685,0.0634385,79.6838,225,0.05,9.05
Ag131,0.0349135,0.00860865,1.49723e-07,0.731098,1,0.741058,47.1798,150,0.05,9.05
Cd129,0.113833,0.0211196,0.0145354,0.0870838,7.64632e-07,0.641921,39.2816,450,0.05,9.05
Cd130,0.0839386,nan,0.725911,nan,0.0479839,nan,10.9315,900,0.05,9.05
Cd131,0.165586,0.00280938,0.0682232,0.0111842,0.00381254,0.00776047,88.0254,450,0.05,9.05
Cd132,0.0666217,0.00768143,0.641339,0.153912,0.282152,0.146618,44.009,225,0.05,9.05
Cd133,0.0614263,0.032252,0.341736,0.394487,4.2401e-07,0.796286,57.4464,225,0.05,9.05
In131,0.333158,0.0321957,0.0255278,0.0345827,0.000165424,0.000169597,53.5713,450,0.05,9.05
In132,0.199109,0.042733,0.0647884,0.726504,0.00777562,0.891956,57.6895,450,0.05,9.05
In133,0.155102,0.00689452,0.895448,0.041654,6.87284e-13,0.00357472,30.2668,225,0.05,9.05
In134,0.129497,0.00629413,0.831469,0.0584136,0.124479,0.0252984,40.8753,225,0.05,9.05
In135,0.0612787,0.0106759,0.860656,0.128655,1.0799e-06,0.880304,45.8271,225,0.05,9.05
Sn134,1.5763,0.342326,0.112208,0.219679,0.00880084,0.992578,80.3633,150,0.05,9.05
Sn135,0.492418,0.112383,2.56977e-06,0.92849,0.00165121,0.917618,60.0414,150,0.05,9.05
Sn136,0.384414,0.0203574,0.211793,0.0189087,2.28212e-08,0.152512,60.4963,225,0.05,9.05
Sn137,0.201764,0.0160647,0.17394,0.0384053,3.25894e-07,0.0435955,59.745,225,0.05,9.05
Sn138,0.0887647,0.0287152,2.0854e-09,0.227935,3.52138e-08,0.776983,49.9184,100,0.05,9.05
Ag130,0.0211899,0.000493031,1.89698e-08,0.746857,0.798685,0.0634385,79.6838,225,0.05,9.05
Ag131,0.0349135,0.00860865,1.49723e-07,0.731098,1,0.741058,47.1798,150,0.05,9.05
Cd129,0.113833,0.0211196,0.0145354,0.0870838,7.64632e-07,0.641921,39.2816,450,0.05,9.05
Cd130,0.137492,0.00460833,0.03391,0.00785529,0.00359251,0.0038301,58.5739,225,0.05,9.05
Cd131,0.165586,0.00280938,0.0682232,0.0111842,0.00381254,0.00776047,88.0254,450,0.05,9.05
Cd132,0.0666217,0.00768143,0.641339,0.153912,0.282152,0.146618,44.009,225,0.05,9.05
Cd133,0.0614263,0.032252,0.341736,0.394487,4.2401e-07,0.796286,57.4464,225,0.05,9.05
In131,0.333158,0.0321957,0.0255278,0.0345827,0.000165424,0.000169597,53.5713,450,0.05,9.05
In132,0.199109,0.042733,0.0647884,0.726504,0.00777562,0.891956,57.6895,450,0.05,9.05
In133,0.155102,0.00689452,0.895448,0.041654,6.87284e-13,0.00357472,30.2668,225,0.05,9.05
In134,0.129497,0.00629413,0.831469,0.0584136,0.124479,0.0252984,40.8753,225,0.05,9.05
In135,0.0612787,0.0106759,0.860656,0.128655,1.0799e-06,0.880304,45.8271,225,0.05,9.05
Sn134,1.5763,0.342326,0.112208,0.219679,0.00880084,0.992578,80.3633,150,0.05,9.05
Sn135,0.492418,0.112383,2.56977e-06,0.92849,0.00165121,0.917618,60.0414,150,0.05,9.05
Sn136,0.384414,0.0203574,0.211793,0.0189087,2.28212e-08,0.152512,60.4963,225,0.05,9.05
Sn137,0.201764,0.0160647,0.17394,0.0384053,3.25894e-07,0.0435955,59.745,225,0.05,9.05
Sn138,0.0887647,0.0287152,2.0854e-09,0.227935,3.52138e-08,0.776983,49.9184,100,0.05,9.05
Ag130,0.0213116,0.000713715,6.00826e-08,0.996926,0.811133,0.0908937,79.9275,225,0.05,9.05
Ag131,0.0351123,0.00870254,1.36741e-09,0.706821,1,0.771728,46.9873,150,0.05,9.05
Cd129,0.113838,0.0212767,0.013958,0.0757811,6.20711e-09,0.630399,39.2766,450,0.05,9.05
Cd130,0.137477,0.00460827,0.0322171,0.00718032,0.0031545,0.00336525,58.5521,225,0.05,9.05
Cd131,0.165586,0.00262613,0.0639619,0.0104494,0.0034717,0.00676589,88.2444,450,0.05,9.05
Cd132,0.066598,0.00766946,0.634695,0.133787,0.249309,0.129358,43.8737,225,0.05,9.05
Cd133,0.0473293,nan,0.311648,nan,0.000228517,0.799667,59.3747,225,0.05,9.05
In131,0.333386,0.031587,0.00124648,nan,0.000368836,0.0542198,53.5952,450,0.05,9.05
In132,0.199125,0.0427406,0.0649711,nan,0.00134614,nan,57.6916,450,0.05,9.05
In133,0.154199,0.00682917,0.849747,0.0398858,3.15449e-09,0.00315739,29.9622,225,0.05,9.05
In134,0.128387,0.00624046,0.805292,0.0548461,0.111407,0.0225439,40.3877,225,0.05,9.05
In135,0.061041,0.0106591,0.816337,0.123322,4.80686e-07,0.801734,45.5558,225,0.05,9.05
Sn134,1.57189,0.340938,0.104749,0.195327,0.00999935,0.992709,79.972,150,0.05,9.05
Sn135,0.49253,0.112619,2.29445e-05,0.73971,0.00153193,0.953711,60.0527,150,0.05,9.05
Sn136,0.383754,0.0203187,0.198637,0.0177442,4.4363e-08,0.113707,60.3497,225,0.05,9.05
Sn137,0.201077,0.0160221,0.163221,0.0360926,8.84355e-08,0.0384594,59.5825,225,0.05,9.05
Sn138,0.0887424,0.0287696,2.85431e-09,0.212295,2.29321e-08,0.791299,49.9024,100,0.05,9.05
Cd130,0.142869,0.00706983,0.0269454,0.000511371,0.00997492,0.00146744,59.0949,225,0.05,9.05
Cd130,0.143818,0.00681907,0.0239476,0.00977883,0.00343843,0.00476354,59.1289,225,0.05,9.05
Cd130,0.143818,0.00681907,0.0239476,0.00977883,0.00343843,0.00476354,59.1289,225,0.05,9.05,343.115,1.87076
Cd130,0.143822,0.00681922,0.0239503,0.00978159,0.00343655,0.00476476,59.1281,225,0.05,9.05,343.115,1.87068
Cd130,0.139996,0.00577859,0.0354474,0.0106309,0.000507833,0.0118133,50.253,225,0.05,9.05,112.931,4.96254
Cd130,0.143822,0.00681922,0.0239503,0.00978159,0.00343655,0.00476476,59.1281,225,0.05,9.05,343.115,1.87068
Cd130,0.174135,0.0118066,0.0165532,0.0110208,0.00843951,0.00541239,66.9515,225,0.05,9.05,1612.24,0.37232
Cd130,0.197093,0.0165954,0.0100143,0.0137943,0.00908088,0.00641543,68.4992,225,0.05,9.05,3316.7,0.163599
In134sim,0.14014,0.00109546,0.832669,0.00846692,0.113655,0.00339775,inf,900,0.05,9.05,201.807,7.97222
In134sim,0.139272,0.00108884,0.818943,0.00818298,0.106933,0.00318368,inf,900,0.05,9.05,201.497,7.96836
In134sim,0.139272,0.00108884,0.818943,0.00818298,0.106933,0.00318368,inf,900,0.05,9.05,201.497,7.96836
Cd130,0.138227,0.00594627,0.0320811,0.00820471,5.58088e-05,0.101487,34.1022,225,0.05,9.05,40.1126,9.6024
