h2	4000	1	1	1
         0         0         0         0         0         0         0         0
         0         0         0         0         0         0         0         0
         0         0         0         0         0         0         0         0
         0         0         0         0         0         0        40        29
        19        14         9         9         7         9         3        11
         5         8         9         9         6        13         5        10
         5         5         6        10         7        11         6        10
        10         9         8         6         9         7         8        18
        20        25        35        58        54       110       159       300
       527       831      1276      1959      2576      3179      3629      3733
      3522      3137      2828      2590      2525      2858      3544      4241
      5058      5592      5724      5498      4898      4092      3076      2447
      1853      1447      1138      1007       904       865       912       930
       915       898       927       953       938       962       935      1002
      1011       987      1002      1054       989      1061      1037      1043
      1065      1103      1144      1104      1140      1140      1206      1191
      1170      1256      1345      1335      1398      1425      1464      1483
      1518      1512      1464      1460      1420      1508      1437      1517
      1400      1526      1425      1619      1520      1553      1576      1614
      1641      1653      1743      1770      1735      1730      1879      1875
      2005      2087      2153      2198      2326      2391      2490      2636
      2640      2690      2616      2582      2575      2535      2489      2382
      2357      2362      2311      2288      2235      2198      2060      2126
      2132      2132      2073      2033      2008      1987      1919      2025
      1934      1905      1860      1831      1880      1886      1859      1847
      1955      1849      1787      1805      1884      1785      1770      1792
      1843      1873      1803      1820      1803      1890      1785      1835
      1810      1774      1808      1887      1819      1867      1793      1858
      1866      1858      1706      1859      1828      1842      1901      1905
      1987      2130      2782      3565      5331      7884     11588     15587
     19320     21740     22328     20926     17735     13908      9889      6637
      4207      2848      2108      1693      1600      1493      1483      1536
      1450      1486      1443      1452      1457      1482      1440      1476
      1444      1459      1468      1506      1401      1431      1385      1311
      1437      1439      1345      1432      1463      1383      1418      1382
      1348      1435      1450      1401      1437      1455      1394      1434
      1426      1460      1469      1493      1457      1558      1606      1642
      1672      1576      1591      1550      1586      1613      1530      1641
      1571      1610      1671      1549      1587      1580      1520      1524
      1508      1544      1623      1503      1623      1612      1662      1605
      1615      1654      1646      1570      1523      1585      1528      1442
      1466      1452      1413      1486      1459      1475      1401      1399
      1391      1400      1424      1366      1338      1343      1411      1294
      1313      1313      1312      1354      1277      1373      1364      1320
      1312      1308      1297      1325      1285      1323      1295      1316
      1309      1265      1301      1251      1223      1168      1307      1255
      1279      1260      1238      1216      1241      1197      1165      1207
      1221      1185      1300      1283      1199      1241      1191      1217
      1289      1228      1190      1266      1216      1182      1184      1141
      1217      1134      1189      1097      1195      1070      1163      1140
      1092      1098      1109      1104      1059      1062      1108      1130
      1029      1048      1035      1066      1076      1062      1105      1076
      1086      1043      1109      1033      1102      1040      1054      1060
       976      1027      1034      1036      1044       977       977       986
      1041       975      1019      1057      1010       993      1038      1023
       980       988       990       974       974       954       982       946
       865       928       920       898       922       869       876       942
       895       849       892       873       896       877       874       887
       847       849       852       891       802       827       828       843
       771       849       872       818       824       868       797       878
       909      1124      1455      1827      2592      3144      3686      4131
      4143      3825      3270      2633      1981      1500      1140       965
       816       739       654       712       714       701       698       707
       708       674       656       652       700       621       671       643
       585       608       652       599       601       636       609       658
       605       646       610       539       555       594       627       553
       560       602       580       619       589       641       798       994
      1438      2084      3056      4114      5441      6132      6484      6018
      5432      4356      3142      2154      1511      1016       754       661
       550       541       572       534       524       547       536       541
       488       522       530       550       540       546       564       565
       567       587       559       505       514       507       557       514
       459       487       496       485       480       482       487       491
       539       490       531       640       575       592       614       622
       616       561       588       532       522       425       436       448
       448       422       456       454       444       427       413       478
       419       438       454       458       416       441       412       472
       422       480       408       427       422       456       433       431
       392       396       459       411       434       441       419       409
       400       405       391       395       367       434       398       382
       369       395       370       390       396       446       377       435
       394       449       400       379       399       405       405       416
       378       440       416       421       397       392       414       403
       394       351       398       413       398       376       430       395
       391       385       382       423       424       444       545       765
      1155      1976      3168      4672      6360      7978      9308      9434
      8947      7622      5934      4102      2623      1567       897       558
       425       387       323       314       285       333       298       312
       334       296       338       325       282       286       322       293
       297       278       315       315       272       327       284       315
       271       301       302       290       312       341       308       319
       394       376       451       498       544       554       546       564
       516       473       439       377       290       314       308       302
       282       278       285       280       310       284       268       255
       305       273       312       289       265       265       301       278
       293       285       279       284       278       306       274       313
       315       251       305       310       322       269       288       302
       281       291       291       280       253       280       264       267
       264       269       282       236       247       284       268       252
       287       272       275       275       274       287       247       292
       276       268       279       264       304       246       270       270
       295       272       265       246       255       305       354       391
       433       564       673       800       840       920       838       745
       629       543       400       363       309       321       318       284
       312       274       254       255       277       262       292       247
       263       234       267       260       243       277       229       204
       247       273       264       306       244       258       260       250
       237       237       268       261       253       254       228       245
       260       225       255       240       247       273       284       271
       272       265       242       251       253       250       262       317
       341       441       526       722       830       998       984      1022
      1008       900       701       546       445       332       271       240
       284       265       251       288       245       256       243       226
       236       247       221       263       236       239       248       238
       221       259       243       211       234       257       226       231
       241       246       233       237       229       237       261       261
       259       230       227       241       252       271       258       245
       251       279       231       243       225       275       259       241
       252       268       241       246       267       242       226       234
       261       254       258       249       235       279       268       226
       234       240       246       244       267       230       246       287
       292       248       287       278       286       284       318       339
       360       356       307       320       294       266       248       241
       254       218       254       233       246       241       240       232
       250       244       258       246       250       223       276       244
       228       241       260       271       285       273       249       273
       266       258       260       270       265       258       252       232
       227       265       282       241       280       290       246       292
       255       254       243       252       275       247       255       256
       225       271       231       238       266       273       285       249
       256       255       239       274       247       259       252       232
       263       240       259       219       248       251       237       237
       233       255       237       235       268       252       202       263
       267       265       229       236       272       288       264       211
       250       248       243       253       213       270       239       241
       241       226       250       268       236       233       223       239
       268       235       253       287       240       239       207       260
       256       259       252       255       225       258       267       237
       253       250       285       261       255       260       258       248
       253       276       272       244       227       233       284       271
       272       258       309       321       339       338       404       366
       385       346       336       337       314       288       279       267
       264       268       276       250       229       272       234       263
       269       272       253       247       250       257       254       257
       261       264       252       274       273       276       251       244
       243       255       234       219       252       293       300       281
       288       360       329       299       315       286       305       246
       242       225       245       248       239       233       235       218
       226       237       218       196       207       219       218       206
       256       230       219       223       209       229       207       199
       206       250       224       202       199       190       236       201
       225       219       217       219       242       201       238       219
       235       235       197       232       210       238       222       207
       247       253       242       226       208       210       247       235
       219       200       217       218       221       213       221       208
       233       211       216       194       215       207       196       219
       232       207       223       227       213       202       205       214
       207       216       227       178       226       207       205       203
       195       171       202       204       220       223       235       205
       197       215       209       221       198       209       206       176
       228       211       198       216       227       221       204       202
       216       182       231       207       202       204       220       212
       204       194       223       217       240       195       223       211
       205       216       211       204       211       247       229       248
       244       231       233       213       197       218       200       196
       201       206       219       218       202       211       209       212
       190       180       202       193       215       194       230       204
       215       185       210       188       221       204       210       223
       227       242       225       250       245       247       252       264
       264       287       308       303       266       243       276       232
       213       213       185       179       194       216       208       208
       213       239       239       245       300       326       345       357
       339       315       304       241       278       222       210       208
       219       178       209       179       198       184       201       209
       174       189       217       211       201       205       191       210
       195       181       218       204       201       210       178       195
       203       197       189       199       185       195       177       213
       193       206       220       183       189       208       220       201
       221       225       232       222       202       186       215       199
       205       246       231       247       229       275       241       251
       243       252       224       227       220       203       198       221
       202       221       208       194       187       203       179       223
       182       227       187       215       208       231       208       219
       216       212       213       211       204       224       226       214
       190       195       221       202       214       211       222       233
       218       214       192       201       216       205       203       216
       201       224       210       226       194       198       217       194
       208       208       210       235       228       220       187       227
       203       228       212       197       210       227       228       228
       240       188       213       219       196       197       235       200
       195       206       195       223       235       246       235       204
       229       240       195       223       205       189       198       220
       173       203       213       190       198       172       176       202
       165       209       190       212       288       419       573       890
      1190      1604      1982      2234      2244      2116      1749      1432
      1139       756       477       366       235       214       182       158
       182       182       189       164       155       171       182       159
       162       175       158       178       195       180       144       178
       183       171       200       184       183       165       159       185
       200       193       190       154       188       170       183       202
       186       155       158       188       180       173       167       174
       190       173       190       166       184       189       194       186
       184       196       205       220       231       218       227       176
       203       170       166       168       169       192       182       177
       177       182       186       169       186       178       174       170
       168       181       161       182       166       187       178       168
       151       184       183       161       167       189       170       189
       166       186       171       181       215       167       162       165
       190       169       173       178       136       150       180       167
       170       188       191       154       176       199       183       183
       191       226       193       188       175       169       173       189
       172       170       190       166       180       181       185       165
       189       161       200       158       168       168       193       181
       177       196       186       173       182       165       176       177
       194       170       169       179       173       186       195       202
       187       168       189       180       218       213       220       250
       333       411       542       612       709       778       740       674
       637       496       367       323       252       236       187       183
       189       191       169       168       169       166       191       171
       195       179       181       169       166       164       153       170
       171       160       162       161       146       136       145       156
       164       161       151       149       124       141       167       154
       163       184       161       154       178       156       161       162
       179       146       174       165       158       161       171       188
       175       142       153       172       154       148       161       142
       157       155       136       165       169       145       156       133
       161       137       145       130       158       165       120       146
       112       139       139       135       118       138       147       117
       134       147       134       113       136       126       116       135
       127       124       163       187       181       192       185       178
       182       142       150       143       130       129       121       116
       168       147       137       150       154       155       171       142
       124       121       134       141       108       100       106       123
       127       121       116       105       119       119       110       134
       134       100       117       115       112       118       104       104
       105       104       104       121       100       109       112       116
       103        94       110       119       103       124        98       103
        92       109       107       123       126       102       104       109
       109       105       109       127       104       107       110       130
       121       131       114       111       125       127       157       221
       309       480       736      1134      1442      1767      2067      2025
      1880      1688      1301       947       671       399       276       171
       145       120       110       105       103        83       109       108
       100        99        63        88        94       105        87        92
        92        94        93        88        89        76       105        92
        82        81        92        88        86        92        94        71
        95        87        89       100        92        74        94       110
        85        81        97        74        94        94        97        90
        90        86        71        72        87        84        81        86
        81        94        80        78        75        95        84        85
       103       108       106       125       139       158       158       159
       182       203       205       173       175       121       125       102
        78        96        94        88        72        94        84        88
        84        75        73        80        66        75        67        77
        62        93        58        64        78        60        71        84
        74        76        80        53        62        67        82        84
        76        74        82        57        67        76        73        66
        79        52        87        74        77        64        73        70
        79        69        78        84        76        69        76        76
        70        69        75        63        80        71        78        82
        62        67        83        68        80        76        67        71
        73        76        82        68        74        71        73        73
        83        79        75        74        88        69        84        70
        57        63        72        94        75        73        88        58
        83        78        82        66        83        84        84        70
        74        75        69        81        75        78        74        77
        79        79        66        85        77        86        79        80
        71        75        76        77        80        64        59        86
        64        74        70        81        74        93        95        88
        81        66        84        94        83        82        86        74
        91        90       120       156       228       316       507       711
       968      1096      1297      1362      1314      1067       987       797
       587       504       372       343       278       256       205       177
       126       108        90        80        83        87        72        83
        74        79        60        59        53        85        68        78
        62        77        70        73        89        64        75        63
        72        75        82        85        88       122       119       146
       222       317       460       774      1050      1282      1542      1717
      1655      1480      1327      1010       690       478       298       184
       111       108        85        89        75        85        90        85
        75        96        85        80        96       102        95        79
       100        90        88       105       113        85        85        98
        80        74        81        89        78        70        70        75
        81        90        71        74        79        91        68        67
        86        83        85        68        62        90        79        68
        75        66        66        94        77        88        81        80
        75        80        90        83        66        92        95        87
        92        88        79        93        86       100       102        92
       103        98        82        72        99        92        69        98
        76        89        85       106        94        89        89       100
        83       107        84        79        81        93        88        84
        81        83        90        72        95        95        74        90
        59        97       110        81        99        97        75        88
        80       123        81        96        98        78        96        90
        90        87        91        69        81        88        86        86
        80        74       100        94        81        82        84        81
        95        72        86       101        97       100        97        85
        84        61        62        72       109        60        75        68
        74        72        72        53        60        57        45        67
        58        59        65        47        56        53        50        65
        44        62        49        69        52        62        60        46
        47        46        53        57        53        50        65        60
        66        72        64        93        82       108       125       185
       197       196       212       170       148       165       112        87
        82        56        54        55        47        43        63        53
        46        41        39        49        64        49        53        48
        49        47        49        55        32        48        54        47
        47        54        38        39        56        51        50        36
        47        47        54        64        56        55        56        51
        39        42        41        45        45        38        40        40
        37        47        38        44        39        43        50        37
        42        45        45        40        39        44        34        52
        52        50        65        80        57        65        48        39
        47        44        36        48        46        40        41        35
        44        29        38        36        23        41        35        43
        44        33        35        29        35        41        38        40
        29        34        38        31        30        23        25        25
        35        35        33        35        31        30        30        36
        43        51        40        48        65        56        58        45
        51        32        31        26        24        31        24        24
        26        29        24        25        23        21        31        27
        25        19        23        38        26        30        21        25
        28        22        32        22        32        30        21        21
        42        27        26        27        34        32        34        43
        37        76       111       144       166       183       178       183
       166       122       110        77        50        32        26        26
        24        14        17        17        11        14        10        18
        23        25        17        19        17        10        19        22
        18        16        13         9        14        12        20        12
        12        10        11        17        10         7        14        21
        15        14        15        12        15        14        14        16
        13        15        12        14        15        12         8         5
        11        11        19        12         8         9        14         7
        10        13        12        11        17        16        13        14
         5         9        11         9         4         6        13        10
        10         9        14        14        13        18        10        13
        14        10        16        14        14        13         4         9
         7         6         7        10        15        12         7         9
         9        14         7        10         7         7        10        10
        10        12         8         5        14        11         7         8
        11        11        12         5         6        10        11        10
        19        13        10         4         6         9         8         8
         5         9        10        14        13         9         9         8
         6         8         5        13        10        13         4         7
         7        10        11        10        11        15         6         6
        11         6         8        11         6        11        10        10
         5         8         6        11         9         9         3         9
         8         6        13        14         8         4         6         7
         8         4        12         7         7         8         8         8
        10         8         7         8        12        12         9         9
        14        11        10         9        11        35        44        94
       191       312       506       804      1152      1485      1702      1973
      1977      1801      1516      1171       815       573       342       177
        97        50        22         8         5         1         9         5
         1         4         3         2         5         2         2         4
         4         3         6         4         0         3         1         2
         4         2         2         3         7         0         1         1
         3         5         2         2         7         3         3         3
         6         5         4         4         5         5         5         5
         8         2         3         6         8         7         3         4
         4         6         3         1         1        10        12         6
        13        12        17        18        25        23        25        31
        39        37        22        25        10        10         6        10
         8         9        13        12        17        19        24        23
        36        46        33        48        69        45        49        33
        46        33        27        29        16         9         6         5
         6         4         4         4         1         1         4         0
         3         3         2         2         2         0         3         2
         2         3         1         0         3         5         4         0
         4         2         2         0         2         4         5         5
         3         1         1         3         4         0         4         1
         2         6         1         3         4         3         4         3
         1         3         4         5         2         1         1         4
         2         3         3         1         1         4         5         5
         3         2         2         3         6         4         3         2
         0         1         6         2         0         1         2         3
         1         3         0         3         1         0         2         4
         3         0         3         1         0         1         3         3
         3         2         5         1         1         2         3         1
         1         0         3         1         6         0         1         0
         3         3         1         6         1         4         4         2
         2         2        10        15        15        21        38        26
        32        35        40        39        35        12        17         9
         5         6         2         3         0         0         1         2
         0         1         0         4         0         2         1         0
         1         1         3         2         1         2         1         2
         0         2         1         1         4         1         2         0
         1         1         0         3         0         1         1         0
         0         0         0         2         0         1         1         1
         1         0         2         3         0         1         2         0
         0         1         0         1         3         1         0         0
         1         2         0         1         3         1         4         2
         2         0         1         2         2         4         0         1
         1         0         4         0         1         0         0         1
         0         2         1         5         1         5         0         0
         1         1         1         1         4         3         0         2
         1         1         1         1         1         1         1         1
         2         2         4         1         1         0         6         2
         2         2         1         1         2         1         2         0
         1         1         2         0         0         2         1         3
         4         0         2         1         2         0         2         0
         3         1         2         1         5         0         0         3
         1         2         1         2         3         1         1         2
         2         0         1         0         1         1         1         2
         1         1         2         1         1         0         2         1
         1         1         0         3         1         1         5         0
         2         2         1         2         1         1         2         0
         0         0         1         2         0         2         1         2
         1         0         1         2         3         1         1         0
         0         1         1         1         0         0         0         1
         1         0         1         0         1         3         3         2
         5         2         3         4         3         1         2         2
         0         2         2         0         0         1         0         1
         1         0         2         0         0         1         0         0
         3         0         0         1         0         3         1         0
         1         0         0         0         3         1         1         1
         2         0         0         2         1         1         1         2
         0         1         0         0         1         2         2         2
         2         1         2         1         1         1         2         0
         0         1         1         2         0         2         1         0
         1         1         1         0         1         1         3         0
         0         0         0         3         1         3         2         0
         0         1         0         0         0         1         2         1
         0         0         1         1         0         2         0         1
         3         0         0         1         0         0         0         1
         0         2         0         0         0         1         0         1
         2         1         0         3         0         1         0         3
         0         0         1         1         0         1         0         0
         1         0         1         0         0         2         0         1
         1         1         2         1         1         2         0         0
         1         1         0         1         1         0         0         0
         0         1         0         1         0         0         1         1
         0         3         0         2         0         1         2         1
         3         2         1         2         0         2         4         0
         0         1         0         2         0         1         0         1
         0         0         1         1         1         1         0         3
         1         1         0         2         2         0         0         1
         0         0         2         0         1         0         1         2
         0         2         0         0         0         1         0         0
         0         0         1         3         1         1         0         4
         1         2         0         0         1         0         2         1
         2         2         4         5         4         6         6         6
         8         2         7         3         2         3         1         0
         0         0         0         2         1         1         0         2
         0         0         0         0         0         0         0         0
         1         0         1         0         1         0         2         0
         1         1         1         0         0         0         0         0
         0         1         0         0         0         0         1         1
         0         2         0         1         1         0         0         0
         0         1         1         0         3         0         1         0
         0         1         0         0         1         0         1         0
         0         0         0         1         0         0         0         0
         1         1         3         0         0         0         0         0
         0         2         2         0         0         0         2         1
         0         2         0         0         0         0         0         0
         0         0         1         1         2         0         0         0
         0         0         0         1         0         1         1         0
         0         1         0         0         1         0         2         1
         1         1         0         0         0         0         0         0
         0         0         0         0         1         0         2         0
         1         1         2         1         2         0         0         1
         0         1         0         2         1         0         1         1
         1         1         1         1         1         2         0         1
         0         0         0         1         0         0         1         1
         0         0         2         0         0         2         1         1
         1         1         0         0         0         1         0         0
         0         0         0         1         0         2         1         1
         1         0         0         1         0         1         1         0
         0         0         0         0         0         0         1         1
         0         1         0         0         0         1         1         1
         0         0         0         0         1         1         0         0
         0         0         1         0         0         0         0         1
         0         1         0         1         0         0         2         0
         0         0         0         1         1         0         1         1
         1         0         2         1         1         1         1         1
         0         0         1         1         0         2         0         0
         0         0         1         1         1         0         3         0
         0         2         0         0         1         0         0         3
         0         0         1         1         0         0         0         0
         0         0         0         0         0         0         1         1
         1         0         0         1         0         0         3         0
         0         2         2         0         1         0         1         1
         0         0         0         0         2         0         0         0
         0         0         0         0         2         0         0         0
         0         0         0         0         0         1         1         2
         3         1         0         1         0         1         0         0
         0         0         0         1         0         0         0         0
         0         0         0         1         1         1         0         1
         0         1         0         0         0         0         1         1
         0         1         0         0         0         2         0         0
         1         0         0         1         0         1         0         0
         0         1         0         1         1         1         0         2
         0         0         0         1         1         0         2         0
         0         1         0         0         0         0         0         0
         1         0         2         0         1         0         0         1
         1         0         1         0         0         0         2         1
         1         2         1         1         0         0         0         0
         0         0         1         1         0         0         0         1
         0         1         0         0         1         0         0         0
         2         0         0         0         0         1         1         0

