h6	4000	1	1	1
         0         0         0         0         0         0         0         0
         0         0         0         0         0         0         0         0
         0         0         0         0         0         0         0         0
         0         0         0         0         0         0      2441      2470
      2404      2364      2354      2286      2310      2247      2208      2220
      2233      2182      2218      2207      2216      2388      2366      2369
      2308      2219      2121      2081      2024      2062      2108      2240
      2337      2540      2868      2857      2827      2615      2629      2642
      2749      3176      3804      4721      5480      6261      6293      6225
      6241      6900      9201     15093     25921     39095     47598     44998
     32948     18806      9309      4988      3663      3777      4794      7258
     10435     13034     12626     10153      7186      4515      2754      1919
      1538      1349      1253      1225      1163      1141      1075      1157
      1095      1097      1093      1142      1191      1125      1103      1127
      1205      1194      1141      1158      1154      1180      1129      1182
      1221      1248      1269      1277      1151      1227      1256      1287
      1299      1328      1411      1510      1488      1514      1527      1619
      1625      1541      1468      1494      1390      1379      1433      1400
      1469      1519      1583      1471      1561      1471      1623      1551
      1597      1620      1686      1695      1773      1706      1747      1781
      1862      1886      1926      2106      2183      2418      2503      2526
      2609      2590      2506      2433      2431      2359      2332      2236
      2164      2053      2088      2089      2031      2061      1937      1951
      1873      1932      1885      1857      1824      1839      1776      1757
      1878      1740      1781      1732      1775      1741      1658      1674
      1725      1660      1692      1720      1727      1662      1646      1645
      1695      1694      1695      1754      1713      1726      1751      1759
      1784      1682      1747      1769      1780      1761      1784      1770
      1779      1768      1811      1763      1771      1735      1770      1788
      1823      1789      1661      1920      2043      2567      4342      9394
     17570     27102     30271     25843     16566      8172      3827      1908
      1511      1319      1318      1373      1364      1363      1322      1351
      1375      1319      1302      1340      1356      1307      1369      1311
      1292      1336      1282      1263      1315      1317      1294      1239
      1304      1270      1341      1328      1258      1255      1310      1292
      1283      1350      1259      1274      1206      1245      1256      1251
      1281      1308      1347      1369      1380      1379      1505      1432
      1447      1505      1505      1409      1414      1462      1342      1405
      1454      1481      1445      1404      1455      1370      1459      1331
      1397      1386      1334      1320      1363      1323      1433      1445
      1450      1506      1454      1476      1294      1355      1421      1319
      1286      1253      1274      1327      1332      1273      1258      1294
      1195      1208      1242      1241      1251      1213      1260      1203
      1195      1158      1120      1192      1143      1100      1218      1154
      1155      1122      1175      1139      1101      1164      1100      1124
      1127      1139      1122      1126      1120      1165      1041      1134
      1068      1176      1145      1150      1094      1031      1111      1089
      1081      1072      1142      1163      1089      1066      1045      1066
      1049      1067      1112      1046      1050      1042      1079      1093
      1019      1025      1028      1016      1028       974       930       978
       948      1013       945      1023       927       948       925       985
       926       949       996       981       950       961      1022       958
       946      1044       997       990       882       975       952       980
       987       920       893       945       901       906       889       938
       935       882       874       885       870       845       865       818
       857       906       878       885       815       830       795       810
       888       862       879       843       844       770       798       793
       834       769       803       779       732       746       743       768
       797       762       799       745       749       713       686       735
       725       757       766       742       723       658       631       701
       693       704       820      1113      1759      3147      4561      5364
      4968      3558      1992      1194       805       674       620       587
       558       626       583       608       605       653       630       620
       600       517       547       567       600       538       587       531
       565       558       552       551       543       541       545       530
       551       503       499       521       516       518       532       496
       518       504       522       520       534       534       512       498
       490       576       549       537       548       573       523       507
       503       469       460       495       531       471       503       496
       495       456       476       467       505       486       465       428
       432       446       498       494       496       495       497       459
       482       478       440       431       424       449       408       434
       487       475       445       445       452       474       430       412
       458       415       464       492       602       628       596       565
       526       423       398       416       376       387       409       402
       378       404       381       407       410       391       386       379
       391       355       417       370       391       375       380       353
       418       390       383       356       397       402       405       391
       404       353       404       347       400       367       404       378
       350       363       381       358       325       372       330       323
       368       350       315       314       379       384       405       386
       367       344       376       320       337       349       364       401
       380       398       352       380       338       351       314       305
       324       356       318       300       353       288       325       299
       358       300       337       321       325       363       343       350
       480       836      1788      3818      7329     11069     12362     10921
      7148      3604      1571       640       361       296       266       283
       276       304       269       255       299       300       303       314
       274       262       274       263       275       260       298       245
       275       265       233       246       262       249       243       266
       255       245       249       282       264       268       239       268
       289       343       399       481       584       640       578       480
       350       299       274       258       235       246       228       253
       228       249       244       245       216       233       221       268
       250       272       258       266       233       225       256       248
       254       238       256       276       247       228       261       233
       234       293       254       256       259       245       241       239
       227       238       224       232       262       263       240       206
       239       232       227       237       225       215       246       256
       243       253       256       252       261       241       222       215
       226       225       235       239       239       236       223       217
       233       220       223       226       241       252       235       262
       351       503       772      1042      1082       932       681       426
       325       247       239       274       275       282       250       257
       227       210       240       214       213       214       218       225
       226       223       208       222       224       205       241       234
       209       233       210       202       202       193       228       225
       217       216       216       222       223       186       207       241
       243       211       223       230       223       211       227       203
       222       214       227       231       215       234       238       232
       235       286       414       725      1006      1255      1208      1007
       640       424       246       220       244       219       222       222
       202       226       222       207       237       200       208       209
       233       215       212       236       219       199       207       236
       207       208       215       221       229       226       211       215
       212       211       206       195       211       211       200       196
       212       218       210       201       216       213       221       212
       218       224       186       205       208       216       204       225
       212       191       260       223       224       194       192       215
       229       190       226       206       217       203       236       221
       200       206       218       239       219       232       216       208
       217       189       205       201       214       253       309       319
       324       335       294       252       211       214       219       208
       208       207       225       213       212       193       226       187
       221       208       219       209       186       206       200       223
       208       197       238       212       217       253       276       234
       246       222       201       242       182       183       196       190
       206       212       210       194       250       224       220       225
       230       220       233       203       222       212       204       208
       187       209       194       199       196       217       210       205
       235       229       200       214       201       228       201       214
       193       202       242       232       198       201       202       220
       204       205       213       215       217       224       223       242
       228       189       198       208       222       225       221       191
       202       211       208       240       199       215       199       213
       215       208       231       178       225       190       212       212
       208       215       216       228       193       204       207       207
       225       205       223       222       207       230       230       204
       213       218       212       213       230       243       199       219
       228       222       206       214       192       232       188       225
       203       212       207       215       220       214       270       293
       332       355       352       328       291       283       251       239
       231       246       196       225       225       213       244       211
       241       232       225       212       203       236       215       211
       211       231       202       203       216       201       247       223
       224       216       217       210       214       212       226       208
       243       210       230       246       278       307       353       333
       288       215       223       205       201       167       178       195
       195       196       199       186       190       204       205       215
       197       226       185       197       231       163       199       209
       172       181       198       167       201       183       165       203
       186       189       199       191       187       173       197       166
       190       181       214       212       204       190       171       225
       203       194       190       172       209       176       194       192
       202       189       177       210       206       170       191       161
       158       179       180       198       188       161       172       165
       183       178       166       162       180       165       172       189
       214       184       187       162       163       189       169       187
       180       156       171       189       205       177       184       198
       163       180       155       160       185       180       195       191
       190       168       176       175       167       178       203       180
       184       180       180       210       173       176       197       178
       198       165       178       186       182       163       172       177
       184       193       200       200       166       199       161       181
       200       191       221       232       222       184       187       171
       195       199       180       177       204       186       186       185
       176       186       175       195       175       146       173       172
       170       192       164       160       188       198       215       193
       173       185       194       197       195       217       181       227
       226       194       227       244       200       245       271       277
       267       221       192       181       189       177       160       170
       170       190       173       171       174       180       197       215
       254       302       360       359       289       278       217       174
       181       165       165       158       184       169       156       166
       163       155       179       186       166       176       180       178
       183       172       161       190       185       175       178       176
       180       165       157       179       145       182       171       175
       141       165       182       156       171       183       152       179
       194       179       216       193       190       191       203       190
       165       187       159       197       189       218       220       238
       240       225       229       175       191       165       164       186
       218       194       207       208       173       154       171       179
       164       192       177       223       197       177       190       174
       190       191       173       151       196       194       170       183
       172       190       200       170       166       168       181       187
       173       177       169       210       190       189       170       164
       172       181       179       179       158       178       198       176
       173       156       168       174       181       192       188       195
       181       170       174       180       194       169       222       211
       174       192       172       206       173       184       151       153
       156       178       148       166       171       181       178       184
       184       176       218       192       187       168       198       163
       173       185       182       171       177       173       163       157
       148       133       164       139       169       150       194       169
       208       275       439       800      1274      2016      2574      2764
      2307      1567       949       472       261       180       161       151
       166       121       179       163       144       138       133       156
       147       146       142       137       152       141       160       150
       149       148       135       168       131       136       166       162
       142       152       147       149       177       142       165       158
       130       156       141       142       121       149       150       122
       148       135       136       154       149       156       143       132
       141       163       138       171       184       188       185       219
       197       178       153       152       131       151       150       140
       129       161       166       161       157       156       139       155
       130       117       150       183       141       149       159       143
       154       138       139       148       139       145       148       156
       169       158       144       174       133       164       152       167
       141       144       156       151       122       148       158       152
       138       146       169       144       141       140       135       164
       171       148       140       176       191       172       163       166
       151       135       158       156       151       151       140       140
       129       155       156       149       149       134       135       155
       145       150       144       171       150       151       138       157
       144       165       137       141       152       147       147       151
       172       161       160       169       138       158       172       155
       165       171       211       257       355       524       757       794
       894       757       548       321       218       166       153       168
       151       156       167       183       143       169       172       150
       144       122       165       159       143       140       137       135
       147       108       119       141       102       130       135       155
       116       136       141       133       142       132       119       113
       155       145       133       131       115       136       128       123
       124       128       132       138       138       137       125       146
       143       119       162       122       146       149       142       117
       148       132       151       110       143       137       143       124
       112       123        99       109       139       128       115       108
       112       110       119       132       109        95       113       133
       123       118       108       100       113       112        94        93
       111       117        98       118       137       140       135       195
       168       160       123       105       119       100        95        80
       113       121       118       140       162       175       139       143
       116       108       112       112        91       109       119       114
        96       104       110        97        81        89       103        96
        77        98       100        96        99        77        94        97
       115        92       114        89        90        95       103        83
        85        91        92        85        87        92        92        82
        90        78        95        87        82        98        83        95
        82        83       100        82        88        91        88        90
        76       109        94        80       113        86        91        92
       103       134       152       230       460       750      1275      1857
      2320      2411      2061      1484       795       406       201       115
        87        80        76        83        97        87        71        84
        86        74        74        77        83        93        68        72
        68        76        84        75        70        89        63        67
        81        73        68        78        62        92        67        72
        72        69        55        79        65        63        71        76
        79        86        74        74        90        66        74        81
        69        85        67        60        62        76        72        73
        82        90        65        97        70        62        69        70
        61        66        67        85        89        75       105       109
       150       156       196       186       152       142       120        77
        74        79        61        80        77        61        70        67
        58        58        64        50        72        70        65        70
        69        62        60        65        66        67        73        70
        72        57        53        74        63        59        60        75
        61        48        54        61        70        63        58        59
        65        58        68        62        58        53        70        74
        58        62        75        52        63        57        63        71
        64        69        51        59        69        58        56        73
        58        59        81        57        76        66        65        54
        63        62        55        79        61        72        71        63
        70        61        65        56        50        74        62        61
        72        54        59        54        63        71        64        58
        60        66        77        64        58        53        63        59
        56        76        52        71        70        68        67        68
        73        68        72        70        57        74        67        69
        61        61        64        60        68        70        76        58
        72        53        61        73        68        52        69        59
        66        56        65        79        60        74        56        80
        70        67        66        71        64       118       155       269
       427       712      1047      1471      1556      1352      1024       650
       439       325       279       299       325       294       225       153
        94        85        69        60        52        90        54        67
        65        52        60        57        73        68        66        67
        60        64        55        61        57        54        62        74
        58        69        75        70        62        67        73        95
        97       133       184       267       476       757      1222      1660
      1965      1927      1573       947       574       271       135        91
        72        53        52        49        62        58        73        64
        75        61        88        68        61        71        93        89
        78        83        76        93        69        69        69        88
        53        61        64        68        62        77        74        69
        55        74        47        64        79        76        71        76
        62        78        63        62        62        67        58        59
        57        74        64        68        79        74        73        61
        64        72        65        81        66        66        73        71
        71        86        68        70        89        67        98        97
        86        92        70        76        81        68        73        67
        77        71        85        75        76        71        68        76
        62        75        75        66        69        52        67        73
        61        59        64        82        70        62        79        83
        76        60        90        58        72        75        71        78
        83        75        80        76        71        65        65        74
        81        56        67        63        66        61        73        70
        77        89        69        59        73        72        74        75
        66        59        62        63        71        59        82        62
        64        68        60        56        61        83        56        59
        58        49        44        61        52        45        47        52
        53        48        52        48        43        40        45        47
        47        44        56        51        54        41        45        33
        42        49        54        51        47        39        46        37
        45        33        41        59        54        63        99       145
       181       207       219       192       160        94        83        53
        52        56        46        46        40        34        41        56
        36        46        53        41        41        40        45        38
        44        44        41        30        51        41        44        31
        24        38        40        42        42        35        33        39
        46        56        53        57        39        46        36        30
        38        33        36        47        41        43        37        34
        35        31        30        44        34        45        42        31
        39        37        23        40        36        39        46        45
        34        43        46        68        56        58        42        42
        48        31        36        35        32        34        29        33
        31        34        31        36        27        23        23        37
        26        25        39        32        30        34        28        24
        25        24        30        33        29        25        24        29
        19        20        18        25        29        20        17        37
        28        36        41        40        50        64        40        43
        33        32        21        29        24        24        24        15
        17        18        18        25        25        15        27        23
        18        20        24        18        20        23        16        18
        23        14        20        19        15        28        18        26
        26        40        26        27        28        17        29        28
        39        39        60       106       149       212       232       195
       130        97        53        34        20        14        22        20
        18        15        17        13        21        18         8        16
         6         9        17         9        12        14        14        15
        12         9        14        10        16        17        13        10
        16         8        12        10        12         9        14         9
        10        12        13        11        14         9        12         5
         7        10        13        14        13        10        12        11
        10         8         9         7        11        10        10         9
         4         9         3        14        13        12         7         8
        10        11         6        14         7         8         9        10
        11        12        10        12         4         9        12        10
         7         7         8         8        13        16         9         7
        17        14        12        11         4         9         6         6
        10        10         7        10         7         6         5         8
         7         9         2         7        12         6         9         6
         4         7         8        13         5         5        10        15
        12         7        14         8         3         8         5         7
        11         8         3        10         6         6         8        11
         7         6         5        12        10         5         5         4
         9         5         3         3         6        12        13         5
        12         3         3         3         4        11         3         4
         7         4         5         9         7         2         2         6
         6        17         6        11         7         5         9        10
         8         6         6         4         3         2         8         8
         9        10         7        11        10        14         9        14
        11        19         6        13        12        29        48        61
        97       170       342       593      1038      1518      1968      2351
      2168      1686      1129       577       282       101        33        19
         4         4         2         2         2         6         0         3
         3         2         5         0         6         3         1         0
         2         1         0         3         2         4         2         2
         5         1         3         2         1         1         2         1
         5         3         0         1         2         5         5         4
         2         3         3         4         4         3         0         0
         1         3         0         5         2         2         6         5
         4         5         2         1         6         3         5         4
         5         8        15        11        11        23        22        21
        22        19         9         5         4         7         5         5
         9         7         7         9        12        16        17        25
        36        50        56        54        53        32        31        20
        33        44        31        29        11         4         6         1
         3         0         3         2         2         2         3         2
         2         0         2         0         3         3         1         0
         2         2         2         5         1         2         1         0
         1         1         1         2         0         2         2         0
         0         0         1         1         1         4         1         2
         0         2         0         1         4         3         7         5
         2         1         0         1         2         3         3         0
         3         1         0         3         3         2         1         4
         4         2         6         4         0         2         3         1
         2         4         5         2         3         3         0         2
         3         1         2         2         4         1         6         5
         3         2         3         1         5         4         1         2
         2         0         1         2         4         2         3         0
         4         0         1         2         3         1         5         2
         1         0         2         2         3         1         2         1
         6         1        10         7        11        15        36        38
        40        45        32        21        18        14         4         4
         5         2         3         2         2         0         1         3
         1         1         2         0         0         3         1         0
         5         2         1         1         2         1         0         2
         1         0         1         1         1         2         1         0
         1         1         2         2         0         0         0         2
         1         1         1         1         0         1         1         3
         3         3         1         0         0         3         1         1
         0         1         5         2         1         1         0         0
         1         1         1         2         1         1         2         1
         1         2         2         1         0         0         1         1
         2         1         3         1         3         1         1         1
         3         1         0         2         1         2         2         2
         1         1         0         5         3         1         0         1
         1         0         1         0         0         0         2         1
         3         1         2         1         1         1         2         5
         3         2         1         0         2         1         1         1
         3         2         1         2         1         2         1         1
         4         0         1         0         1         1         3         0
         3         1         2         2         2         2         1         3
         0         2         3         0         1         1         0         3
         1         2         0         1         0         1         2         3
         2         0         1         0         0         2         2         1
         0         1         0         0         0         1         0         2
         0         2         0         1         0         1         1         2
         4         1         1         2         2         1         4         0
         1         1         1         1         1         0         2         0
         2         0         1         1         1         0         0         1
         2         1         2         1         4         2         4         1
         2         0         1         0         2         0         0         4
         2         1         1         2         2         0         1         0
         0         3         2         0         0         0         0         1
         3         0         1         1         1         0         2         2
         1         2         3         0         1         2         2         0
         1         0         1         0         1         0         2         1
         0         2         1         0         1         1         0         2
         1         0         2         0         1         1         0         1
         1         0         2         0         1         0         0         2
         1         0         0         1         0         2         0         0
         0         0         0         3         0         1         3         2
         2         1         2         0         0         1         1         1
         0         0         0         0         1         0         2         0
         1         1         2         1         0         1         0         2
         0         0         1         0         0         1         2         1
         0         0         1         2         0         0         0         2
         0         0         1         0         2         3         1         2
         0         0         0         0         1         1         0         1
         0         0         0         1         0         1         1         2
         0         0         2         2         2         0         3         0
         2         1         0         0         2         2         1         1
         1         0         3         3         3         2         2         0
         0         0         0         1         1         2         3         1
         1         0         1         2         1         2         1         2
         0         0         0         0         1         1         1         2
         0         0         0         1         1         0         1         2
         1         0         0         0         1         2         0         1
         1         0         0         1         1         0         0         0
         0         0         0         0         1         1         1         3
         0         2         1         2         1         5        10         8
         4         8         5         3         4         2         3         4
         3         3         1         4         0         2         2         0
         0         0         0         0         0         0         1         0
         0         1         0         0         1         0         1         2
         1         1         1         1         1         0         0         0
         0         1         1         1         1         0         1         0
         1         0         1         0         0         0         0         0
         0         1         1         1         2         1         1         2
         0         0         1         0         0         0         0         0
         2         0         1         0         1         0         0         0
         2         1         0         0         0         1         0         0
         0         0         1         0         0         0         0         2
         0         0         0         1         1         1         1         0
         1         2         0         0         3         2         1         0
         0         0         0         1         0         0         0         1
         3         0         1         0         0         1         1         0
         0         0         1         2         1         0         0         1
         1         0         1         1         1         0         1         0
         1         0         2         1         1         1         0         0
         1         0         2         2         0         1         1         1
         1         0         1         1         1         2         0         2
         1         0         0         1         1         1         2         0
         1         0         0         1         2         1         2         0
         0         0         0         1         0         0         0         0
         0         1         0         1         1         0         0         2
         1         2         1         0         1         2         3         1
         1         0         1         0         2         0         0         0
         0         1         2         0         0         1         2         1
         1         1         0         2         2         0         3         0
         1         1         0         1         0         2         3         4
         0         0         1         1         1         2         3         0
         0         1         1         2         0         1         0         0
         0         0         0         1         0         0         0         1
         0         0         3         0         0         1         0         0
         0         1         1         1         0         0         2         0
         1         1         0         0         0         1         0         2
         0         0         0         1         1         1         0         0
         0         0         1         1         1         0         0         0
         1         1         1         1         1         0         0         0
         1         0         0         1         0         1         1         0
         1         0         1         0         0         0         0         2
         0         0         0         0         0         0         1         0
         0         0         0         1         0         0         1         1
         0         1         1         1         0         0         0         0
         0         1         0         1         0         1         1         1
         1         4         0         1         0         0         1         0
         0         0         1         3         1         0         0         0
         2         0         0         2         1         0         1         0
         0         1         0         1         0         1         1         1
         0         0         2         0         1         0         0         2
         0         0         1         0         1         2         0         0
         0         1         1         0         3         0         1         1
         1         0         1         1         0         0         1         0
         0         1         0         0         0         0         0         0
         0         0         0         0         0         0         1         1
         0         1         1         0         0         0         0         0
         0         1         0         0         1         0         1         3
         1         0         1         1         0         0         0         0
         1         0         1         0         1         0         0         0

