h5	4000	1	1	1
         0         0         0         0         0         0         0         0
         0         0         0         0         0         0         0         0
         0         0         0         0         0         0         0         0
         0         0         0         0         0         0       353       381
       461       560       616       654       662       683       789       787
       735       748       777       811       866       990      1051      1140
      1060      1043      1003       986      1065      1162      1171      1389
      1587      1908      1923      1895      1694      1579      1592      1686
      1902      2313      3038      3667      4361      4636      4812      4933
      5317      6629     10883     18826     29717     37644     36693     27715
     16194      7985      3960      2779      2850      3455      5306      8147
     10120     10079      8249      5622      3388      1990      1325      1030
       884       828       836       781       738       771       740       770
       781       740       724       755       812       821       793       801
       802       823       906       816       861       842       880       870
       921       899       969       925       941       979       982      1014
      1028      1044      1124      1193      1237      1270      1324      1408
      1377      1223      1121      1134      1197      1151      1175      1180
      1271      1190      1224      1289      1281      1286      1264      1351
      1276      1337      1381      1438      1400      1438      1436      1439
      1526      1577      1707      1797      1862      1928      1964      2018
      1912      1955      1923      1895      1846      1809      1807      1788
      1828      1663      1726      1772      1650      1636      1605      1569
      1650      1524      1607      1546      1545      1612      1467      1515
      1570      1469      1539      1530      1466      1435      1500      1504
      1437      1479      1475      1478      1517      1432      1453      1478
      1497      1479      1397      1413      1394      1508      1459      1476
      1420      1487      1444      1425      1492      1490      1472      1507
      1540      1500      1483      1502      1444      1441      1495      1437
      1403      1529      1533      1739      2679      5411     11099     19467
     24867     24612     17762      9843      4512      2160      1375      1198
      1153      1208      1174      1128      1155      1137      1157      1193
      1184      1164      1212      1155      1181      1148      1114      1159
      1096      1160      1112      1140      1142      1111      1162      1124
      1157      1142      1162      1183      1132      1146      1121      1127
      1181      1058      1155      1113      1111      1209      1114      1107
      1149      1196      1170      1230      1231      1229      1256      1316
      1265      1267      1229      1249      1261      1240      1250      1262
      1244      1301      1215      1197      1226      1202      1192      1204
      1170      1195      1191      1184      1200      1215      1278      1274
      1282      1188      1202      1223      1121      1134      1109      1146
      1108      1215      1096      1125      1167      1064      1087      1020
      1104      1110      1076      1028      1096       988      1070      1019
      1041      1002      1097       971      1023      1066       993      1039
      1011      1012       985       945      1023       995      1043      1020
       930      1007       999       963       987       940      1057      1013
       983       941       951       947      1015       970       939       997
       985      1026       927      1006       934       953       999       920
       931       979       912       951       898       849       911       919
       877       835       855       859       845       872       881       878
       870       841       864       789       872       815       858       877
       835       855       843       898       814       870       863       824
       824       836       817       823       842       856       841       797
       829       781       801       802       801       841       828       778
       775       783       783       734       762       780       729       742
       735       730       784       768       692       728       714       794
       729       734       723       699       704       679       731       689
       712       710       662       667       659       671       666       640
       646       662       666       638       612       696       656       646
       700       623       610       620       636       630       634       770
      1067      1881      3188      4148      4590      3812      2634      1388
       847       623       600       530       588       552       562       556
       539       543       558       564       560       565       518       541
       484       520       531       492       537       478       504       448
       498       526       510       515       474       477       498       460
       481       479       486       454       453       486       440       451
       449       419       486       485       510       463       472       477
       477       495       518       461       438       468       442       448
       461       477       459       448       433       415       422       428
       436       428       407       382       428       428       425       426
       407       461       471       434       462       459       413       430
       395       397       411       378       395       392       382       407
       387       348       379       394       391       360       384       484
       491       597       532       505       478       380       405       383
       364       394       372       365       351       356       388       374
       354       401       372       373       320       365       351       331
       366       360       347       352       346       317       320       359
       354       362       337       336       347       319       373       376
       362       323       332       307       353       301       346       349
       324       354       344       295       310       311       295       354
       331       310       350       353       375       356       307       320
       308       311       317       333       360       375       318       330
       339       300       291       266       291       331       294       322
       314       309       293       289       289       296       328       287
       325       365       302       326       421       661      1273      3060
      5977      9183     10538      9553      6218      3194      1336       594
       308       261       299       257       236       252       247       240
       254       261       291       296       235       261       256       204
       223       258       237       260       250       238       265       253
       228       234       245       240       228       257       246       226
       240       237       249       266       260       290       379       450
       550       564       465       351       293       219       248       242
       226       268       222       236       227       247       217       220
       253       209       194       235       229       216       214       232
       241       227       220       229       235       224       202       217
       227       221       244       254       240       208       238       231
       215       250       215       239       205       211       225       221
       203       225       199       204       227       220       216       210
       227       205       193       200       220       199       229       202
       239       208       192       203       224       222       216       228
       207       204       197       207       207       220       194       230
       188       216       272       338       454       686       872       876
       786       591       349       263       232       213       229       228
       217       246       233       210       206       194       199       170
       218       218       207       209       226       195       202       193
       179       176       200       213       199       196       180       197
       193       193       201       187       180       209       191       203
       205       191       220       188       206       206       199       202
       221       179       201       186       180       196       183       204
       197       194       223       239       318       445       702       986
      1131       987       747       492       312       237       194       185
       184       190       210       180       200       192       164       190
       188       171       196       178       195       200       193       165
       216       181       199       183       201       177       190       189
       195       210       198       194       173       191       187       202
       179       186       179       201       167       189       188       190
       169       177       197       198       219       173       193       188
       180       178       172       173       182       163       186       186
       175       195       168       195       164       179       200       180
       176       191       179       225       212       192       196       202
       185       183       199       196       188       196       206       219
       254       259       296       298       260       255       227       222
       175       176       186       185       179       197       197       191
       178       181       192       198       217       182       197       162
       184       165       190       179       187       185       234       226
       202       225       233       210       175       192       214       185
       173       177       178       198       207       210       197       232
       193       217       214       219       188       175       198       176
       189       172       175       164       188       192       196       185
       200       169       204       208       202       183       166       185
       209       175       181       175       189       181       186       181
       187       181       166       182       192       216       202       213
       203       185       186       178       189       209       178       207
       199       181       155       180       195       185       180       183
       186       189       176       201       183       195       183       175
       182       184       200       189       182       165       168       179
       196       199       199       171       184       178       194       184
       213       195       190       171       195       221       199       176
       224       213       206       195       201       163       181       185
       189       196       191       209       174       202       230       231
       284       294       308       283       254       233       219       236
       212       190       181       195       200       193       207       187
       177       164       186       213       199       186       171       224
       182       186       178       187       202       185       206       200
       171       199       203       178       198       171       187       184
       198       203       200       202       249       262       292       236
       250       226       193       174       184       182       175       173
       210       198       180       208       190       170       153       186
       199       172       199       191       167       183       154       183
       190       173       157       149       157       150       168       169
       160       159       190       144       149       176       170       162
       160       157       166       160       184       183       187       139
       155       153       171       177       174       177       186       153
       165       130       193       155       159       170       172       170
       173       181       150       143       167       168       153       169
       185       179       151       164       166       162       151       169
       170       171       158       146       164       175       175       193
       154       150       162       147       155       159       154       141
       143       147       153       177       157       170       168       151
       148       167       160       174       153       171       161       161
       159       156       154       149       183       172       180       156
       154       154       161       152       184       164       167       158
       158       150       179       150       151       172       149       157
       185       196       200       167       183       151       146       168
       158       153       160       165       172       170       153       148
       135       172       146       174       156       162       169       138
       141       143       142       155       144       160       147       168
       168       152       148       171       218       187       193       171
       157       161       174       209       207       231       239       220
       186       166       160       140       147       145       156       145
       180       160       154       173       143       168       202       236
       297       324       330       251       226       153       170       156
       152       164       176       158       149       134       146       181
       166       129       126       142       165       144       157       172
       163       174       160       130       182       153       141       163
       150       142       119       143       165       143       155       140
       129       144       153       153       134       115       176       179
       152       165       183       171       150       164       160       163
       179       139       150       167       197       202       229       224
       183       183       172       152       150       194       175       196
       145       187       153       171       128       157       170       144
       151       132       162       140       143       145       158       171
       149       136       140       146       163       156       158       162
       171       160       158       149       165       174       139       132
       151       149       159       136       166       162       160       157
       141       163       163       155       158       154       172       144
       152       171       166       157       120       147       153       142
       167       162       166       176       134       175       153       158
       139       176       172       142       148       151       161       180
       154       156       161       156       140       159       167       181
       179       169       176       154       177       125       149       144
       160       157       138       145       133       141       165       151
       141       152       115       146       140       149       190       241
       474       868      1455      2065      2349      2212      1541       890
       472       268       138       146       117       132       135       149
       133       117       119       107       120       120       146       145
       128       116       111       135       132       128       142       138
       129       137       132       131       106       107       126       132
       130       129       133       141       115       116       134       121
       153       125       102       118       133       128       145       141
       112       125       146       118       153       113       131       126
       150       160       180       205       176       141       157       133
       132       115       136       103       121       114       134       135
       123       128       157       128       128       121       112       140
       131       129       122       135       124       131       122       121
       127       116       135       140       126       139       119       123
       119       121       113       116       126        97       111       114
       104       126       126       126       123       121       123       112
       132       123       121       134       107       137       136       134
       173       159       141       137       133       117       135       120
       126       140       135       155       146       104       147       114
       122       127       131       112       119       124       144       137
       104       111       124       129       119       118       142       105
       131        96       137       133       139       122       132       142
       148       132       128       143       130       135       151       157
       265       394       583       727       750       651       463       335
       179       125       138       117       121       165       140       131
       139       126       125       129       119       145       136       144
       128       124       122       109        98       135       115       114
       112       136        83       128        94       105       145       106
       109       119       104       110       117       126       107       117
       122       111       115        94       110       118       110       120
       108        97       119       104       134       111       121       113
       113       108       120        92       102       116       119       146
       120       116        98        96       105       108       102        88
        92       112        96        84       101        97        86       107
       107       101       104       104        91        96       114        96
       114        94       102        98       107        87       102       101
       112       152       128       140       156       116       107       108
        97        91        94       100       100       101       118       120
       120       137       121        96        92        78        87        90
        88        93        86        86        86        79        84        99
        70       105        77        98        89        87        95        95
        80        92        86        79        81        80        81        72
        79        88        68        90        80        86        80        83
        86        75        59        86        73        87        90        73
        84        80        94        84        64       107        79        79
        84        84        73        75        73        77        73        76
        78        74        86        79        86        92       154       290
       542      1057      1619      2018      2087      1757      1078       616
       322       149        85        75        84        81        72        73
        59        66        69        72        74        84        76        64
        74        61        79        65        72        74        79        59
        60        83        60        68        65        74        65        53
        68        70        72        64        63        65        50        65
        64        74        55        68        64        73        64        61
        69        67        52        68        74        57        60        62
        64        66        69        64        86        65        55        67
        64        72        52        68        63        52        64        65
        85        72       103       143       173       141       147       139
        96        80        68        53        64        69        72        47
        67        55        56        50        52        63        42        56
        47        52        54        57        53        63        49        63
        52        62        56        56        49        55        62        57
        60        51        63        58        56        52        53        57
        55        66        55        45        44        60        62        58
        50        64        64        60        67        70        64        57
        45        51        53        61        64        45        53        55
        60        52        37        55        66        48        46        53
        50        51        45        59        48        63        56        61
        58        60        57        54        61        53        67        59
        74        60        59        51        50        54        56        63
        57        55        65        56        48        54        47        51
        62        50        61        66        63        70        38        64
        62        57        46        62        58        44        69        50
        60        67        54        53        64        73        63        58
        73        55        55        60        52        64        57        59
        59        61        50        46        57        59        57        59
        72        63        67        70        85        62        57        81
       141       216       424       730      1054      1260      1297      1023
       639       374       258       225       245       305       248       247
       135        76        75        60        55        44        69        56
        55        48        56        41        58        55        55        42
        60        57        55        61        48        60        57        64
        52        55        64        59        57        56        57        67
        74        76        86       131       178       298       561       883
      1276      1750      1718      1409       952       537       234       121
        80        53        57        53        57        45        62        55
        69        82        63        62        56        71        61        77
        77        60        71        62        42        62        61        59
        52        58        61        55        58        64        53        58
        62        69        70        52        72        55        49        68
        49        44        51        37        65        73        57        60
        43        48        53        54        64        48        63        65
        49        58        56        60        72        66        60        64
        55        58        70        57        63        69        81        70
        68        76        65        69        78        66        81        60
        79        76        63        73        45        69        58        57
        62        55        55        53        59        50        60        51
        70        65        68        68        64        56        60        71
        61        67        66        61        67        59        66        58
        51        59        67        63        65        79        56        66
        60        74        67        58        73        56        59        69
        55        52        60        59        55        51        69        60
        69        70        59        61        64        54        54        61
        59        52        56        63        70        55        47        66
        41        51        47        60        40        33        50        42
        45        41        52        44        38        47        36        41
        41        36        37        42        30        39        42        41
        29        46        35        29        39        39        37        45
        42        41        40        33        52        38        77        98
       155       180       219       159       131        89        70        39
        42        44        34        30        34        29        39        36
        34        37        31        39        30        35        35        45
        33        35        29        39        29        35        40        28
        38        30        35        29        25        30        39        36
        32        40        30        28        43        23        37        27
        30        31        29        42        30        32        26        39
        33        35        41        34        33        22        36        30
        21        29        31        36        27        34        35        29
        34        45        38        45        46        57        34        35
        29        33        29        28        28        33        26        33
        22        21        37        24        20        37        28        27
        30        38        32        26        29        32        30        25
        14        29        21        28        21        19        21        21
        24        28        29        24        23        23        35        32
        33        29        29        45        42        50        38        27
        25        18        13        26        23        22        32        17
        22        19        24        20        16        17        21        17
        19        25        25        18        15        24        20        18
        15        17        15        15        24        20        23        21
        28        34        19        26        15        18        23        16
        36        48        80       127       178       162       153       114
        84        45        25        18        12        10        16        15
        13        14        12        11        16        14        19        12
        10        17        18        12        13        11        15         9
         7        16        10        15        18         8        12        10
        13         7         9        17         8         7        12        13
        15         9         8        10         4        10         5         9
        10         4         7         5        16         9        11         4
         3         9         7        13        10         6        11        11
         7         8         9         9         8         5         5         8
         5        11         5         8        17         4        11         8
        10         6         6         5        12         7         7         8
         7        10         9        13         6        11         6        10
         9        10         5         5         4         7         7        11
        14         4        10        12         3         9         2         6
         6        16         9        14         4         2         6        15
         3        12         9         6        11        14         5         8
         6         7         4         7        10         7         6        10
         7         5         9        11         7        11         7         5
         8         9         8         6         7         4         6         8
        12        10        10        10        10         6         3         8
         6         3         7         7         8         6         8        11
         6         4         8         4         9         4        10         8
         7         7        10         5         7         5         3         4
         5        11         7         4         8         9        14         7
         9        10         7        13        10         7        12        16
        16        10        34        21        29        35        74       106
       236       507       904      1463      1812      2023      1698      1306
       742       345       139        48        17         5         3         1
         2         1         2         3         1         1         5         4
         4         4         2         3         1         3         2         2
         2         2         2         1         2         2         0         3
         5         3         4         1         1         1         1         6
         0         1         2         1         4         1         1         1
         4         2         5         2         4         2         2         2
         0         3         3         1         2         2         3         1
         6         1         7         3         4         4         3         6
         3        13        17        17        19        11        15        12
         6         2         5         3         2         6         9        13
         3         6         3        12        17        29        62        40
        57        38        36        26        33        30        34        27
        21        13         7         2         3         0         1         1
         0         1         2         0         2         1         1         0
         1         1         1         1         1         2         2         0
         2         1         3         4         2         2         1         0
         1         3         2         1         2         1         1         2
         2         2         3         3         1         2         6         3
         2         7         0         4         3         1         2         1
         1         1         4         4         3         2         1         3
         2         2         1         1         0         2         1         2
         1         1         5         4         2         2         3         2
         2         2         1         2         1         1         1         0
         0         2         2         2         3         2         3         4
         0         1         0         2         1         2         6         3
         2         1         1         3         4         4         3         1
         2         3         1         0         1         2         1         4
         3         5         5         2         2         3         3        10
        17        19        22        27        32        29        26        21
        17         9         7         2         2         1         1         1
         2         0         1         1         3         1         1         2
         1         1         3         2         0         2         1         0
         3         1         2         2         1         2         1         1
         0         0         2         1         3         1         0         0
         0         0         2         2         1         1         1         1
         0         0         1         0         0         1         3         0
         1         1         0         1         1         0         1         1
         0         2         1         1         0         0         1         0
         2         1         4         0         2         1         0         1
         1         2         1         2         0         1         0         2
         1         1         1         3         0         0         0         0
         2         0         4         3         0         1         1         0
         0         0         0         0         0         0         0         0
         0         4         0         1         2         1         2         2
         0         1         4         3         2         4         2         2
         0         3         3         1         3         0         2         1
         1         1         0         0         1         1         1         1
         0         2         1         3         1         2         1         3
         1         1         4         1         2         0         0         2
         0         0         2         1         0         0         2         0
         2         0         1         1         3         0         0         1
         0         0         0         1         2         1         0         1
         1         1         0         0         0         1         0         1
         1         1         0         0         2         0         3         1
         2         0         0         1         1         0         1         0
         1         0         0         2         2         1         1         1
         1         1         2         0         1         1         1         1
         2         1         3         2         0         0         3         1
         1         1         0         0         1         2         0         1
         1         1         1         1         2         1         0         2
         1         0         2         2         0         4         1         0
         2         1         0         2         0         4         0         0
         1         1         0         2         0         0         1         0
         1         0         0         1         0         0         0         0
         0         1         1         1         1         0         2         0
         1         0         0         1         0         0         0         1
         0         0         2         0         1         0         1         1
         1         0         2         0         0         1         1         1
         0         0         2         2         2         1         2         2
         1         0         0         0         1         2         1         0
         1         0         1         0         0         0         1         0
         2         2         0         0         1         2         0         1
         0         0         0         0         1         1         1         0
         1         2         0         0         0         0         0         1
         0         0         3         0         2         0         2         4
         0         0         1         1         2         0         1         1
         0         2         0         2         0         0         1         0
         1         0         1         1         2         1         3         1
         0         4         4         0         1         1         1         1
         0         0         3         1         1         2         1         1
         1         1         2         1         0         2         0         0
         0         0         0         0         1         0         0         0
         0         0         1         0         2         0         0         0
         1         0         1         0         0         0         0         1
         0         1         0         1         1         0         1         1
         1         1         0         1         4         0         1         0
         2         1         1         2         0         5         4        13
         8        10         7         4         3         2         1         0
         1         2         0         2         1         1         0         0
         1         0         2         0         1         0         3         0
         0         0         1         1         0         1         2         0
         1         1         3         2         0         2         0         0
         1         0         2         1         1         0         1         1
         1         1         0         0         0         0         2         0
         0         2         0         2         1         0         2         1
         2         0         1         1         0         0         0         0
         0         0         0         1         1         0         1         0
         0         0         0         0         1         0         0         0
         1         1         0         1         2         0         0         0
         0         1         2         1         0         0         1         1
         2         0         1         1         0         1         1         0
         0         1         1         0         0         2         1         2
         1         0         0         1         0         2         1         0
         0         1         0         0         0         1         0         0
         0         0         1         1         0         0         0         1
         0         0         0         0         1         1         1         2
         0         0         1         0         1         2         0         0
         0         0         1         0         1         1         1         1
         0         1         1         0         0         3         2         1
         1         0         1         1         1         1         0         0
         0         0         0         0         0         1         0         1
         1         0         2         1         0         0         0         0
         0         1         0         0         1         1         0         0
         0         1         1         0         2         0         0         0
         1         0         0         0         0         3         0         1
         0         0         1         1         0         1         1         1
         0         2         0         1         2         0         1         1
         1         1         0         2         0         1         0         0
         0         0         1         0         0         0         0         1
         0         1         1         0         1         0         0         2
         0         1         0         2         0         3         0         0
         0         1         1         0         0         0         0         0
         0         2         0         2         1         0         0         0
         1         0         1         0         0         0         1         0
         0         2         0         0         0         0         0         0
         1         0         0         0         0         1         0         1
         0         2         2         0         0         0         0         0
         0         0         0         1         0         0         0         1
         0         0         0         1         0         0         1         0
         1         0         1         0         0         0         0         1
         0         0         2         0         0         0         0         0
         0         0         3         0         1         0         0         0
         1         2         1         0         0         0         1         0
         2         1         1         1         0         0         1         0
         2         0         0         1         1         0         0         0
         0         0         0         0         0         0         0         1
         0         2         2         1         0         0         1         1
         0         1         0         1         1         0         1         1
         0         0         0         3         1         0         0         2
         0         1         0         0         0         0         1         0
         1         0         0         0         0         0         0         0
         0         0         1         0         1         0         0         0
         1         2         1         0         0         0         0         0
         1         0         0         3         2         0         0         0
         1         0         1         0         0         0         1         0
         0         1         0         0         0         0         0         0
         2         1         0         0         0         0         0         0
         0         1         1         0         0         1         0         1
         0         0         0         0         0         2         0         0

