h3	4000	1	1	1
         0         0         0         0         0         0         0         0
         0         0         0         0         0         0         0         0
         0         0         0         0         0         0         0         0
         0         0         0         0         0         0        11        24
        23        20        33        31        38        39        60        83
       106       127       184       200       226       292       363       393
       508       508       561       665       728       810       961      1058
      1241      1445      1566      1688      1817      1796      1895      2119
      2125      2707      2938      3582      3800      4551      4904      5534
      6508      8205     10797     14425     18856     23173     27027     28344
     27041     24348     20023     15143     10829      7934      6872      6598
      7193      7771      8203      8014      7359      6266      4923      3688
      2573      1980      1424      1173       992       884       868       909
       836       865       862       852       920       854       870       898
       887       895       877       914       922       950       927       981
       949       985      1067       999      1005       997      1033      1031
      1013      1101      1120      1168      1217      1229      1343      1285
      1287      1365      1292      1367      1233      1304      1272      1241
      1242      1250      1283      1345      1311      1393      1406      1415
      1330      1519      1440      1537      1597      1594      1573      1622
      1714      1738      1867      1950      1960      2084      2322      2240
      2335      2336      2400      2425      2347      2256      2231      2078
      2125      2002      2056      1964      1921      1906      1908      1895
      1845      1838      1767      1827      1785      1730      1665      1693
      1663      1706      1627      1666      1640      1600      1589      1556
      1595      1615      1681      1626      1606      1600      1664      1672
      1569      1722      1674      1625      1620      1689      1669      1610
      1647      1627      1717      1691      1624      1721      1869      1689
      1783      1715      1722      1703      1730      1759      1702      1769
      1795      1872      2003      2243      3012      4262      6383      9235
     12942     16013     18158     18917     17683     15463     11875      8413
      5612      3568      2276      1693      1447      1349      1277      1324
      1348      1338      1276      1306      1358      1298      1368      1275
      1297      1310      1270      1314      1265      1264      1379      1337
      1331      1312      1313      1336      1252      1283      1329      1261
      1273      1306      1337      1250      1286      1320      1356      1293
      1331      1336      1299      1361      1338      1471      1439      1444
      1540      1455      1474      1500      1506      1418      1518      1441
      1522      1414      1441      1425      1499      1399      1413      1365
      1397      1386      1444      1423      1413      1366      1345      1457
      1443      1447      1463      1439      1413      1341      1376      1329
      1287      1283      1315      1369      1274      1273      1288      1310
      1216      1203      1255      1291      1159      1192      1229      1199
      1177      1196      1219      1243      1161      1165      1158      1143
      1067      1181      1189      1191      1166      1165      1167      1120
      1114      1110      1124      1143      1087      1153      1123      1114
      1048      1124      1136      1034      1129      1166      1143      1111
      1182      1094      1041      1125      1092      1087      1124      1131
      1113      1077      1147      1086      1047      1030      1090      1127
      1071      1078      1094      1040      1022      1055       955       995
      1034      1017       977      1043       994       935      1006       984
       994       968       981       983      1022       980       992       991
       926       971       933      1006      1021       954       908       966
       984       931       952       918       965       965       909       953
       946       968       901       920       897       914       954       886
       899       879       915       846       923       830       829       847
       898       851       854       839       822       816       843       838
       809       817       764       734       812       804       839       804
       800       790       741       755       775       779       773       747
       738       682       764       737       747       747       755       700
       891      1003      1290      1730      2290      2816      3368      3733
      3730      3183      2804      2173      1711      1264       943       768
       682       661       688       766       884      1231      1831      2783
      3804      5139      6091      6629      6583      5950      4699      3457
      2381      1501      1005       774       639       587       535       586
       555       546       571       541       557       528       546       502
       564       526       596       527       536       568       556       576
       496       560       513       533       518       547       540       495
       535       569       535       517       509       510       538       538
       535       553       475       518       510       486       494       473
       458       507       488       457       542       508       520       483
       530       497       473       483       474       467       473       462
       451       424       455       477       487       469       438       459
       503       479       545       522       551       563       550       566
       500       531       444       409       439       424       410       461
       430       399       391       424       415       402       410       387
       410       394       384       415       411       367       421       391
       406       381       393       380       418       391       386       363
       420       395       399       403       421       408       415       425
       390       360       371       376       376       377       372       387
       362       352       364       356       381       395       402       409
       404       371       386       390       401       369       393       396
       396       405       365       390       427       384       404       361
       387       366       367       366       356       373       329       361
       373       381       350       350       370       367       426       584
       864      1543      2332      3750      5439      6797      8001      8307
      7971      6862      5287      3691      2496      1491       842       514
       428       285       319       272       308       264       303       311
       318       299       303       280       266       278       302       270
       283       296       292       263       256       261       285       262
       292       287       322       248       268       272       292       260
       299       327       351       417       410       480       533       531
       502       502       446       367       341       294       283       284
       269       276       268       255       273       268       256       303
       244       241       266       295       269       293       232       241
       262       258       246       234       260       271       264       268
       278       268       294       292       292       254       238       242
       272       258       247       224       262       252       231       267
       252       217       236       289       216       265       245       263
       261       258       245       254       260       265       226       239
       254       240       273       223       253       248       235       247
       238       274       248       267       248       282       287       323
       359       471       554       660       756       791       781       744
       688       528       414       392       337       263       264       266
       267       225       264       243       255       234       242       234
       227       223       233       225       271       230       239       242
       243       271       212       244       225       226       254       224
       205       245       244       229       227       224       243       231
       227       230       241       234       230       266       267       230
       239       231       196       224       226       228       237       263
       288       347       464       572       708       840       906      1039
       970       858       668       586       410       308       268       287
       219       245       247       237       231       268       204       227
       230       210       231       239       236       227       232       225
       245       210       221       209       216       213       243       225
       222       252       219       237       234       222       229       201
       224       218       225       211       274       224       251       219
       242       248       201       203       214       247       222       230
       239       227       216       221       228       235       213       221
       220       196       201       226       243       217       189       239
       247       251       224       223       228       246       232       217
       225       226       243       276       285       292       318       308
       297       331       315       264       247       255       249       220
       244       237       268       259       234       255       222       242
       216       246       231       227       245       185       232       212
       224       242       223       271       252       258       232       276
       262       249       220       222       221       220       225       226
       244       241       251       239       240       248       242       241
       220       218       210       237       211       239       202       226
       248       206       238       230       255       216       246       236
       231       206       229       210       227       232       211       233
       201       223       215       226       214       248       230       213
       241       212       218       227       213       224       223       198
       241       239       241       238       240       219       228       219
       229       250       249       260       217       265       239       231
       222       218       226       239       225       244       241       204
       211       231       239       243       234       249       238       229
       202       237       260       220       216       215       236       216
       197       230       243       202       244       225       212       229
       226       235       225       231       248       234       259       272
       231       276       314       279       297       321       345       331
       349       281       271       264       301       281       253       246
       238       230       251       267       249       218       233       219
       244       248       225       231       228       241       234       232
       227       251       274       210       247       234       218       233
       231       253       219       227       254       253       269       270
       297       274       290       309       316       261       233       261
       243       226       217       212       217       199       220       206
       223       264       194       219       221       191       212       226
       195       216       216       212       200       220       198       213
       181       200       183       185       221       197       203       200
       195       198       196       199       195       184       215       206
       200       212       209       191       200       173       191       192
       206       176       192       212       238       210       202       224
       177       223       208       203       193       181       177       219
       183       184       201       210       225       206       192       194
       197       216       221       209       194       183       189       199
       197       186       190       193       184       191       202       191
       210       172       196       185       197       204       205       200
       175       200       197       189       210       217       213       178
       194       193       190       206       180       202       173       207
       177       182       193       183       181       170       211       199
       182       206       195       208       183       187       194       180
       209       200       183       233       200       207       211       203
       212       195       197       174       186       188       178       218
       187       171       180       182       211       189       189       210
       205       206       170       198       193       202       201       180
       182       198       191       216       201       177       206       207
       193       223       212       218       229       234       250       261
       245       286       242       241       242       206       198       165
       167       173       190       189       178       187       176       214
       256       216       258       265       317       328       335       296
       287       265       220       198       174       179       185       187
       167       199       194       171       175       162       202       169
       181       195       177       174       187       182       170       183
       198       216       209       160       182       211       182       188
       169       181       200       194       203       161       206       169
       173       194       168       192       205       218       224       210
       212       197       175       180       203       216       207       218
       196       248       236       265       244       239       231       218
       195       216       196       205       199       221       205       180
       202       210       200       167       197       202       199       182
       209       174       181       206       178       166       172       180
       200       193       196       179       176       178       174       219
       176       227       195       181       198       166       177       176
       208       201       200       200       178       153       212       188
       198       204       205       175       192       183       210       203
       203       151       218       189       187       192       214       171
       196       193       210       236       203       178       206       231
       185       200       188       201       182       180       166       170
       190       193       205       176       237       194       177       202
       184       182       204       169       152       188       195       172
       177       184       157       188       164       160       181       173
       199       231       308       409       704       915      1351      1716
      1935      2086      1988      1763      1360      1097       684       483
       316       226       197       166       183       160       161       159
       164       154       163       155       166       157       137       147
       173       150       161       172       165       147       165       173
       156       141       145       138       131       163       159       156
       143       152       165       141       116       149       146       150
       158       153       151       157       146       142       138       161
       157       173       162       161       186       192       201       195
       204       247       200       167       167       181       179       151
       149       190       151       164       153       156       164       159
       146       143       145       154       131       142       127       155
       134       172       148       149       161       152       134       137
       154       163       154       169       137       142       170       159
       148       160       165       140       140       165       162       163
       159       146       164       150       141       159       168       160
       157       148       169       153       198       177       175       182
       199       160       155       167       147       169       169       131
       148       156       184       158       118       158       155       142
       174       171       151       183       159       167       136       151
       166       159       179       172       158       167       162       158
       170       150       150       147       149       144       136       169
       188       160       187       223       273       343       458       595
       650       714       675       688       519       496       362       288
       247       198       168       184       164       173       167       164
       168       152       149       179       144       145       148       160
       161       177       133       157       143       152       148       163
       163       155       139       150       136       134       155       125
       142       148       149       131       135       118       147       142
       151       137       139       163       126       138       123       130
       127       145       141       136       133       142       143       149
       137       152       139       159       168       142       148       140
       128       150       123       100       139       127       138       127
       122       134       123       139       112       115       106       117
       123       110       124       129       125       108       113       114
       123       112       115        98       132       116       128       162
       150       163       169       169       150       125       138       128
       109        91       104       124       147       133       124       143
       139       132       131       117       143       122       113       127
       105        91       115       119        99       116       107       102
       105        81       105        95       118        96        82       116
       122        96       112        90       120        93       105       108
       100        94       112        91        92        90        84        97
        86       106        80        93        90        74        94        94
        89        81       102        93        96        85       122        96
        88       104       106        90        89        83        98        96
       116       118       134       186       269       489       718       960
      1309      1639      1857      1915      1752      1443      1112       830
       520       323       222       133       119        92        87       100
        75        86        90        73        91        98        97        92
        94        78        80        84        75        88        86        86
        85        69        79        72        83        88        88        89
        79        73        78        85        83        96        77        79
        87        81        84        91        75        79        79        82
        77        69        76        67        69        80        84        98
        81        79        92        91        89        81        76        85
        76        81        73        67        79        88        97       119
       106       123       140       168       179       164       175       154
       122       107        93        75        83        80        77        65
        69        97        75        65        66        60        67        63
        62        62        71        84        64        67        73        57
        63        65        68        60        63        82        68        53
        74        65        67        66        70        66        63        59
        57        65        55        61        52        57        60        62
        66        64        55        72        66        62        55        55
        74        58        62        73        71        75        61        74
        75        73        60        62        49        58        68        56
        79        50        80        76        58        69        73        73
        78        62        71        82        58        82        69        69
        74        78        88        67        76        67        54        76
        64        75        68        77        68        56        73        68
        61        82        62        64        58        72        73        68
        61        72        75        64        60        59        92        76
        76        78        66        79        62        77        62        71
        61        73        66        54        77        68        60        63
        81        80        63        83        72        55        66        66
        64        68        69        62        76        68       120       174
       312       460       572       908      1056      1164      1261      1140
       994       845       651       489       434       308       295       255
       204       167       157       107        88        60        71        65
        59        82        71        68        72        67        71        72
        66        45        61        82        69        50        67        66
        56        72        56        66        53        67        73        71
        65        90       100       166       243       348       557       795
      1048      1360      1469      1526      1499      1262       981       720
       479       317       210       119        90        78        85        69
        70        92        67        58        80        88        62        54
        69        81        58        87        60        77        79        83
        68        60        74        79        70        58        74        66
        61        64        66        67        59        74        56        79
        66        59        62        72        72        72        67        64
        89        70        67        61        74        68        59        63
        64        61        63        66        66        77        66        64
        64        61        86        64        77        85        85        64
        79        79       100        80        82        86        73        81
        73        70        81        74        82        67        64        82
        83        67        73        59        77        81        71        84
        55        76        79        89        72        80        74        64
        73        67        66        64        67        84        86        66
        78        68        75        74        77        87        74        78
        81        76        72        90        79        64        69        72
        79        76        76        61        61        75        65        65
        65        74        66        79        75        72        73        81
        75        74        73        84        81        63        84        75
        77        56        67        65        74        60        74        44
        66        56        53        51        56        65        52        43
        56        55        56        55        50        59        56        46
        49        59        44        55        49        48        44        48
        50        51        43        49        50        50        59        43
        48        51        52        86        75       121       131       169
       186       203       176       156       106       107        93        63
        41        60        59        39        42        36        35        35
        35        47        33        42        29        40        45        47
        36        55        43        48        38        53        42        33
        42        35        43        30        43        28        41        44
        47        50        40        50        44        33        41        38
        41        37        36        49        45        38        49        27
        26        40        37        44        36        38        27        35
        41        35        49        39        37        42        39        50
        34        47        52        51        48        53        51        53
        44        39        31        42        28        33        41        27
        30        29        41        31        23        38        33        18
        28        32        31        37        33        36        34        29
        29        32        36        37        27        33        30        35
        25        25        26        29        20        22        38        28
        33        28        35        37        42        46        51        45
        49        40        31        28        36        27        18        17
        28        35        31        15        21        28        25        20
        23        24        22        21        22        18        21        11
        20        21        17        20        14        30        23        25
        29        24        20        29        37        30        24        26
        32        45        38        65        98       126       153       162
       177       178       132        98        91        57        35        19
        14        20        17        13        17        13        14        15
        12        16         8        17        14        17        10         7
        11        15        17        14        12        19        11        12
        11         7        10         7         9        12         8        10
        13         9        10        10         7         7        10        11
         6         7        13         9        14         9        13        12
        12         7        18         8        11        13        14         6
        12        11         7        16         9         9         6        13
         4        11         8         7         4        10        15         7
        11         8         9         5        10         8         5        11
        12        10         4        12         7        11        10         7
        11        11         7         9        11        17         7         8
        13         7         9         6         8        15         4         6
        14        12         7         7         8         9         8        12
         8         7         6         5        11        10        10        16
         8        19         8        14         5         9        14         5
         5         7         7         6         6         8         7         5
         5         9         6        10         6        12        15        10
         3         9         4        11        11        13         6         8
         9         8         6         5         4         9        10         7
         6         6         3        10        11        11         6         7
         7         4         9         5         6         6         7         8
         8         6         5         5        12         8         1        11
         6        15         7         6        20         6        15        19
        15        14        10        10         8        12        13        19
        22        62        96       210       392       628       962      1326
      1514      1791      1845      1793      1512      1152       810       531
       313       136        79        33        18         6         2         2
         2         0         3         1         4         0         5         1
         4         5         4         2         4         1         0         2
         2         2         4         1         4         1         4         5
         1         5         1         4         1         4         5         2
         5         2         4         3         4         3         3         2
         5         6         6         5         3         3         6         4
         2         5         2         4         4         3         3         7
        12         8         6         6         5        11        14        17
        16        14        22        20        18        13         7        15
         4         7         7         7        10         4        14        14
        25        31        41        44        53        53        55        61
        32        39        31        33        38        20        16        10
        11         3         6         2         0         3         0         1
         2         1         0         7         2         2         2         0
         2         0         2         3         1         3         2         3
         4         0         4         0         3         2         0         1
         2         1         4         1         3         3         2         4
         2         0         3         2         1         4         1         0
         2         2         1         2         3         3         3         0
         2         3         2         5         4         3         4         1
         3         3         5         1         0         2         1         2
         5         3         1         4         3         1         3         1
         2         3         3         1         2         5         2         0
         4         4         3         3         2         3         3         1
         0         1         2         0         2         1         1         3
         0         1         0         2         3         2         3         1
         1         0         2         3         2         4         1         0
         3         1         8         8         5        14        16        23
        33        31        30        33        26        36        32        13
        15        10         4         2         1         3         2         0
         0         0         1         2         2         1         0         4
         3         1         0         2         0         2         3         0
         3         0         1         2         1         3         0         1
         1         0         1         2         2         0         1         0
         1         2         1         0         0         2         0         0
         1         0         3         2         1         0         2         0
         1         2         2         0         0         0         0         0
         1         1         2         0         1         1         2         3
         1         0         3         3         0         0         1         3
         1         2         0         1         5         0         0         1
         3         2         2         0         6         1         2         1
         1         2         0         0         3         1         3         1
         1         1         2         1         0         1         6         1
         1         0         1         0         0         1         3         3
         4         3         3         1         0         2         4         2
         2         5         3         1         2         0         2         4
         1         1         0         2         0         3         3         1
         1         2         1         1         3         3         1         0
         1         0         1         2         1         2         1         2
         1         0         1         1         0         0         0         1
         1         0         3         1         2         2         1         5
         0         1         1         0         3         4         1         1
         0         0         1         0         2         0         0         3
         0         4         0         0         0         0         1         0
         1         1         0         0         1         2         1         0
         2         0         1         1         0         0         0         0
         1         2         1         1         0         3         5         1
         5         2         3         1         3         2         3         2
         2         1         1         0         0         0         2         0
         1         0         0         2         2         1         1         0
         0         0         0         2         1         0         0         0
         0         2         0         1         0         0         0         1
         0         0         0         0         0         1         0         0
         1         1         1         2         1         1         1         0
         0         0         1         0         0         3         2         0
         1         1         0         0         1         0         0         0
         0         0         3         2         0         0         1         1
         0         2         1         0         1         0         0         1
         0         1         1         0         0         0         0         0
         0         0         0         0         1         1         1         2
         1         1         1         0         2         1         0         0
         1         0         3         0         0         0         1         0
         0         1         1         1         2         0         0         1
         1         0         0         2         0         3         1         2
         2         1         1         1         1         0         1         0
         2         0         1         0         0         0         0         1
         2         1         0         2         2         0         2         0
         0         1         0         0         1         1         0         3
         1         2         2         5         0         0         0         0
         3         0         0         0         1         1         0         0
         2         0         0         0         0         2         0         0
         1         0         2         0         1         1         2         1
         0         0         1         0         1         1         1         0
         0         1         3         0         2         0         1         0
         1         0         1         0         0         0         0         0
         1         1         0         0         0         1         0         1
         0         1         1         2         3         3         6         6
         7         7         3         4         3         4         3         1
         1         0         3         0         0         0         3         1
         2         2         0         0         0         0         0         0
         2         0         1         0         0         1         0         0
         0         0         0         0         1         0         0         1
         0         0         0         1         1         1         1         0
         1         2         0         0         1         1         0         0
         1         1         0         0         1         2         0         0
         0         0         0         1         0         0         0         0
         0         0         0         1         1         1         0         0
         4         0         0         1         0         0         1         0
         2         2         0         1         0         0         0         1
         1         1         1         0         1         0         0         1
         0         0         0         1         0         0         0         0
         0         1         0         1         1         0         1         1
         1         0         0         1         1         0         0         1
         0         0         1         1         1         1         0         1
         1         3         0         0         0         1         0         2
         0         1         1         1         1         2         1         0
         2         0         0         0         1         0         0         0
         1         1         1         1         2         2         0         1
         0         2         1         0         1         1         0         1
         1         0         0         0         0         0         0         1
         1         0         1         0         2         0         1         0
         0         0         0         0         0         0         2         1
         0         2         1         0         0         0         0         1
         0         1         0         1         0         1         1         1
         1         0         2         2         0         1         1         1
         0         0         1         1         1         3         0         0
         0         0         1         1         1         0         0         2
         0         0         1         0         0         2         1         0
         0         1         0         1         0         0         0         0
         0         1         0         0         1         0         3         1
         0         1         0         0         0         2         0         0
         0         0         0         0         1         2         0         0
         0         2         1         0         0         0         1         0
         2         0         1         2         0         1         0         1
         0         0         1         1         0         0         2         0
         0         0         1         0         0         0         0         0
         0         1         0         0         1         2         2         1
         0         0         1         0         0         2         0         0
         0         1         0         1         0         0         1         1
         0         1         2         2         0         0         1         1
         3         1         0         0         0         0         0         0
         1         0         0         0         2         0         0         0
         0         0         0         0         0         0         0         2
         0         0         0         0         0         0         0         0
         0         0         1         1         0         0         1         0
         2         0         0         0         0         0         0         0
         0         0         1         0         0         1         0         1
         0         0         0         1         0         0         0         0
         0         0         2         0         0         1         1         0
         2         1         1         0         0         1         0         0
         0         2         0         0         0         1         2         0
         1         0         0         3         0         0         1         0
         0         2         0         0         0         1         0         0
         0         0         2         0         0         1         0         1
         0         0         0         1         0         0         1         0
         0         0         0         1         1         0         0         0

