h6	4000	1	1	1
         0         0         0         0         0         0         0         0
         0         0         0         0         0         0         0         0
         0         0         0         0         0         0         0         0
         0         0         0         0         0         0       507       583
       637       761      1050      1132      1540      2151      2964      3916
      4597      4580      3867      3074      2549      2542      2876      3355
      3640      3865      4234      4827      6402      8302     10475     13012
     18838     32862     60623     95310    117048    106215     72163     38294
     18216     12488     16153     25180     32903     34344     27595     17638
      9683      4852      2985      2431      2227      2115      2226      2213
      2261      2096      2144      2262      2336      2378      2412      2534
      2547      2530      2548      2572      2413      2597      2578      2512
      2627      2627      2706      2877      2997      3488      4455      5798
      7157      7437      6215      4906      3760      3192      3186      3059
      3180      3183      3328      3474      3467      3703      3986      4427
      4932      5698      6342      6605      6815      6742      6539      6432
      6154      5997      5949      5791      5483      5393      5223      5302
      5157      4990      4834      4621      4455      4483      4506      4381
      4258      4228      4376      4176      4326      4537      4513      4596
      4823      5155      6212      8427     14450     26265     47019     70468
     83291     73899     48358     23940      9987      4299      2725      2469
      2277      2355      2369      2333      2357      2503      2375      2391
      2364      2374      2424      2418      2377      2440      2567      2506
      2457      2553      2478      2478      2552      2569      2530      2597
      2503      2563      2671      2571      2668      2688      2799      2695
      2685      2744      2745      2694      2704      2807      2739      2722
      2754      2778      2756      2764      2742      2770      2760      2871
      2876      2819      2967      3080      3203      3293      3214      3042
      2982      2844      2795      2767      2726      2790      2871      2910
      2837      2787      2759      2746      2774      2740      2821      2811
      2801      2800      2850      2871      2784      2799      2800      2905
      2858      2837      2884      2879      2872      2979      2917      2959
      2920      3028      2935      2920      2913      2991      3045      3185
      3200      3069      3174      3242      3184      3228      3204      3212
      3310      3349      3441      3381      3455      3497      3646      3529
      3679      3728      3704      3646      3661      3613      3663      3566
      3592      3648      3679      3728      3739      3683      3702      3900
      4001      4094      4219      4276      4429      4524      4467      4459
      4448      4414      4382      4392      4306      4394      4240      4264
      4260      4079      4192      4153      4096      4575      4927      4985
      5056      4719      4204      3934      3728      3572      3622      3577
      3489      3335      3402      3275      3291      3294      3236      3214
      3190      3160      3105      3136      3093      3095      3051      3023
      3112      2974      2954      2968      2901      2908      2847      2835
      2741      2826      2875      2728      2750      2737      2743      2693
      2710      2650      2596      2617      2590      2615      2556      2689
      2633      2519      2569      2526      2515      2518      2531      2485
      2452      2503      2498      2451      2510      2457      2411      2462
      2448      2371      2373      2367      2392      2441      2373      2443
      2415      2367      2386      2262      2377      2269      2314      2222
      2297      2304      2189      2238      2140      2179      2123      2082
      2048      2034      2021      2011      1919      1936      1743      1785
      1739      1758      1661      1620      1650      1637      1528      1535
      1512      1490      1612      1531      1477      1457      1514      1513
      1516      1477      1394      1403      1344      1388      1398      1323
      1405      1455      1625      1862      1996      1930      1707      1545
      1381      1292      1290      1264      1250      1246      1201      1140
      1221      1158      1149      1142      1155      1123      1178      1158
      1121      1116      1094      1003      1065      1002      1033      1066
       992      1003       959      1035       996      1020       957      1004
       971       921       929       959       879       906       915       901
       893       927       886       869       833       917       794       892
       811       827       830       786       827       857       822       809
       824       783       796       793       781       726       762       757
       810       756       795       749       742       722       697       698
       695       727       643       729       722       713       687       709
       682       697       693       695       690       633       717       609
       632       666       656       660       660       634       603       635
       709       848      1323      2590      4754      7312      9018      8428
      5977      3434      1633       867       608       590       565       553
       579       563       563       569       578       525       554       570
       562       550       560       553       535       521       563       514
       497       490       559       541       517       524       578       520
       468       509       482       540       491       482       534       485
       495       487       506       490       537       647      1199      2766
      6064     11867     17841     20495     17942     11897      6005      2371
       984       575       490       533       475       478       438       444
       436       404       438       416       432       370       415       406
       360       381       339       359       372       346       330       348
       394       353       374       376       320       381       364       366
       371       353       357       380       362       380       338       344
       369       319       343       337       336       356       381       350
       339       323       339       355       346       367       411       481
       496       523       457       417       346       374       371       366
       378       371       354       314       367       334       316       338
       317       338       310       354       306       303       349       345
       353       349       316       317       312       308       370       318
       343       336       320       292       348       347       406       631
      1670      4741     12537     26852     44598     57147     55976     40704
     22297      9216      2984       911       316       173       164       141
       146       139       178       153       147       161       135       136
       152       150       156       165       138       145       169       145
       155       153       135       172       132       141       147       153
       153       150       142       132       162       143       164       175
       147       160       162       170       155       192       214       244
       414       965      2285      4371      6755      8296      7176      5244
      2842      1464       855       622       515       390       228       184
       147       154       156       213       215       190       144        84
        73        61        61        68        70        56        67        59
        71        76        58        66        57        63        76        65
        59        48        69        71        67        67        61        71
        78        61        68        88        68        73        66        60
        72        81        76        67        67        97        84        79
        86       113       125       135       113       105       112        76
        73        78        92        91        69       102       105        76
        70        67        70        73        63        66        79        90
        60        66        60        60        62        62        59        56
        80        56        87        54        56        59        62        69
        64        60        76       100       141       254       398       440
       458       369       197        95        64        33        44        39
        33        34        36        31        36        34        33        43
        39        38        39        28        36        33        32        36
        40        30        34        31        29        32        39        30
        30        34        27        25        32        25        27        32
        37        25        38        35        35        23        33        32
        34        30        37        28        32        26        41        34
        35        40        35        32        32        24        27        24
        33        21        37        20        31        25        31        21
        25        32        28        17        25        26        28        27
        24        32        23        18        21        19        25        32
        18        26        22        30        19        27        32        19
        28        22        19        13        16        22        25        28
        21        21        23        14        20        24        21        29
        18        21        18        21        17        19        15        26
        14        26        28        18        13        25        15        16
        13        16        29        16        11        19         8        13
        20        31        19         9        11        17        23        19
        20        22        24        12        15        18        18        22
        13        22        24        20        19        26        18        18
        15        16        20        17        15        18        23        15
        19        16        14        17        16        16        23        14
        12        10        17        17        11        11        20        19
        20        20        16        15        18        13        16        14
        15        13        11        16        20        14        18         9
        15        17        15        14        11        17        11        14
        13         7        14        15        15        12        16        15
        12         9        12        16        21        11        16        13
        12        17         5        12        10        13         8        12
        15        10         9        15        12         6         9        12
        11        14         8        15        12         7        11        12
         9         7        11        11        15        19         6        14
         8        16        16        10         9        13         8         7
        10         2         8         9         9        10         5        12
        13        11         9        12         7        11        10         9
        10         5        12        12        11         7        10        17
        17         7        10         8        10        15        16         5
        13        13         5        16        18        11         7        10
         6         6         9        16         9        12        12         7
         8         7        12         9        13         9         3         6
         4         5        11         7         8        16        11         9
         8         6         8        11         5         8         5         9
        13        11         7         8         9        12         8         4
        10         8         7        13         9         8        13        15
         7         9         7         7         5         9         8         8
        10         8         9         8         2         4         4         3
         7         4        15        10         4         5         3         9
         7         8        10         7         6         4        10         3
        10        11         6        10         6         8        11        13
        10        15         9         9        10         7         8        13
         6         7         5         4         6         4         7         7
         3         6         5         5         5         4         6         2
         3        11         6         7         1         5         7         3
         2         3         5         7         8         3         6         6
         8         4         6         5        10         8         4         5
         9         5        15         8        13        10        20        18
        14         8        11         8         6         2         7         6
         3         5         3         6         7         4         4         4
         2         3         5         5         2         6         5         5
         2         7         7         2         3         6        10         3
         0         3         4         4         3         2         4         0
         8         4         1         3         0         3         6         4
         3         5         4         3         2         8        11         3
         7         5         5         7         5         7         5         2
         2         3         6         4         4         3         3         3
         6         4         4         3         3         2         3         3
         5         5         2         2         2         5         5         3
         6         3         8         4         4         4         3         4
         6         1         7         4         9        10         5        15
        13        19        11        15         3         3         4         7
         5         2         7         0         1         1         3         0
         5         4         2         1         4         3         4         4
         2         3         2         2         3         1         1         2
         4         4         4         1         1         3         3         1
         3         3         2         0         2         2         2         3
         2         1         4         3         5         3         4         9
         5         5         6         1         3         3         3         3
         4         2         2         2         3         3         0         1
         5         3         3         5         2         0         0         2
         3         1         2         3         2         1         3         4
         4         2         3         2         2         1         4         3
         3         2         4         2         3         2         5         1
         3         2         2         1         3         2         3         2
         3         2         2         5         1         1         1         3
         0         4         1         4         1         2         4         0
         0         3         0         1         4         1         4         3
         3         0         1         0         2         2         2         3
         3         1         1         1         0         2         2         2
         1         0         2         4         0         4         2         5
         2         4         0         3         2         1         2         2
         1         1         1         2         2         1         2         0
         2         2         1         4         1         3         2         2
         1         1         0         1         2         4         0         2
         2         2         2         2         2         1         2         2
         2         3         0         2         2         1         1         0
         1         1         3         3         3         1         1         0
         2         2         4         3         2         0         4         2
         1         2         3         4         2         2         4         0
         2         2         1         2         0         1         4         2
         3         2         5         1         3         3         2         2
         1         2         0         1         2         0         2         0
         1         0         2         2         3         1         3         0
         0         0         0         2         1         0         3         1
         1         1         5         3         1         0         2         3
         2         2         1         2         0         2         1         1
         0         0         2         0         1         1         3         1
         1         1         0         3         3         2         0         1
         1         1         2         2         0         3         1         4
         0         2         2         1         2         2         0         2
         0         0         2         2         1         1         1         1
         0         1         1         3         2         1         1         2
         4         1         2         2         1         1         1         1
         5         1         0         3         0         0         0         0
         3         3         3         1         2         4         2         3
         1         3         1         2         2         1         3         2
         4         1         1         4         2         3         0         1
         2         2         1         2         2         1         0         1
         2         1         3         3         4         0         2         1
         2         1         2         1         1         0         1         5
         3         6         3         3         0         2         1         0
         2         0         3         1         1         1         2         0
         2         0         0         1         1         3         2         0
         1         2         2         2         0         1         0         2
         1         1         2         1         2         1         4         0
         1         5         2         1         2         0         3         1
         2         1         1         2         1         0         1         2
         2         0         1         3         1         1         2         0
         2         2         3         3         0         0         3         2
         1         3         2         3         0         2         1         1
         2         3         2         1         4         3         4         0
         3         2         4         0         2         1         2         2
         2         4         1         0         0         0         0         0
         0         2         5         2         2         2         2         1
         3         2         2         1         2         3         1         2
         0         2         0         1         5         1         1         1
         3         0         1         3         1         0         0         3
         0         2         0         0         0         1         1         0
         5         1         1         0         2         1         3         3
         2         2         0         0         1         1         1         1
         1         2         3         3         0         0         0         2
         2         1         1         2         3         0         1         0
         1         1         2         0         2         1         2         1
         2         0         1         1         2         1         1         2
         0         0         1         1         0         1         0         0
         2         1         3         1         0         3         1         2
         2         2         0         3         2         0         0         1
         2         1         1         3         1         2         0         0
         2         1         1         0         0         2         0         0
         2         3         0         1         1         0         2         2
         2         1         1         2         3         2         1         0
         0         2         0         1         0         1         2         1
         1         2         1         1         0         0         0         2
         2         2         0         4         0         4         2         3
         0         1         4         3         0         1         2         1
         3         0         3         0         0         1         1         2
         1         2         1         0         2         1         0         3
         1         1         2         2         0         0         0         3
         0         1         0         1         1         0         2         4
         2         1         1         2         2         2         0         1
         0         0         2         0         0         1         1         1
         1         4         0         2         1         1         0         0
         0         1         1         0         2         0         4         2
         2         1         3         0         1         0         2         2
         3         0         2         2         2         2         2         1
         2         2         2         1         1         1         1         2
         1         2         2         1         0         0         1         1
         1         1         1         3         1         1         1         3
         1         1         0         0         2         0         1         2
         1         0         2         0         1         0         1         2
         0         0         3         1         3         0         2         1
         1         0         1         2         0         3         3         2
         3         2         3         1         3         0         0         0
         0         1         0         1         0         1         0         1
         1         1         2         0         2         1         0         3
         2         0         2         1         3         2         2         0
         2         1         0         2         0         1         1         0
         1         2         1         0         0         3         0         1
         0         0         3         2         2         0         1         0
         0         2         3         1         1         1         1         1
         0         1         2         4         3         1         0         2
         2         1         3         1         1         2         0         1
         4         1         0         1         1         1         1         1
         0         2         1         1         1         2         1         0
         1         1         0         0         1         1         1         1
         4         0         1         3         0         0         0         1
         1         0         2         1         2         0         1         2
         0         2         1         1         0         3         1         1
         2         0         1         3         1         1         1         1
         2         1         0         1         0         0         2         2
         5         0         1         1         0         1         1         2
         4         1         0         0         1         2         0         1
         2         0         1         0         1         2         3         1
         0         0         1         0         0         2         1         0
         0         1         0         0         1         0         0         0
         2         2         1         1         1         1         0         0
         0         1         0         1         3         1         0         1
         0         0         1         1         0         3         2         0
         2         1         0         0         0         1         2         0
         3         2         2         1         0         0         0         1
         2         2         5         1         1         1         0         3
         0         1         3         2         3         1         2         0
         0         0         1         0         0         2         0         1
         1         1         1         2         0         2         2         1
         1         2         1         0         1         1         1         1
         1         1         2         0         1         1         0         1
         1         1         1         1         0         1         2         0
         1         1         0         0         1         2         1         1
         4         1         4         1         0         2         0         0
         0         0         1         0         1         0         0         0
         0         1         2         1         1         0         0         0
         3         0         1         2         0         0         1         0
         2         0         1         0         0         2         0         2
         0         0         1         0         2         1         0         1
         1         4         1         0         1         0         1         0
         2         0         2         0         0         1         0         1
         0         0         1         2         1         2         0         1
         0         1         0         0         0         0         0         1
         3         0         0         2         1         1         0         2
         2         1         0         1         0         0         1         2
         0         1         2         1         1         1         1         0
         1         2         0         1         0         1         1         0
         1         0         1         2         1         2         2         2
         1         4         3         1         2         3         1         0
         0         1         0         1         0         0         1         0
         1         0         0         0         0         0         1         0
         0         1         1         0         0         0         0         1
         0         0         0         2         1         1         0         0
         0         1         0         1         0         0         1         2
         1         0         2         2         0         0         0         1
         1         0         0         1         0         1         0         0
         1         1         1         0         0         0         0         1
         1         0         0         0         0         0         0         2
         0         0         1         0         0         1         0         0
         0         0         0         0         2         0         0         0
         0         0         0         0         0         0         1         0
         1         2         1         1         1         1         0         0
         0         0         0         0         0         0         1         1
         0         0         0         0         0         0         0         0
         0         1         1         1         3         0         1         0
         0         0         0         0         1         0         0         1
         1         0         3         0         0         0         0         1
         0         0         0         0         1         0         0         1
         0         0         1         0         0         1         0         0
         1         1         0         1         0         1         0         1
         0         1         1         1         0         0         1         0
         0         0         0         1         1         1         1         0
         1         0         0         0         0         0         1         0
         0         0         0         0         1         0         0         1
         1         0         1         1         0         0         0         0
         0         1         0         0         0         0         0         0
         2         0         0         1         0         1         1         0
         1         1         1         0         1         0         1         0
         1         1         0         0         0         0         0         1
         0         0         1         0         0         0         0         0
         0         0         0         0         0         1         0         0
         0         0         1         2         0         2         6         4
         4        12         7         6         3         2         1         1
         1         0         0         1         0         0         0         0
         0         0         0         0         1         1         0         0
         0         0         0         0         0         0         2         0
         1         0         0         1         0         0         0         1
         0         1         0         1         0         1         1         1
         0         0         0         0         0         0         0         0
         0         1         0         1         0         0         0         0
         0         0         0         0         1         0         0         0
         0         0         0         0         0         0         0         0
         0         0         1         0         1         0         0         0
         0         1         1         0         1         1         1         0
         1         1         1         0         0         0         1         0
         0         0         1         1         0         0         1         0
         0         0         0         0         0         1         2         0
         0         0         0         0         0         0         0         0
         1         0         0         0         0         0         0         1
         0         1         0         0         0         0         0         0
         0         1         2         0         0         0         1         0
         1         0         0         0         1         0         1         0
         0         0         1         0         0         0         0         0
         0         0         0         0         0         0         0         0
         0         1         0         1         0         0         1         1
         0         0         0         0         1         0         0         1
         0         1         0         0         0         1         1         0
         0         0         0         0         1         1         0         0
         0         0         2         0         0         0         2         0
         0         0         0         0         0         0         0         0
         0         1         0         0         0         0         0         0
         0         1         1         0         0         1         0         0
         0         0         0         0         0         0         1         0
         0         0         0         1         0         0         0         0
         0         0         0         0         0         1         0         1
         0         0         1         0         0         0         1         0
         0         0         0         0         1         0         0         0
         1         0         0         1         0         1         0         0
         1         1         0         0         1         1         0         0
         0         0         0         0         0         0         1         1
         1         0         0         1         0         0         0         0
         0         1         2         0         0         0         1         0
         1         0         0         0         0         0         0         0
         0         3         0         0         0         0         0         0
         1         0         0         0         1         0         0         0
         0         0         1         0         0         0         0         0
         0         0         1         0         0         0         0         0
         0         0         0         2         0         0         0         0
         0         0         0         2         1         0         1         1
         0         0         0         0         0         0         0         0
         0         0         0         1         0         0         0         0
         0         0         0         0         0         0         0         0
         1         0         0         0         0         0         1         1
         0         0         0         1         0         0         0         0
         0         0         0         0         0         0         0         0
         0         0         1         0         1         0         1         0
         0         0         0         0         0         1         0         0
         0         1         0         0         0         0         0         0
         0         1         0         1         0         0         0         0
         0         0         0         0         1         0         1         0
         0         0         0         0         1         0         1         0
         1         0         1         1         0         0         0         0
         0         0         1         0         0         0         0         1
         0         0         0         1         0         0         0         0
         0         0         0         0         0         0         0         0
         0         0         1         1         0         0         0         0
         1         0         0         0         0         0         2         0
         0         0         0         0         0         1         0         1
         0         0         0         0         0         1         0         0
         0         1         0         0         1         0         0         0
         0         1         1         0         0         1         0         0
         0         1         0         0         0         0         0         0
         1         0         0         0         0         1         2         1
         0         0         0         0         1         0         0         0
         0         1         1         1         0         0         0         1
         0         0         0         0         0         0         0         0
         0         1         0         0         0         0         0         0
         0         0         0         0         4         2         1         1
         3         1         2         1         0         2         0         0
         0         0         0         0         0         0         0         0
         0         0         0         0         0         1         0         0
         0         0         0         0         1         0         0         0
         0         0         1         0         0         0         0         0
         0         0         0         0         0         0         0         0
         0         0         0         1         0         0         0         0
         0         0         0         0         0         0         0         0
         0         0         0         0         0         1         0         0
         0         0         1         0         0         0         0         0
         0         0         1         1         0         0         0         0
         0         0         0         0         0         1         0         0
         1         0         1         0         0         0         0         0
         1         0         0         0         0         0         0         0
         0         0         0         0         0         0         0         0
         0         1         0         1         0         0         0         0
         0         0         1         0         0         1         0         0
         0         0         0         1         0         1         0         0
         0         0         0         0         0         0         0         0
         0         0         2         0         0         0         0         1
         0         0         0         0         2         0         1         0
         1         0         0         1         0         0         1         1
         0         0         0         0         0         0         1         0
         0         0         0         0         0         0         0         0
         0         0         1         0         0         1         0         0
         0         0         0         0         0         0         0         0
         0         0         0         2         0         0         0         1
         0         0         0         0         0         0         0         0
         0         0         0         0         0         0         0         0
         0         0         0         1         0         0         0         0
         0         0         1         0         0         0         0         0
         1         0         1         0         0         1         0         0
         0         0         0         0         0         0         0         0
         0         0         0         0         0         0         1         0
         1         0         0         0         0         0         0         1
         0         0         0         0         0         0         0         0
         0         0         0         1         0         0         0         0
         2         0         0         0         0         0         0         0
         1         0         1         0         0         0         0         0
         0         2         0         0         0         0         0         0
         0         0         0         0         0         1         1         0
         0         0         0         0         0         1         0         0
         0         0         0         0         1         1         0         0
         0         0         0         0         0         0         0         0
         0         0         1         0         0         0         2         0
         0         0         0         0         0         0         0         0
         0         0         1         0         0         0         0         0
         0         0         0         0         1         0         0         0
         0         0         0         0         0         0         0         0
         0         0         0         0         0         0         0         0
         0         0         1         0         0         1         0         0
         0         0         0         1         0         0         1         0
         0         0         0         0         0         0         0         0
         0         0         0         0         0         0         0         0
         0         0         1         0         0         0         0         0
         0         0         0         0         0         0         0         0
         0         0         1         0         0         0         0         0
         0         0         0         0         0         0         0         0
         0         0         1         0         0         1         0         0

