h7	4000	1	1	1
         0         0         0         0         0         0         0         0
         0         0         0         0         0         0         0         0
         0         0         0         0         0         0         0         0
         0         0         0         0         0         0       462       523
       571       664       675       699       761       791       777       798
       790       786       788       811       872       960       982      1093
      1105      1107      1054      1059      1077      1032      1132      1243
      1429      1631      2010      2110      2014      1747      1690      1639
      1678      1968      2395      2946      3823      4578      5156      5300
      5306      5663      5988      8458     15278     27552     40833     46294
     37717     22572     10406      4610      2901      2591      2828      4180
      7275     10524     12298     10581      7547      4787      2672      1654
      1117       980       888       883       826       833       823       824
       783       822       835       816       849       869       828       830
       859       868       817       949       880       893       899       932
       860       947       996       982       957      1013       964      1000
      1064      1060      1151      1186      1304      1260      1323      1303
      1462      1366      1269      1252      1212      1166      1227      1223
      1229      1224      1326      1331      1375      1332      1360      1405
      1395      1515      1480      1513      1475      1522      1529      1571
      1559      1592      1548      1729      1847      1955      2150      2142
      2199      2103      2064      2147      2085      2050      1984      1918
      1855      1972      1871      1876      1768      1887      1898      1750
      1769      1805      1684      1700      1652      1647      1654      1689
      1652      1622      1610      1608      1565      1532      1603      1575
      1574      1573      1619      1603      1551      1515      1594      1499
      1583      1554      1500      1608      1494      1533      1587      1523
      1486      1504      1553      1594      1556      1581      1626      1532
      1638      1517      1465      1495      1492      1496      1513      1450
      1561      1536      1505      1485      1581      1953      3737      8717
     18167     27810     29492     22603     12103      5089      2176      1376
      1333      1153      1241      1211      1128      1253      1222      1168
      1250      1151      1279      1245      1239      1238      1219      1259
      1138      1179      1179      1225      1129      1168      1190      1195
      1168      1209      1219      1225      1220      1214      1214      1199
      1153      1158      1193      1159      1146      1202      1272      1198
      1197      1230      1204      1162      1263      1360      1308      1271
      1389      1300      1323      1332      1370      1341      1236      1252
      1336      1307      1212      1292      1274      1318      1269      1248
      1281      1272      1247      1191      1225      1259      1261      1304
      1340      1373      1351      1302      1222      1226      1176      1196
      1219      1194      1196      1289      1209      1151      1199      1114
      1143      1143      1117      1086      1110      1145      1067      1163
      1093      1052      1065      1091      1112      1090      1046      1115
      1092      1041      1055      1049      1054      1047      1116      1038
      1055      1062       987      1048      1046      1024      1000      1002
      1072      1037      1040       982      1033      1090       996       970
      1010      1044       980      1056      1018       974       978       945
       992      1012      1013       960       959       992      1000       979
       929       944       932       933      1006       940       932       916
       890       899       967       885       850       825       907       907
       902       916       957       879       862       952       894       895
       955       938       870       825       885       890       890       844
       910       903       816       884       850       882       826       912
       835       821       839       855       830       841       838       781
       797       777       828       729       790       763       756       683
       720       802       745       742       750       745       704       669
       804       709       725       710       753       722       692       696
       719       699       673       693       709       639       693       672
       674       662       683       603       641       658       614       648
       670       658       636       820      1253      2353      4011      5164
      4838      3436      1931       967       693       642       554       599
       556       587       606       587       623       564       610       584
       538       568       628       555       531       544       549       515
       533       499       543       543       517       516       528       534
       504       506       548       509       541       522       502       532
       520       501       490       448       487       491       465       517
       515       481       481       524       483       507       486       502
       471       473       455       466       466       461       471       485
       435       423       467       467       437       504       474       456
       435       436       434       473       475       450       478       465
       462       439       430       413       465       407       419       446
       456       412       412       440       376       432       352       411
       397       420       397       448       511       619       631       562
       485       476       417       417       416       365       379       350
       381       365       398       348       362       402       366       341
       343       399       390       376       369       372       361       330
       349       331       330       376       346       334       356       317
       334       346       337       419       382       363       354       368
       317       353       352       342       352       333       306       305
       329       290       352       346       308       343       352       361
       392       345       351       345       332       312       327       375
       370       392       339       369       322       339       344       283
       294       315       315       303       338       331       298       329
       308       297       346       296       312       339       308       374
       313       434       947      2293      5446      9372     12217     11414
      7493      3570      1400       549       295       259       250       317
       265       266       245       276       283       287       280       288
       280       255       255       268       239       286       261       260
       258       245       271       269       231       268       229       263
       228       245       215       222       225       233       210       231
       282       287       330       411       543       633       573       410
       354       260       248       249       214       231       232       267
       241       242       233       202       238       230       238       225
       233       253       208       217       232       234       258       231
       236       225       211       237       231       253       267       237
       219       260       264       237       220       213       225       214
       225       213       217       219       218       216       234       225
       242       203       223       236       253       211       223       189
       208       224       226       215       207       241       222       219
       202       223       209       219       206       217       210       213
       206       230       197       200       201       201       240       271
       314       470       758      1035      1047       853       525       329
       231       214       189       237       240       280       254       236
       219       216       221       202       192       194       182       206
       209       210       212       186       205       192       183       191
       208       235       202       204       215       224       203       227
       211       216       200       194       222       246       181       182
       197       184       199       179       213       221       219       195
       212       195       200       225       206       195       197       222
       220       266       401       660      1010      1323      1213       854
       503       333       236       192       211       202       213       203
       200       185       174       210       206       206       209       222
       179       211       201       192       193       190       200       216
       193       187       215       219       214       178       222       211
       206       199       196       190       196       203       166       201
       179       195       163       180       194       185       192       196
       197       198       180       183       192       194       200       203
       203       209       187       214       207       216       180       223
       208       205       190       191       207       198       208       195
       199       186       184       197       194       227       198       198
       184       212       206       211       246       278       319       293
       295       255       194       206       192       190       204       208
       192       219       195       177       203       185       195       205
       201       160       188       177       185       225       196       203
       217       212       244       207       272       247       215       192
       211       177       194       179       193       190       185       203
       216       212       226       195       230       221       208       192
       175       195       201       186       209       180       184       201
       174       191       214       188       197       215       195       218
       179       222       181       197       220       193       198       172
       202       207       187       188       194       203       201       190
       172       166       185       189       189       181       193       195
       190       193       200       234       188       216       214       187
       174       187       219       205       209       191       188       213
       176       204       197       193       185       197       211       199
       179       204       199       221       188       197       205       204
       178       207       205       185       185       212       191       207
       178       215       201       233       195       186       191       220
       245       190       198       173       198       182       184       215
       203       229       259       266       306       336       327       294
       269       242       250       225       218       197       210       206
       194       221       193       190       221       188       208       209
       206       188       185       180       212       166       202       239
       211       216       202       215       201       223       227       215
       235       198       209       225       205       215       203       245
       280       297       313       284       247       211       188       205
       186       162       183       193       198       186       184       170
       170       151       174       196       179       171       170       161
       197       159       178       182       153       189       155       161
       174       175       177       184       151       176       165       181
       154       174       161       161       171       157       171       181
       191       170       207       158       159       148       185       166
       147       167       170       149       164       169       154       171
       145       173       158       165       165       165       160       147
       165       161       149       174       150       163       183       161
       168       164       178       160       166       163       133       160
       164       169       163       186       167       134       147       149
       171       146       152       205       159       164       179       147
       174       179       153       186       165       139       150       150
       162       191       166       155       159       165       149       155
       176       157       148       159       154       166       147       139
       152       151       164       168       196       145       167       152
       166       164       162       172       177       187       186       196
       190       194       156       168       176       177       152       176
       181       138       146       170       161       167       162       162
       167       152       184       149       143       156       143       157
       168       163       159       165       160       195       149       151
       142       192       150       199       215       179       170       178
       173       166       197       240       235       264       226       212
       163       172       163       156       165       162       147       160
       179       153       137       165       172       180       207       328
       321       350       308       234       195       175       171       174
       161       124       187       160       174       158       143       186
       143       151       142       151       156       135       170       160
       161       145       141       154       153       164       160       149
       162       141       159       152       157       159       162       143
       153       152       141       153       159       156       147       160
       168       191       204       163       141       168       154       150
       154       187       161       182       173       226       222       218
       204       215       183       161       184       178       180       178
       180       160       166       173       134       186       157       175
       170       157       143       172       165       144       163       152
       144       144       161       177       158       153       171       173
       143       155       150       141       159       141       141       160
       143       165       168       165       184       169       161       168
       140       187       168       171       173       141       165       148
       160       157       161       156       150       174       173       161
       158       158       167       168       154       159       189       169
       164       169       175       162       146       164       162       151
       181       136       160       145       167       135       148       169
       154       159       208       198       204       175       172       135
       150       141       207       181       123       156       147       121
       173       140       145       131       157       142       132       131
       148       188       292       570      1075      1777      2513      2675
      2240      1342       688       327       175       142       127       137
       112       113       146       122       119       135       127       154
       136       123       135       123       144       134       132       119
       136       126       132       120       118       163       161       155
       137       125       125       137       137       126       125       139
       114       147       133       137       140       139       143       109
       138       131       124       152       136       136       133       142
       124       132       151       138       197       201       197       192
       148       145       132       131       122       127       124       144
       135       121       131       133       127       136       125       133
       149       114       133       154       135       124       128       121
       133       108       130       130       125       117       134       146
       131       148       130       150       111       153       140       141
       152       125       125       130       114       142       133       131
       132       118       125       122       114       123       103       136
       126       137       147       163       180       144       134       148
       153       111       129       131       114       146       135       145
       131       140       142       139       141       133       132       145
       132       122       140       132       141       138       124       128
       123       113       124       131       139       147       125       131
       144       117       126       147       125       139       144       133
       127       154       129       202       334       473       706       847
       858       624       399       217       165       165       127       133
       122       138       151       131       154       160       118       118
       134       141       138       150       130       125       113       111
       116       128       133       151       129       124       137       114
       110       108       115       129       115       119       108       112
       119       126       100       131       124       135       128       101
       133       129       100       125       126       129       124       123
       132       123       129       151       135       115       135       131
       100       128       152       129       125       117       128       115
        96       118       121        74       107       102       113       115
        97       118        94        91       102        90       119        98
       112       102       106       107       106       111        80        92
        69        83        91       106       113       127       150       160
       181       150        98       101        91        93        90        99
        64        99       111       106       137       145       119       120
       107       114        83       109        89        96        92       110
        93        95        96        74        81        92        80       100
        87        81        85        95        89        86        97        86
        96        89        73        81        99        84        93        73
        81        85        90        83        82        84        77        78
        86        82        96        96        89        85        87        83
        97        79        89        96        93        63        81        85
        90        99        75        86        83        80        87        85
        95       106       103       161       319       663      1291      2038
      2351      2332      1610       953       420       187        94        87
        80        77        91        83        72        68        52        64
        56        57        75        81        68        73        62        76
        79        60        62        64        72        71        80        65
        69        64        78        78        83        60        77        68
        70        45        75        89        57        78        76        79
        81        70        71        59        66        51        64        72
        69        63        61        69        73        72        61        70
        69        78        69        61        72        69        57        87
        60        85        69        49        73        74        78       121
       134       195       205       169       121       116        78        63
        62        59        63        58        55        55        76        64
        52        63        60        64        60        52        50        55
        56        44        53        66        58        50        58        68
        55        52        52        59        57        64        62        68
        57        63        62        57        68        68        60        60
        55        52        53        54        55        61        58        56
        65        51        51        64        73        54        49        52
        66        50        55        55        55        61        41        55
        55        67        42        60        67        69        59        61
        58        59        67        51        68        75        56        49
        62        64        65        49        58        60        56        59
        61        62        55        55        67        43        57        56
        47        47        48        64        62        53        60        56
        45        57        75        62        61        56        57        54
        66        71        68        68        61        55        60        61
        64        64        55        57        62        57        61        67
        66        47        71        59        47        63        56        57
        48        69        67        58        59        61        64        52
        68        82        56        74        76        80       100       200
       344       770      1140      1491      1529      1230       799       419
       276       204       274       284       285       210       158       115
        73        59        54        53        57        68        48        53
        58        58        70        54        60        69        52        52
        54        54        68        63        70        47        64        67
        65        45        59        51        68        71        55        76
        69       102       112       229       397       740      1251      1715
      1925      1701      1171       694       306       164        77        55
        48        62        53        54        62        66        70        56
        59        63        75        81        71        80        85        66
        59        67        73        78        68        56        58        66
        63        53        50        60        65        63        79        75
        55        68        69        54        49        60        65        63
        64        59        63        70        55        68        37        63
        58        51        55        73        54        51        59        55
        75        45        70        75        63        64        78        75
        66        66        56        68        75        88        74        76
        78        73        66        55        59        62        67        55
        51        62        68        62        70        52        88        71
        57        69        77        68        63        66        65        68
        80        48        77        74        64        62        46        61
        56        59        83        52        59        72        75        74
        59        66        73        65        68        74        53        72
        81        48        62        52        66        59        64        72
        66        60        63        78        69        70        82        55
        69        52        66        66        59        74        47        61
        53        53        68        61        64        56        68        53
        50        61        44        49        47        42        48        52
        53        48        49        29        39        44        42        41
        49        43        52        49        39        46        34        50
        48        41        34        53        49        49        39        41
        39        45        31        37        46        52        89       152
       195       189       205       147       123        74        50        36
        37        37        41        42        32        48        39        47
        41        45        38        40        36        37        38        34
        38        39        37        40        35        29        25        44
        34        42        35        42        40        29        22        45
        23        41        37        43        47        47        38        35
        28        28        39        29        42        41        34        35
        25        36        32        33        31        33        30        36
        33        29        31        31        26        28        35        38
        31        39        52        58        56        52        34        41
        30        36        21        24        30        33        27        33
        18        24        24        25        30        28        25        36
        21        31        29        31        27        26        14        29
        24        21        34        20        32        16        28        25
        23        24        21        19        26        15        24        21
        33        26        34        43        42        50        35        34
        31        29        20        22        21        23        16        14
        19        24        21        23        26        24        19        21
        22        19        20        20        17        22        14        13
        17        11        17        21        20        25        30        27
        32        33        21        19        24        21        23        23
        32        23        60       101       144       201       197       161
       139        58        42        25        19        12        12        12
        15         7        15         9        10        10        12         9
        19        15        12        12        14        13        13         9
        12         7        11        10        13        15        11         9
        13         7         9        13        11        10        13        11
        11         8         9        11         9         9         8         5
         9        12         6         7         7        10         9        10
         8         7        11         7        11        11        16         8
         9         6         8         6        13         8         7         6
         7         2        12         8         8         8        10        12
         8        11         5         6         9        10         8         7
         8         5        14         8         8        11         8         5
         6         8        11         7         5         8        10        11
         6         8         8        13         9         7         6        12
         9         9        12         8         6         8        10         6
         3         8         9         4        13         7        17        10
        11         6         6         5         3         3         9        10
         5         7         8         9         7         4         9         4
         9         7         6         4         9         3         9        10
         7         9         5        11         8         6         4         7
         8         2         6         3        11         8         3         4
         8        15         9         7         9        10         4        10
        11         6         8         7         7         5         7         3
         6         7         8         9         8         7         5         2
         7         5        11         4        10         8         9         6
         7        15        10        14        19        24        20        24
        43        88       150       450       890      1468      2024      2224
      2112      1500       837       376       160        40         9         4
         2         3         1         4         1         2         2         4
         0         2         2         1         0         1         0         1
         1         2         2         4         4         0         0         2
         1         3         1         2         2         0         3         0
         3         3         5         2         0         2         5         5
         4         1         9         2         5         4         6         2
         4         6         4         5         3         3         3         5
         2         1         2         3         3         3         8         7
         6         4         8        13        11        17        21        25
        26         5        13         8         6         3         4         6
         6         8         4         6         5        15        14        20
        34        45        53        42        36        28        24        30
        32        33        25        24         6         4         3         1
         2         0         0         2         1         1         1         2
         1         1         1         2         0         4         1         2
         1         0         1         1         0         3         2         0
         0         3         0         1         3         1         1         2
         4         1         1         1         1         2         0         1
         2         4         3         1         2         1         2         1
         1         2         1         2         2         3         4         1
         2         3         2         4         1         0         1         1
         1         3         5         3         0         3         1         3
         2         1         3         2         3         1         2         2
         1         1         3         3         3         1         1         4
         1         6         3         5         0         0         0         2
         2         0         0         3         1         4         1         4
         2         3         5         3         1         2         1         1
         2         1         1         0         2         4         4         0
         1         1         2         5        18        19        26        29
        32        27        33        21        10         9         3         2
         1         0         0         0         2         4         1         2
         1         1         2         1         1         1         2         0
         0         3         2         2         0         0         0         1
         5         2         1         1         1         1         1         0
         0         0         0         3         3         4         0         2
         0         1         1         0         1         0         0         2
         3         1         0         1         0         0         0         1
         2         1         0         0         0         0         0         0
         0         1         0         1         1         0         1         1
         0         0         0         0         2         1         5         1
         0         0         1         0         0         2         0         0
         0         0         1         0         2         0         2         2
         1         0         2         3         0         0         0         2
         1         4         0         0         1         4         1         1
         2         0         1         1         1         0         1         2
         2         5         0         1         1         1         0         0
         5         1         2         0         1         0         0         0
         1         1         3         2         1         3         2         2
         1         3         0         4         1         1         1         0
         2         0         3         0         1         0         0         0
         0         0         1         1         1         0         0         1
         1         1         0         1         0         1         1         0
         1         3         0         2         2         0         2         0
         0         0         0         2         0         1         1         1
         2         2         1         1         2         2         3         1
         1         0         0         1         0         0         1         3
         2         1         2         2         0         0         0         1
         1         1         0         2         1         2         1         1
         0         0         1         1         1         0         0         1
         0         0         1         0         0         1         0         0
         1         1         0         0         0         0         0         2
         0         2         1         0         0         0         1         1
         0         0         1         3         0         1         0         0
         1         0         0         0         0         0         2         0
         1         1         0         0         0         2         1         1
         1         1         1         3         0         0         1         0
         0         1         0         0         0         0         1         0
         0         0         1         0         0         0         2         1
         0         2         0         0         1         0         2         1
         2         0         1         0         1         2         0         0
         1         1         0         0         0         1         1         1
         0         0         2         0         1         0         0         1
         0         1         0         0         2         0         1         0
         0         1         1         2         0         0         0         0
         1         0         1         0         0         0         1         1
         0         1         0         1         1         0         0         0
         0         1         0         1         1         0         2         1
         1         0         1         2         0         0         5         1
         1         0         0         0         0         0         1         2
         0         1         1         2         1         0         1         0
         0         1         0         0         0         0         1         0
         0         1         1         1         1         0         0         1
         0         0         1         1         0         0         0         0
         0         1         0         2         0         1         0         0
         1         0         1         1         2         2         1         0
         0         0         0         1         1         0         1         1
         0         0         2         0         1         1         1         0
         0         1         0         4         3         5         7         7
        12         5         2         2         2         1         2         2
         1         1         1         2         0         1         1         1
         0         0         1         0         0         1         1         1
         1         0         1         0         0         0         0         1
         3         0         0         1         1         0         0         0
         0         1         1         0         0         1         0         1
         0         0         0         0         0         1         1         0
         2         1         1         1         0         1         0         1
         1         1         0         0         1         0         1         0
         0         1         1         1         1         3         1         0
         0         0         0         2         1         0         0         0
         1         0         0         1         1         0         0         0
         0         2         0         1         0         1         0         0
         0         1         0         0         0         0         0         0
         2         1         1         1         1         1         0         0
         0         1         1         1         1         0         0         0
         0         0         1         0         2         2         0         0
         1         1         1         0         2         0         0         1
         0         1         0         2         0         6         0         0
         0         1         0         0         0         0         0         2
         1         2         2         1         1         1         1         1
         2         2         1         0         1         0         0         0
         1         0         0         1         1         3         1         0
         2         0         0         0         2         0         1         0
         0         0         1         1         0         0         0         0
         2         0         1         0         0         0         1         0
         1         0         2         2         1         0         3         1
         1         0         1         1         0         0         1         0
         0         0         0         0         1         0         1         0
         2         0         0         0         0         1         0         0
         0         0         1         1         0         0         0         0
         0         1         2         0         0         0         1         0
         0         1         1         0         0         1         0         0
         0         1         0         1         1         1         0         1
         0         1         0         1         0         0         0         0
         0         0         1         0         2         0         0         1
         0         0         0         1         1         1         1         3
         1         0         1         0         1         1         3         0
         1         1         0         1         0         0         1         0
         0         0         0         0         1         1         1         1
         0         0         0         0         0         0         0         1
         0         1         0         0         1         1         1         0
         0         0         0         0         0         0         1         2
         2         0         0         0         0         0         0         0
         0         1         0         1         1         0         0         1
         0         0         1         2         1         1         0         0
         1         2         0         0         1         0         1         1
         0         0         1         2         1         0         1         2
         0         0         1         2         0         2         0         1
         1         1         0         0         0         0         0         1
         0         1         1         1         0         0         2         0
         0         0         0         0         0         0         0         0
         0         0         2         0         1         1         1         0
         0         0         1         1         0         1         1         0
         0         0         0         0         1         0         1         0
         0         0         0         0         0         0         1         0
         1         0         0         0         0         0         0         0
         1         0         1         0         0         0         0         0
         1         0         0         2         1         0         0         1

