h3	4000	1	1	1
         0         0         0         0         0         0         0         0
         0         0         0         0         0         0         0         0
         0         0         0         0         0         0         0         0
         0         0         0         0         0         0       181       215
       207       237       249       274       297       351       383       434
       570       637       718       762       838       959      1193      1396
      1645      2082      2621      3414      4738      6703      9907     14716
     22287     31783     42673     52981     60149     62601     60593     54262
     45689     37338     30440     26421     24182     22806     21210     18649
     15916     12341      9063      6269      4431      3307      2626      2267
      2207      2159      2126      2211      2292      2235      2320      2402
      2353      2417      2490      2431      2408      2471      2460      2550
      2488      2502      2687      2763      3226      3523      4188      4528
      4920      5131      5236      4862      4512      4128      3659      3446
      3215      3193      3268      3323      3503      3738      4051      4368
      4724      5124      5489      5652      6001      6187      5974      5914
      5865      5629      5625      5325      5299      5108      4926      4839
      4637      4555      4448      4315      4298      4185      4053      4002
      4031      4085      4018      4121      4193      4142      4477      4924
      5520      6812      9335     12804     18260     25471     33639     40967
     46544     47951     45000     39191     31058     22207     14717      9274
      5604      3653      2858      2518      2423      2434      2365      2386
      2398      2424      2417      2410      2493      2551      2494      2501
      2460      2474      2484      2573      2511      2468      2604      2540
      2641      2610      2685      2661      2664      2693      2755      2718
      2636      2712      2718      2694      2753      2782      2819      2744
      2802      2777      2752      2719      2789      2871      2863      2836
      2885      2908      2773      2989      3102      3018      2992      3134
      3210      2943      2941      2907      2870      2949      2862      2859
      2856      2838      2911      2882      2783      2884      2889      2919
      2783      2829      2864      2860      2831      2902      2883      2926
      2939      2907      3053      2926      2962      2959      2870      2962
      3013      3028      2907      2981      3012      3175      3053      3090
      3167      3155      3189      3193      3232      3266      3255      3397
      3345      3322      3410      3470      3499      3532      3590      3650
      3633      3669      3583      3560      3624      3661      3708      3773
      3709      3664      3645      3683      3699      3796      3869      3993
      3993      4117      4192      4270      4232      4464      4504      4322
      4432      4471      4430      4410      4378      4358      4226      4314
      4135      4287      4210      4286      4343      4508      4511      4636
      4584      4466      4387      4095      3966      3809      3736      3534
      3470      3389      3361      3396      3301      3272      3116      3176
      3213      3208      3024      3077      2984      3046      2960      3030
      3052      2945      2917      2938      2893      2931      2808      2902
      2857      2735      2814      2690      2759      2630      2698      2752
      2754      2661      2690      2630      2613      2537      2666      2596
      2645      2572      2595      2588      2518      2555      2567      2559
      2486      2570      2533      2578      2490      2487      2548      2479
      2462      2408      2445      2443      2312      2404      2398      2484
      2404      2419      2329      2361      2325      2443      2383      2332
      2362      2305      2329      2281      2274      2117      2214      2101
      2258      2135      2130      2050      1942      2019      1824      1883
      1858      1798      1690      1731      1712      1687      1648      1639
      1638      1615      1588      1591      1534      1574      1551      1500
      1529      1432      1506      1457      1475      1471      1472      1519
      1545      1569      1634      1737      1767      1774      1711      1677
      1505      1507      1402      1342      1370      1277      1273      1247
      1254      1274      1181      1221      1261      1139      1165      1148
      1151      1142      1161      1146      1154      1115      1083      1098
      1069      1032      1120      1129      1020      1052      1076      1030
      1000      1006       979      1001       984       981       960       998
       979       994       920      1001       923       942       933       984
       894       903       930       901      1031      1028      1175      1423
      1774      1987      2120      2223      2290      2066      1691      1454
      1199      1045       896       861       822       803       822       816
       804       771       783       795       740       804       775       779
       788       723       792       694       824       734       758       722
       685       695       710       678       734       756       849      1040
      1382      1977      2839      3768      4826      5445      5916      5746
      5183      4156      3069      2196      1417      1038       797       657
       592       635       609       541       590       570       577       577
       577       598       546       616       526       608       563       578
       624       578       562       563       546       592       582       570
       590       584       562       569       553       535       590       572
       647       625       732      1089      1684      2799      4443      6752
      9274     11539     13021     13276     12087     10204      7797      5343
      3339      1993      1209       735       618       486       519       456
       477       453       441       434       429       446       463       445
       400       440       440       414       358       404       389       424
       393       370       428       388       396       400       446       356
       365       414       382       382       403       363       353       404
       410       333       341       360       350       346       377       395
       365       384       407       410       436       417       446       514
       495       471       494       475       414       399       429       403
       357       429       378       380       392       415       352       379
       373       358       357       335       395       341       383       375
       358       379       359       375       356       364       337       334
       381       396       446       537       661      1054      1753      3227
      5915     10137     16030     23156     29501     34796     36274     35065
     30479     24299     17159     10792      6058      3079      1450       668
       309       227       166       167       178       169       137       180
       175       150       183       165       173       162       141       177
       163       173       177       135       138       147       133       152
       163       149       153       180       174       152       181       190
       157       190       194       216       226       291       374       566
       861      1341      2119      3056      3906      4881      5109      5123
      4710      3868      2885      2040      1338       850       560       425
       296       260       194       172       181       175       157       158
       119        97        95        62        76        87        72        59
        69        58        61        82        76        60        70        58
        61        61        64        77        68        68        84        61
        79        73        78        70        79        85        81        74
        66        65        74        83        80        89        86        81
       102       107        89       105        99       117       108        94
        91        94        93        82        86        98        86        80
        72        75        76        62        76        71        93        75
        72        85        67        55        52        73        58        67
        62        53        78        63        61        57        72        64
        79        87        90       126       169       197       220       311
       286       275       265       227       173       104       103        65
        53        40        43        36        31        29        34        41
        30        25        33        34        31        28        39        36
        34        34        45        30        40        37        36        30
        33        31        34        33        34        35        44        34
        39        35        25        30        26        34        34        29
        31        32        33        32        26        44        35        34
        37        27        29        29        33        35        47        24
        24        24        28        21        26        15        18        30
        32        16        23        21        26        17        15        21
        19        21        27        23        24        22        26        22
        16        29        23        11        28        17        19        37
        17        21        21        24        26        26        22        28
        27        25        29        32        18        24        15        20
        21        16        16        22        18        21        21        27
        29        15        23        28        28        20        21        20
        22        26        16        23        16        26        19        27
        19        17        19        20        22        26        17        22
        21        15        18        18        18        25        20        12
        20        26        15        12        16        17        16        14
        15        13        13        26        18        21        19        13
        20        21        17        12         8        18        20        16
        13        19        15        19         9        10        15        14
        12        23        18        16        17        19        18        14
        14        20        13        13        22        14         9        19
        18        13         9         7        10        11        12        11
        17        15        11        13        12        12        19        16
        15        10        18         6        17        11         8        10
        15         6        17         6        17        13        10        16
        15        15        14         8         9         9        13        12
        20        10        11        13        10         8        16        10
         9         9         8        13         7        15        12         6
        13         7         8         9         7        13        13        11
        10        14        10        10        13         2         5         8
        15         9        12        12        15        13        14         9
        11         9         8         6        10         7        14         8
        12        14        12         9        16         7        13         5
         7        12         8         5         9         8        11        10
         9         9         8         7        12         3         9        10
        11         9         7         4         7         9        10         8
        10         3         9         6        12        15        10         7
         9         8         2         8         2        11        13         7
         5        10        13         7         8         9         9         8
         8         6        11         7        14        10         7         6
         6         4         9         4         6         7         5         7
         5         8         4         9         7         9         7         6
         4        10         3         5         7         5         7         6
        10         9         9         6         7         9        10         4
         9         5        10         8         9        11        12        12
         4         4         6         2         6         6         7         2
         2         7         5         9         3         3         9        10
         7         6         6         8         8         8         9         7
         6         6         3         2         7         8         4         4
         7         2         3         7         5         4         5         8
         7         5         3         7         9        10         9         6
        12        12        10         7         9        11        10         8
         3         5         5         1         3         5         6         6
         3         3         5         5         5         2         9         5
         7         4         3         4         8         3         0         3
         4         1         5         4         4         6         3         3
         4         6         5         6         3         4         4         1
         5         5         2         3         2         6         2         2
         6         1         2         4         2         2         6         4
         7         4         6         4         3         5         3         2
         1         2         3         4         2         2         2         4
         4         2         7         1         2         3         7         3
         4         1         4         4         4         3         1         9
         2         6         3         5         2         6         7         7
        11        12        19        12        13         9         8         4
         1         2         3         2         1         1         1         0
         1         1         3         2         4         3         2         0
         5         1         5         0         0         2         4         3
         1         1         0         3         2         2         2         4
         2         1         1         6         1         2         2         1
         3         1         0         1         3         3         3         3
         4         3         3         3         2         4         2         2
         1         2         0         1         2         2         1         0
         1         0         4         1         1         4         1         1
         1         2         1         0         0         1         1         2
         0         1         1         1         2         2         2         0
         0         6         2         3         0         1         2         1
         1         3         0         0         1         2         2         1
         1         2         2         1         2         1         1         0
         1         2         2         3         0         1         2         1
         2         0         1         0         2         1         1         1
         1         0         1         1         0         0         1         3
         1         1         1         2         1         2         1         1
         2         2         0         2         1         2         1         1
         3         1         4         3         1         0         1         3
         2         2         2         3         0         3         0         1
         2         3         0         1         0         2         2         1
         2         3         1         2         1         2         1         3
         0         0         0         1         1         0         0         1
         1         1         1         1         0         1         1         2
         2         0         2         1         2         1         1         0
         0         1         0         0         0         0         0         0
         1         0         0         2         2         1         3         1
         0         0         0         2         0         1         2         1
         0         1         0         1         1         0         1         3
         2         1         2         1         1         2         1         3
         1         2         0         0         2         1         2         0
         1         2         3         1         0         0         1         2
         1         0         1         1         2         0         1         1
         0         3         1         1         0         2         1         3
         0         0         0         1         2         1         5         2
         0         1         1         0         1         1         0         0
         1         1         0         1         0         1         1         3
         0         1         2         0         1         1         1         4
         0         1         1         2         0         4         2         1
         1         2         2         2         1         2         0         2
         3         3         1         2         1         1         0         0
         0         1         1         1         1         1         0         2
         2         1         2         2         1         1         2         1
         2         0         0         2         3         2         1         0
         4         0         1         4         0         2         1         1
         0         1         2         2         0         2         2         0
         0         1         0         0         1         1         0         1
         1         4         2         0         3         2         1         3
         3         0         2         4         3         1         6         0
         2         0         2         4         1         0         0         1
         1         0         2         0         0         0         0         0
         1         1         0         0         1         1         0         2
         1         1         2         2         1         0         0         1
         3         2         1         2         2         1         0         2
         0         1         0         1         0         3         1         2
         2         0         1         1         2         3         1         2
         2         1         2         0         0         0         2         1
         1         2         1         2         1         0         0         0
         1         0         1         1         5         0         0         2
         1         2         0         2         1         0         2         0
         0         1         1         1         2         0         1         1
         0         0         1         1         0         0         1         1
         0         0         3         5         1         1         3         1
         0         1         2         0         1         1         1         1
         1         1         1         0         1         1         2         0
         3         0         0         0         3         1         0         0
         0         0         1         1         1         0         2         1
         1         1         2         1         1         1         0         1
         0         3         1         1         0         0         2         0
         0         0         0         3         4         0         1         0
         1         2         0         0         2         1         0         3
         1         1         0         1         1         0         1         2
         0         0         0         0         1         0         1         0
         1         1         0         0         1         1         0         2
         0         1         0         1         1         4         1         1
         0         1         1         0         2         0         2         1
         0         0         1         3         0         1         0         1
         2         2         0         1         4         1         0         0
         1         2         2         0         1         0         1         0
         1         1         1         1         1         1         0         1
         1         2         1         0         0         2         0         2
         0         3         1         1         1         2         2         1
         2         0         0         1         0         0         0         0
         1         0         3         1         0         1         1         2
         1         0         1         0         0         1         0         0
         2         0         1         0         1         0         2         1
         0         0         1         0         2         2         2         0
         0         2         1         0         2         1         1         2
         1         1         0         1         0         1         2         0
         1         0         0         1         1         0         0         2
         0         1         3         1         2         1         0         0
         0         0         0         1         1         2         0         0
         0         2         0         0         0         2         0         0
         0         1         0         0         0         0         0         0
         2         1         0         1         0         0         0         2
         0         0         0         0         0         0         1         1
         0         0         2         0         0         0         1         1
         1         1         1         3         0         0         0         0
         2         1         2         0         1         1         0         0
         2         1         1         1         1         0         2         1
         1         0         1         2         1         2         2         0
         2         0         0         1         0         0         1         0
         1         0         0         0         2         0         0         3
         0         0         0         0         0         3         1         0
         2         0         0         1         0         2         0         0
         0         0         2         0         1         1         0         1
         0         0         1         0         0         2         1         1
         1         1         1         0         0         1         1         2
         1         1         0         1         1         2         1         2
         0         1         0         0         0         0         0         0
         0         1         0         4         0         0         0         1
         0         0         1         2         0         1         2         0
         1         0         0         1         0         2         2         1
         0         0         0         0         3         1         0         2
         2         2         2         1         1         2         0         1
         0         0         1         0         0         1         0         0
         0         0         1         1         1         0         1         2
         1         1         0         2         1         1         2         0
         0         0         0         1         1         0         0         1
         0         0         2         0         0         0         0         0
         0         0         1         0         0         0         0         0
         0         0         1         0         0         1         1         0
         0         1         1         0         3         0         1         2
         2         1         0         1         2         0         1         1
         0         1         1         0         0         0         0         0
         0         1         0         1         1         0         0         0
         0         1         1         0         1         1         0         1
         0         2         0         0         0         3         0         1
         0         1         0         2         1         0         2         0
         1         0         0         0         1         1         1         3
         1         0         0         1         0         3         1         0
         0         2         1         0         1         3         1         0
         0         1         0         0         0         0         1         1
         0         0         1         2         0         0         0         1
         0         1         2         0         1         1         0         2
         0         0         0         0         0         1         0         1
         0         0         0         0         1         1         1         0
         0         0         0         1         0         2         2         1
         1         0         0         0         0         1         1         3
         0         1         0         0         0         0         0         1
         0         1         0         0         1         0         2         2
         0         0         0         0         0         2         0         0
         0         1         0         1         0         0         0         1
         0         1         1         0         0         2         1         1
         0         1         1         1         2         1         1         1
         1         0         0         1         1         0         1         1
         0         0         0         0         1         1         0         0
         0         0         0         0         1         1         0         1
         0         0         2         0         0         0         1         0
         0         0         0         0         0         1         2         0
         0         1         0         0         0         0         0         0
         0         0         0         1         0         0         1         0
         1         0         0         0         0         1         0         1
         2         0         0         1         0         0         0         0
         0         0         0         1         1         1         2         1
         1         0         0         0         0         0         0         0
         0         2         0         0         1         1         1         0
         0         0         0         0         1         1         0         0
         2         0         1         0         0         0         0         0
         0         0         1         2         1         0         0         0
         0         0         1         0         0         0         0         0
         0         0         0         2         0         0         0         0
         0         0         0         0         1         0         0         0
         2         1         0         1         1         0         0         1
         0         0         1         0         1         1         0         0
         0         0         1         0         0         1         0         0
         1         1         0         0         0         1         1         0
         0         0         0         0         0         1         1         1
         0         0         0         0         0         1         1         0
         1         1         2         1         0         1         1         1
         0         0         1         0         0         1         0         1
         1         0         2         0         0         1         0         0
         0         0         0         0         1         1         1         0
         0         1         0         2         0         0         1         0
         0         1         0         0         0         1         0         0
         0         0         1         1         2         2         0         1
         0         0         0         0         0         1         1         1
         1         0         0         0         1         2         0         1
         0         0         0         0         0         0         0         0
         0         1         0         2         0         1         2         0
         1         1         2         0         0         0         0         0
         1         0         0         0         1         0         0         0
         0         0         1         1         0         1         0         0
         0         0         1         0         0         0         0         0
         0         1         0         0         1         0         0         1
         0         0         0         1         0         2         2         0
         1         2         6         3         3         4         2         1
         1         0         1         0         2         1         0         0
         0         0         1         0         0         0         0         0
         0         0         1         0         0         0         0         2
         0         0         0         1         0         0         0         0
         0         0         1         0         1         0         0         0
         0         0         0         1         0         0         1         1
         1         0         0         0         1         0         0         0
         1         0         1         0         1         1         2         0
         0         0         1         0         0         0         3         0
         0         1         0         0         1         0         0         0
         0         0         0         0         0         0         0         0
         0         1         0         0         0         0         0         0
         0         0         0         0         0         0         0         0
         0         0         0         0         0         0         0         0
         1         0         0         0         0         0         0         0
         1         0         0         0         0         1         1         0
         0         1         0         0         1         0         0         1
         0         0         0         2         0         0         0         2
         0         0         0         1         2         1         0         0
         1         0         0         0         0         1         0         0
         0         0         0         0         0         0         0         0
         0         0         1         0         1         0         0         1
         1         0         0         0         0         1         0         0
         1         0         0         1         0         0         0         0
         0         0         1         0         0         0         0         1
         0         1         0         0         0         0         1         1
         0         1         0         0         0         1         0         0
         0         0         1         0         0         0         0         0
         0         0         1         0         0         0         0         0
         0         1         0         0         0         1         0         0
         0         1         0         0         0         2         0         0
         0         0         0         0         0         0         2         1
         0         0         0         0         3         0         0         0
         0         0         0         0         1         0         0         2
         0         0         0         0         0         0         0         1
         0         0         1         0         3         0         1         0
         0         0         1         0         0         0         0         0
         0         1         1         0         0         0         0         1
         1         0         0         0         0         0         0         0
         0         1         1         0         0         0         0         2
         0         0         0         0         0         0         1         0
         0         2         0         0         0         0         1         0
         0         0         0         1         0         0         0         0
         0         0         0         0         0         0         0         0
         1         0         0         0         0         0         0         1
         0         0         1         0         0         1         0         0
         0         0         0         0         0         0         2         0
         1         0         0         0         0         1         0         0
         0         0         0         0         0         0         0         2
         0         0         1         0         0         1         0         1
         0         0         0         0         1         0         1         0
         0         0         0         0         0         1         0         0
         0         0         0         0         0         0         0         0
         0         0         0         0         0         0         0         0
         0         0         0         0         0         1         0         0
         0         0         0         0         0         1         1         0
         0         0         0         0         0         0         0         0
         1         0         0         0         0         1         0         0
         0         0         0         0         0         0         1         0
         0         0         0         2         0         0         0         0
         0         0         0         0         0         0         1         0
         1         0         0         0         0         0         0         2
         0         0         0         0         0         0         0         0
         0         0         0         0         0         0         0         0
         0         0         0         0         0         0         0         0
         0         0         0         0         0         1         0         0
         0         1         0         1         1         0         1         0
         0         0         0         0         0         0         0         0
         0         0         0         0         0         0         0         0
         0         1         0         0         0         0         1         0
         0         0         0         0         0         0         0         0
         0         0         1         0         0         0         0         0
         0         0         0         1         0         0         0         0
         0         0         0         0         0         1         0         0
         0         2         0         0         0         0         1         1
         1         1         0         1         1         0         0         0
         1         0         0         1         0         0         0         0
         0         0         1         0         0         2         0         0
         0         0         0         0         0         0         0         0
         0         0         0         0         0         0         0         0
         0         0         0         0         0         0         0         0
         0         0         0         0         1         0         0         0
         0         0         0         0         0         0         0         0
         0         1         0         0         0         0         0         0
         0         0         0         0         0         0         0         1
         0         0         0         0         0         0         0         0
         0         0         0         0         0         1         0         0
         0         0         0         0         1         0         0         0
         0         0         0         0         1         0         1         0
         1         0         0         0         0         0         0         0
         0         1         0         0         0         1         2         0
         0         0         0         0         0         0         0         2
         0         0         0         0         0         0         0         0
         0         0         0         0         0         0         0         0
         0         0         1         0         0         0         1         0
         0         0         0         0         1         1         1         1
         0         0         0         1         1         0         0         0
         0         0         1         0         0         0         0         0
         1         0         0         0         0         0         0         0
         0         1         0         0         0         0         0         0
         0         0         0         0         0         0         0         1
         0         0         0         1         1         0         0         0
         0         0         0         0         0         0         0         1
         0         0         1         0         0         0         0         0
         1         0         0         0         0         0         0         0
         0         0         1         0         0         0         0         0
         0         2         0         0         1         0         0         0
         0         0         0         0         1         0         1         0
         1         0         0         0         2         0         0         0
         0         0         0         1         0         0         0         0
         0         0         0         0         0         0         0         1
         0         0         0         0         0         1         0         0
         0         0         0         0         0         1         1         0
         0         0         2         0         0         0         0         0
         0         0         0         0         0         0         0         0
         1         0         1         0         0         0         0         0
         0         0         0         0         0         0         0         0
         0         0         0         0         0         1         1         1
         0         0         0         0         0         0         0         0
         1         0         0         0         0         0         1         0
         0         0         0         1         0         0         0         0
         0         0         0         0         0         0         0         0
         1         0         0         0         0         0         0         0
         0         0         0         0         0         0         0         0
         0         0         0         0         0         0         0         0
         0         0         0         0         0         0         0         0
         0         0         0         0         0         0         0         0
         0         0         0         1         0         0         0         0
         0         0         0         0         0         0         0         0
         0         1         0         0         0         0         0         1
         0         0         0         0         0         0         0         0
         0         0         1         1         0         0         0         0
         0         0         0         0         0         0         0         0
         0         0         0         0         0         0         0         0

