h2	4000	1	1	1
         0         0         0         0         0         0         0         0
         0         0         0         0         0         0         0         0
         0         0         0         0         0         0         0         0
         0         0         0         0         0         0        71        67
        73        56        60        67        61        71        69        67
        76        69        86        64        71        69        85        84
        77        75        91       101        87        88        92       108
        91        98        98       100       112       113       124       118
       128       136       133       157       172       184       203       194
       221       218       201       237       265       289       362       396
       443       547       592       676       782       878      1022      1059
      1189      1363      1400      1648      1681      1850      1955      2105
      2143      2468      2708      3100      3559      4113      4748      5266
      5539      5776      5579      5167      4580      4086      3794      3520
      3453      3452      3610      3747      3926      4107      4521      4909
      5340      5830      6222      6511      6804      6916      6822      6908
      6863      6654      6445      6227      6066      5973      5852      5719
      5644      5407      5188      5116      5018      4773      4947      4805
      4613      4432      4527      4537      4639      4897      5085      5916
      7230      9980     13725     19536     27485     36511     45148     51952
     54864     52815     47276     38393     28386     19666     12876      8112
      5282      3612      3028      2778      2675      2620      2756      2683
      2650      2739      2619      2688      2660      2652      2711      2752
      2809      2860      2839      2894      2810      2796      2856      2894
      2911      2881      2877      2885      3032      3020      2924      3032
      2983      3073      3099      3065      2989      3086      2964      3068
      3065      3060      3033      3015      3030      3087      3217      3055
      3145      3204      3362      3361      3307      3484      3336      3461
      3376      3315      3230      3339      3181      3152      3151      3162
      3147      3192      3109      3142      3048      3047      3036      2986
      3050      3089      3107      3123      3138      3126      3162      3253
      3183      3101      3080      3178      3245      3222      3206      3239
      3298      3276      3284      3343      3339      3415      3441      3415
      3411      3447      3438      3603      3615      3504      3591      3667
      3643      3808      3787      3837      3824      3827      3982      4043
      4033      3942      3958      3939      3924      4059      4017      3955
      3940      4053      4065      4080      4173      4238      4439      4384
      4408      4572      4588      4745      4747      4741      4898      4708
      4763      4787      4687      4776      4787      4734      4674      4634
      4695      4771      4655      4786      4806      5108      5122      5165
      5093      4904      4585      4618      4391      4124      3982      4024
      3861      3837      3768      3778      3582      3745      3614      3570
      3503      3547      3585      3567      3476      3326      3430      3311
      3401      3336      3328      3311      3166      3200      3134      3137
      3187      3065      3077      3156      3160      3043      3177      3058
      3087      2949      3072      3089      2876      2985      3012      2920
      2884      2915      2973      3019      2886      2829      2916      2863
      2870      2760      2877      2843      2866      2794      2858      2796
      2891      2766      2804      2795      2769      2696      2762      2722
      2743      2723      2771      2680      2684      2659      2597      2656
      2580      2570      2608      2547      2419      2511      2533      2465
      2365      2364      2336      2284      2327      2215      2180      2042
      2129      2102      2020      1993      1920      1900      1853      1788
      1776      1792      1732      1760      1791      1743      1710      1719
      1646      1617      1667      1636      1630      1600      1623      1764
      1811      1838      1910      1909      1959      1904      1865      1749
      1698      1645      1600      1493      1452      1467      1372      1413
      1323      1376      1292      1379      1348      1328      1251      1265
      1243      1302      1181      1266      1155      1167      1164      1198
      1176      1159      1165      1097      1094      1134      1097      1070
      1088      1076      1118      1054      1075      1041      1034      1057
       930      1009      1020      1019       997       974       995       913
      1006       927       931       922       934       929       964       962
       938       921       905       901       882       864       849       893
       883       832       852       845       840       877       815       791
       832       779       822       785       734       821       763       759
       793       746       746       750       759       786       844       931
       994      1211      1395      1651      1905      2166      2298      2296
      2371      2638      3068      3761      4650      5503      6075      6410
      6062      5186      4262      3098      2213      1542      1132       842
       733       637       628       647       560       655       575       646
       559       592       615       551       569       590       564       581
       589       595       564       598       568       538       576       558
       564       559       561       539       554       561       528       586
       596       684       750       908      1296      1988      3140      4897
      7018      9432     11655     12979     13920     13268     11357      9044
      6493      4384      2759      1609      1040       752       619       526
       487       464       477       420       472       474       455       428
       440       443       411       406       409       422       415       415
       379       392       364       425       381       355       376       416
       415       397       384       407       411       411       374       417
       441       417       420       458       445       471       433       443
       471       479       470       529       483       487       476       529
       561       567       544       523       527       523       521       427
       457       489       438       417       388       409       418       415
       415       401       356       402       370       360       394       414
       373       363       389       398       371       395       398       403
       402       449       546       642       859      1392      2383      4141
      7189     11967     18210     25585     32463     37304     39574     38073
     32831     26262     18751     11991      7208      3847      1943       924
       520       331       254       233       215       209       213       242
       231       206       208       223       228       225       212       227
       241       207       200       220       228       241       206       198
       215       209       199       212       197       222       224       234
       207       237       260       253       263       345       505       824
      1281      2049      2998      3966      4848      5361      5649      5255
      4617      3725      2693      1968      1322       925       650       473
       370       275       263       208       221       189       225       156
       150       114       110        89        77        88        92        94
        68        82        94        86        88        88        88        82
        95       100        95        78        74        96        81        91
        80        62        98        89        80        75        98        89
        87        77        89        75        98       106        94       105
       118       134       147       135       139       154       148       120
       104       118       131       114       128       112       112       109
       104        92        81        79        95       101        87        88
        81        92        74        91        73        60        60        84
        77        90        96        82        69        97        86        69
        91       113       122       182       181       282       337       368
       410       340       312       262       213       154       121        73
        58        54        54        43        42        56        47        50
        41        41        49        32        47        36        42        44
        33        43        50        35        38        42        51        31
        44        42        34        33        40        48        45        34
        39        43        34        36        37        34        40        40
        29        35        42        49        24        27        36        37
        46        42        37        45        31        34        33        39
        28        40        43        39        26        23        38        32
        36        43        28        31        25        29        28        26
        21        33        37        34        30        33        42        28
        27        32        28        21        28        21        29        30
        22        25        28        23        33        26        29        38
        30        34        39        37        33        25        22        38
        24        25        21        32        31        23        20        27
        34        27        26        25        27        22        25        26
        24        32        27        20        22        28        30        26
        34        18        21        20        31        30        36        28
        22        25        28        32        21        33        24        18
        25        28        18        16        26        27        24        26
        23        19        17        18        23        15        26        19
        19         9        16        18        14        19        18        19
        17        14        20        18        15        24        21        15
        19        20        18        15        13        18        15        22
        15        15        23        10        13        12        18        20
        15        15        15        15        24         5        15        11
        18        24        28        16        18        11        16        20
        15        13        18        17        12        16        17        12
        14        14        16        14        17        21        17        15
        13        14        15        16        17        18        15        14
        14        15        14        22        14        11        14         9
        12        17        13        17        11         6        11         9
        10         6        11        14        13        13        11        13
        10         9         7        16        16        16         9         8
         8        15        13        15         7        12        12        11
        20        16         9        17        11        13        13         6
         8        11        14        13        11         9        10        10
        14        14        12         6         8        14        10         7
         9        10        10        13         8        19         9        11
        12        16        15        10         9         9         1         9
         9         6        15        14        14         9        10         8
         4         9         3        15        10        12         7        12
        10        10        12         9         9         6        10        14
        16        14        13        10         6         7         9         6
        11         4         8         6         4         7         5        10
        10         5        11         6         8         6         6         7
         9        10         6         9         5        14         7        10
        14         6        11         8        12         6         5         4
         8        12         8        12        10         7         9        12
        11        16         6         5        12         8         8         5
         4         8         4         2         9         2         6         6
         3        12         5         8         7         4         4         6
         7         9         3         4         9         7         9         4
         8         2         6         5         7         5         2         7
         6         4         8        11         2        17         7         4
         7        15         9        17         9         9         8         6
         2         9         6         5         7         4         8         7
         4         7         6         4         8         5         6         8
         3         6         9         4         4         5         7         7
         6         2         3         2         3        10         5         6
         6         1         2         3         4         4         5         5
         3         2        10         6         6         6         3         9
         3         2         7         5         7         6         4         5
         4         4         2         4         3         3         5         3
         6         2         4         2         4         5         8         4
         4         5         4         1         3         5         6         5
         0         2         6         2         4         4        12         5
         2         2         1         5         7         3         7         9
        13        12        15        20         7        12         6        11
         8        14         7         6         5         4         3         6
         3         8         2         2         4         5         1         3
         5         2         5         2         2         1         1         5
         2         1         2         2         3         2         3         1
         3         3         1         2         0         0         2         3
         1         1         1         3         3         3         1         4
         3         3         9         4         7         4         8         3
         3         3         3         4         3         1         3         1
         1         2         2         1         2         3         2         3
         2         4         3         1         3         2         6         3
         1         1         2         4         0         1         0         0
         2         0         3         3         1         3         1         3
         2         3         1         5         0         1         1         1
         2         1         0         1         2         6         1         1
         2         3         2         2         4         3         1         2
         1         2         1         3         0         4         3         2
         1         0         3         2         2         3         2         1
         2         1         2         4         2         2         1         2
         2         2         4         5         1         2         3         2
         2         3         1         0         2         1         0         2
         1         2         0         0         2         2         3         0
         2         2         1         2         0         0         2         2
         1         1         5         1         3         2         0         3
         0         2         3         2         2         1         1         0
         3         1         1         3         2         1         0         2
         0         2         1         4         0         8         1         1
         0         1         0         2         3         1         0         1
         1         0         1         0         0         2         1         2
         1         0         0         0         0         3         1         2
         1         0         3         1         1         2         2         1
         1         2         1         2         2         3         0         2
         0         2         0         1         3         1         2         0
         0         0         2         1         0         0         2         1
         1         2         1         0         0         1         1         0
         2         3         1         3         2         2         4         1
         0         0         1         1         1         1         0         0
         0         1         2         4         1         1         3         1
         3         1         2         1         1         0         0         0
         0         2         2         1         0         1         1         0
         1         0         0         2         0         1         0         1
         1         1         0         0         2         2         1         0
         0         0         0         1         2         0         0         0
         0         1         1         0         1         1         2         2
         2         1         2         1         0         1         4         2
         1         0         1         0         1         1         1         1
         0         0         1         2         0         0         0         2
         1         1         3         0         0         2         2         1
         1         1         1         1         1         1         0         0
         1         1         2         2         1         1         3         1
         0         0         2         3         1         1         1         0
         3         0         0         0         1         0         0         3
         3         1         1         0         0         2         2         0
         0         1         1         0         1         1         1         2
         1         3         3         1         1         2         1         0
         3         0         1         0         1         2         3         4
         1         2         1         3         0         1         0         1
         1         1         2         3         0         0         1         0
         3         4         0         1         0         0         1         2
         1         0         0         2         3         1         1         1
         0         2         0         2         3         1         2         3
         2         3         3         1         0         0         1         2
         0         4         1         1         0         1         0         2
         0         1         4         1         0         1         0         2
         1         0         3         1         2         3         1         2
         1         1         2         1         1         0         0         2
         3         1         0         0         2         1         4         4
         1         2         1         3         1         2         1         1
         2         2         1         0         1         5         1         0
         1         0         2         1         0         0         1         1
         1         5         1         0         0         0         3         1
         1         2         1         0         1         2         0         0
         0         0         2         2         0         1         2         1
         2         1         3         1         0         1         6         1
         1         0         2         1         0         0         0         1
         1         0         0         0         1         1         2         0
         0         2         0         2         0         1         0         0
         0         0         3         1         0         1         1         3
         0         1         1         2         2         0         0         1
         1         0         4         0         1         0         0         1
         1         0         1         1         0         1         0         0
         0         1         1         2         2         1         2         2
         0         1         2         3         1         2         0         0
         0         1         0         0         0         1         1         0
         1         3         0         2         0         0         0         2
         1         0         0         1         1         1         1         1
         0         0         0         1         2         0         1         1
         2         0         0         0         1         3         2         1
         0         0         1         0         1         1         1         0
         2         0         0         1         0         2         0         1
         0         0         1         0         0         0         0         0
         1         0         1         2         1         0         1         1
         1         1         2         0         0         1         0         2
         0         0         1         1         2         1         0         0
         0         1         0         0         1         0         0         1
         0         0         1         0         1         0         1         0
         1         2         0         0         0         2         0         1
         0         1         0         0         1         1         1         1
         0         2         2         0         0         0         0         0
         0         0         1         0         0         0         1         1
         1         2         0         2         2         1         1         3
         0         1         0         0         1         1         0         3
         0         2         1         3         1         1         1         0
         3         5         1         1         2         0         0         0
         1         0         1         0         1         0         0         1
         0         2         2         1         0         1         0         0
         0         1         1         0         1         1         0         1
         1         2         2         1         0         1         0         1
         1         2         1         1         0         1         0         0
         0         1         2         2         0         1         2         0
         0         0         1         1         2         0         1         0
         1         0         2         0         1         1         1         1
         0         1         0         1         1         1         0         1
         0         0         1         0         0         0         0         1
         1         2         1         1         0         0         1         0
         1         0         1         0         0         1         1         0
         0         0         0         0         2         3         0         0
         1         0         1         0         0         0         2         0
         1         1         0         1         0         0         1         0
         1         1         2         0         1         0         1         1
         2         0         0         2         0         1         0         0
         1         0         1         0         0         2         1         0
         0         2         1         1         1         0         2         2
         0         2         0         1         0         2         2         1
         1         1         1         0         0         2         0         2
         2         3         1         1         0         0         1         0
         0         1         0         1         0         0         0         1
         1         1         1         0         0         1         2         0
         1         0         0         1         1         0         2         0
         0         0         0         2         0         0         1         1
         1         2         1         1         1         0         0         0
         2         0         2         2         0         0         0         1
         2         1         1         0         0         0         0         0
         0         1         1         1         2         1         1         2
         0         1         0         1         1         1         2         1
         1         0         3         0         0         0         1         0
         0         1         0         0         0         0         0         2
         2         2         1         0         0         1         1         1
         1         2         1         1         0         1         0         1
         0         0         1         0         0         1         1         0
         1         0         1         0         1         0         1         2
         3         0         0         1         1         1         1         1
         0         1         1         0         1         0         0         1
         1         1         0         1         1         1         0         2
         0         0         0         2         0         0         0         0
         1         1         1         0         1         0         0         0
         0         1         0         1         0         0         1         1
         1         1         1         0         1         1         0         0
         1         1         0         0         0         2         0         1
         0         0         1         0         0         0         0         1
         0         1         0         0         0         0         0         0
         1         0         0         1         2         0         0         0
         0         0         0         0         0         0         3         0
         1         2         0         0         0         2         0         1
         1         0         0         0         0         0         0         0
         0         0         0         0         0         0         0         2
         0         1         1         1         0         1         0         1
         0         1         0         1         0         1         0         0
         1         1         1         0         0         1         0         0
         0         0         0         1         0         0         0         0
         0         1         0         0         0         1         1         0
         1         0         2         0         0         0         0         0
         0         0         0         0         0         0         0         1
         0         1         0         1         0         1         0         1
         0         0         1         0         0         2         0         0
         0         0         2         0         1         1         0         1
         0         1         0         1         0         1         0         1
         1         0         1         0         0         0         0         0
         0         1         0         0         1         0         1         1
         0         0         1         2         0         0         0         1
         1         0         0         2         0         0         0         1
         0         0         1         0         0         0         0         0
         0         0         0         1         1         0         0         0
         0         0         0         2         1         1         0         1
         0         0         0         1         0         1         0         1
         0         0         0         0         1         0         1         0
         0         0         0         0         1         0         0         0
         0         0         0         1         0         0         0         0
         0         2         1         1         0         1         0         0
         0         0         1         0         0         0         0         0
         0         1         1         0         1         0         0         0
         1         0         0         2         0         0         0         1
         0         0         0         0         0         1         0         0
         0         0         3         1         1         0         0         1
         1         1         0         2         0         0         1         0
         0         0         1         0         0         1         0         0
         1         0         0         0         0         0         0         1
         0         2         1         1         1         2         6         7
         9         3         5         6         7         3         4         0
         1         1         0         0         0         0         0         0
         0         0         0         0         0         0         0         0
         0         0         0         0         0         2         0         2
         0         0         0         0         0         0         0         0
         0         1         1         0         1         0         0         0
         0         0         0         0         1         1         0         0
         1         0         1         0         0         0         1         0
         2         0         2         0         1         0         0         0
         0         0         0         0         0         1         0         0
         0         0         0         0         2         0         1         0
         0         0         0         0         1         0         1         0
         2         0         0         0         0         0         0         0
         0         0         0         1         0         0         1         0
         0         0         0         0         0         0         0         0
         0         0         0         0         1         1         0         0
         0         0         0         0         0         0         1         0
         0         0         0         0         1         0         2         0
         0         0         0         1         0         1         1         0
         0         0         0         0         0         0         0         0
         0         1         1         1         0         0         0         0
         0         0         1         0         0         0         0         1
         0         0         0         0         0         0         0         0
         0         0         0         0         1         1         2         0
         0         1         0         0         1         0         0         0
         0         0         1         0         1         0         0         0
         1         0         0         1         0         1         1         0
         0         0         0         0         0         0         0         0
         0         1         0         0         0         0         0         0
         1         1         1         0         0         0         0         1
         0         1         1         0         1         1         1         0
         1         0         0         0         0         1         0         0
         1         1         0         0         0         1         0         1
         1         0         0         0         0         1         0         0
         1         0         0         1         1         0         0         0
         0         0         1         0         0         0         1         0
         0         0         0         1         0         1         0         0
         0         0         0         0         0         0         0         0
         1         0         0         0         0         0         0         0
         0         0         0         0         0         0         0         0
         0         0         0         0         0         0         0         0
         0         1         0         0         1         0         0         0
         0         0         0         0         0         0         0         0
         0         1         0         0         0         1         0         1
         1         0         0         0         0         1         0         0
         0         1         0         0         0         0         1         0
         0         0         0         0         0         0         1         0
         0         1         0         0         0         0         0         0
         0         0         0         0         0         1         0         0
         0         0         0         0         0         0         1         0
         0         0         0         0         0         0         0         0
         0         0         0         0         0         0         0         0
         0         0         0         0         0         0         0         0
         0         0         1         0         0         0         1         0
         0         0         0         1         1         0         0         0
         0         1         0         0         0         0         0         0
         0         0         0         0         0         0         0         0
         0         0         0         0         0         0         0         0
         0         0         1         0         0         1         0         0
         0         0         0         0         1         0         0         0
         0         0         1         0         0         0         0         0
         0         0         0         0         1         0         0         0
         0         0         0         0         0         0         1         0
         0         1         0         0         1         0         0         0
         0         0         0         0         0         0         0         0
         0         0         1         0         0         0         0         0
         0         0         0         1         0         0         0         0
         0         0         0         0         0         0         0         0
         1         0         0         0         0         0         0         0
         0         0         0         0         0         0         0         0
         0         0         0         1         0         0         0         0
         1         0         0         0         0         0         1         0
         1         0         0         0         0         0         0         0
         0         0         0         0         0         0         0         0
         1         1         0         0         0         0         0         0
         1         0         1         0         1         0         0         0
         1         1         0         0         1         1         0         1
         2         3         0         1         0         0         0         0
         0         2         0         1         1         0         0         0
         0         1         0         0         0         2         0         0
         0         0         0         0         0         0         0         1
         0         0         0         0         0         0         0         0
         0         0         0         0         0         0         0         0
         0         0         0         0         0         0         0         0
         0         0         0         1         0         0         0         0
         0         0         0         1         0         0         0         0
         0         0         0         0         0         0         0         0
         0         0         0         0         1         0         0         0
         0         0         0         0         0         0         0         0
         1         1         0         0         0         0         0         1
         1         0         0         0         0         0         0         0
         0         0         0         0         0         0         0         0
         1         0         0         0         0         0         0         0
         0         0         1         1         0         0         0         0
         0         1         0         0         0         0         0         0
         0         0         0         0         0         0         0         1
         0         0         0         0         0         0         0         0
         0         0         0         0         0         0         0         0
         0         0         0         0         1         0         0         0
         0         0         0         0         0         0         0         0
         0         0         0         0         0         0         0         0
         0         0         0         0         0         0         0         0
         0         0         0         0         0         0         0         0
         0         0         1         0         0         0         0         0
         1         0         0         0         0         0         0         0
         0         0         0         0         0         0         0         0
         0         0         0         0         0         0         0         0
         0         0         0         0         1         0         0         0
         0         0         0         0         1         1         0         0
         1         0         1         0         0         0         1         0
         0         0         0         0         0         0         0         0
         0         0         0         0         0         0         0         0
         0         0         0         0         0         0         3         0
         1         0         0         0         0         0         0         0
         0         0         0         0         0         0         0         0
         0         0         0         0         1         0         0         0
         0         0         0         0         0         0         0         0
         0         0         0         0         0         0         0         0
         0         0         1         0         0         0         0         0
         1         0         0         1         0         0         1         1
         0         0         0         0         0         1         0         0
         0         0         0         0         1         0         0         0
         1         0         0         0         0         0         0         0
         0         0         0         0         0         0         0         0
         0         0         0         0         0         0         1         0
         0         0         0         0         0         0         0         0
         0         0         1         0         0         0         2         0
         0         0         0         1         0         0         0         0
         1         0         0         0         0         0         0         0
         0         1         0         0         0         0         0         0
         0         0         0         0         0         0         0         0
         0         0         0         0         0         0         0         0
         0         0         1         0         0         0         0         0
         0         0         0         1         0         0         0         1
         0         0         0         0         0         0         1         0

