h1	4000	1	1	1
         0         0         0         0         0         0         0         0
         0         0         0         0         0         0         0         0
         0         0         0         0         0         0         0         0
         0         0         0         0         0         0        24        34
        39        36        39        74        55        87       102       101
       138       153       243       245       287       367       416       462
       547       584       647       755       819       975      1130      1298
      1462      1710      1838      1828      1945      2059      2137      2439
      2794      3221      3922      4510      5153      5951      6545      7855
      9869     13181     17307     22700     28022     31618     32492     30973
     27215     21382     15773     11343      8576      7305      7355      8019
      8788      9365      9155      8037      6763      5349      3862      2802
      1995      1479      1187      1032       948       936       894       906
       872       899       939       921      1052       937       922       968
       992       942      1061       998       961       971      1085       999
      1069      1100      1048      1005      1121      1088      1096      1141
      1143      1262      1230      1333      1340      1436      1438      1433
      1468      1385      1372      1388      1363      1346      1310      1363
      1376      1394      1412      1484      1403      1519      1497      1540
      1556      1577      1676      1700      1647      1646      1713      1803
      1821      1928      2074      2115      2211      2248      2392      2426
      2462      2420      2390      2369      2290      2239      2324      2236
      2217      2184      2149      2161      2064      2044      2050      2001
      1971      1979      1901      1976      1909      1837      1825      1834
      1821      1781      1820      1821      1728      1764      1807      1766
      1681      1708      1763      1703      1782      1684      1769      1672
      1719      1688      1704      1771      1676      1635      1778      1765
      1716      1695      1696      1698      1828      1791      1735      1782
      1760      1760      1737      1737      1753      1782      1712      1813
      1868      2059      2445      3223      4784      6957     10707     14375
     17701     20087     21108     19303     15979     12238      8411      5473
      3551      2304      1700      1580      1461      1375      1406      1373
      1406      1484      1349      1403      1315      1444      1412      1321
      1456      1385      1377      1425      1431      1355      1332      1405
      1378      1321      1387      1333      1380      1250      1271      1362
      1336      1320      1379      1311      1381      1343      1262      1313
      1256      1413      1401      1427      1470      1498      1499      1522
      1514      1584      1548      1581      1488      1543      1523      1490
      1461      1419      1515      1453      1453      1487      1455      1486
      1430      1477      1405      1513      1425      1509      1462      1556
      1542      1492      1564      1511      1519      1464      1413      1348
      1456      1397      1383      1382      1335      1332      1383      1341
      1290      1348      1310      1262      1261      1241      1283      1285
      1228      1280      1263      1238      1291      1216      1252      1176
      1237      1185      1228      1201      1209      1250      1156      1299
      1242      1246      1158      1179      1152      1204      1216      1177
      1210      1180      1225      1159      1165      1161      1143      1163
      1246      1160      1224      1156      1179      1173      1161      1141
      1151      1203      1126      1196      1161      1111      1145      1129
      1160      1083      1092      1044      1099      1040      1064      1075
      1018       962      1046      1004      1020      1048      1049      1031
      1023      1044       949       983      1024       995      1050      1006
       991       988       956      1062      1053       946      1000      1039
      1015       935      1056       974       939       978      1010       991
       950       988       970       944       928       886       907       954
       919       901       873       921       898       843       917       892
       837       829       904       866       847       876       805       838
       800       832       777       838       813       790       779       793
       770       788       723       811       790       805       751       790
       748       808       816       800       711       834       784       784
       937      1064      1286      1864      2458      3047      3662      3878
      3883      3529      2892      2252      1691      1329       962       824
       797       659       703       702       720       661       639       681
       639       622       651       588       638       620       664       616
       649       835      1202      1799      2824      4020      5215      6119
      6633      6384      5849      4482      3342      2270      1503       985
       716       633       577       548       533       549       543       516
       560       544       597       583       564       561       586       565
       563       543       513       510       515       538       533       533
       540       539       544       475       483       511       451       531
       513       466       501       491       482       524       537       497
       462       515       528       501       515       463       461       478
       481       458       441       460       497       499       413       458
       503       481       525       517       557       585       575       530
       602       522       480       469       500       429       476       423
       453       414       425       424       450       395       426       399
       435       397       440       445       403       410       392       407
       388       383       409       401       402       413       453       402
       410       386       416       385       397       388       444       383
       435       412       405       402       345       393       389       398
       339       402       339       371       423       373       400       383
       396       382       416       382       440       415       405       389
       390       431       421       424       415       388       404       377
       364       372       381       375       405       392       387       357
       423       394       401       388       421       372       458       600
       880      1380      2277      3533      5155      6836      8091      8874
      8649      7717      6004      4384      2855      1770      1022       557
       448       349       344       285       314       303       306       308
       309       298       320       309       313       308       271       303
       270       298       315       277       281       295       296       288
       268       278       277       299       283       287       294       314
       323       326       407       449       520       559       525       549
       509       453       412       323       335       293       280       304
       262       294       286       295       258       269       299       288
       253       305       275       294       289       275       265       257
       266       275       246       276       248       304       271       264
       293       279       310       297       285       280       249       273
       248       268       278       265       241       253       259       244
       265       269       269       259       275       265       253       251
       243       259       247       276       276       270       249       258
       254       252       281       253       261       250       277       258
       253       237       267       262       306       293       321       366
       496       576       637       775       862       835       809       689
       580       446       345       313       307       285       257       267
       278       256       263       259       261       250       247       248
       235       221       221       238       252       251       261       250
       240       259       256       260       226       250       222       251
       231       242       253       244       254       274       230       250
       242       229       251       232       220       253       235       237
       245       244       237       257       241       257       265       298
       364       420       540       765       827       910       979       964
       897       714       551       421       363       303       265       225
       238       184       225       234       239       246       240       236
       232       248       250       252       250       211       211       249
       237       239       233       229       230       242       239       242
       243       248       238       252       246       266       240       223
       239       209       238       230       253       224       250       267
       225       232       233       210       245       216       223       223
       216       219       225       206       223       206       238       223
       244       214       243       211       215       218       222       224
       213       233       216       240       237       256       241       242
       227       274       268       271       293       278       321       306
       299       342       281       251       279       253       245       238
       241       245       257       231       228       248       229       229
       244       221       226       246       238       222       257       280
       218       225       283       280       267       249       246       268
       215       224       211       220       253       247       226       255
       233       225       261       225       250       229       236       240
       235       206       241       209       221       252       243       213
       232       235       239       254       206       259       260       243
       224       250       251       230       218       221       228       247
       226       228       198       235       229       206       251       238
       222       228       252       226       233       247       248       248
       239       242       234       226       224       230       250       218
       233       223       232       236       244       218       226       208
       221       195       224       221       233       248       241       222
       254       257       228       236       226       230       210       246
       255       232       224       248       242       267       213       250
       229       265       221       244       222       232       279       229
       233       220       247       213       221       237       247       264
       286       256       267       282       303       380       342       356
       345       347       343       287       276       254       258       244
       278       253       252       234       234       224       254       217
       255       196       239       230       223       227       245       250
       228       244       245       247       250       262       253       247
       246       238       237       244       244       227       253       298
       303       283       292       328       298       291       302       267
       255       241       229       199       203       209       226       211
       221       208       239       214       200       193       197       207
       189       201       241       232       204       218       205       205
       212       205       221       202       227       196       238       212
       223       192       214       189       236       192       199       207
       225       209       240       236       200       183       202       183
       207       225       199       183       205       193       197       198
       198       188       180       212       200       208       195       183
       215       207       202       208       208       204       193       206
       220       191       210       228       222       179       200       192
       215       216       183       211       193       208       207       220
       187       186       202       176       186       213       211       192
       189       206       203       191       196       196       216       200
       190       197       206       193       173       220       194       212
       217       192       180       202       189       184       180       182
       185       186       210       175       186       205       191       226
       185       212       205       205       201       210       229       226
       196       224       233       185       204       216       205       220
       178       197       200       214       213       201       162       209
       216       208       214       198       177       184       193       181
       190       199       182       233       194       188       203       215
       217       220       211       243       214       232       253       222
       263       274       290       285       250       224       258       246
       221       195       197       197       199       175       197       184
       184       198       261       248       284       307       321       289
       318       335       291       248       227       233       201       175
       184       167       199       166       184       169       175       176
       194       162       161       156       186       221       191       185
       174       187       182       171       207       187       180       164
       170       201       194       179       187       190       212       173
       203       177       172       196       206       203       215       221
       203       194       207       199       195       169       199       235
       195       230       246       230       261       238       229       227
       223       179       213       228       215       213       214       214
       199       219       225       204       177       181       199       199
       205       178       205       185       190       191       196       191
       196       202       174       202       204       205       195       201
       180       199       203       171       179       198       214       211
       185       211       195       199       214       204       205       193
       199       219       203       233       206       201       231       226
       185       183       210       199       195       210       228       193
       195       203       196       194       215       211       196       179
       183       200       172       209       173       191       190       188
       164       199       161       168       193       226       202       204
       222       217       206       205       194       219       169       162
       182       193       172       182       180       198       178       191
       181       184       161       251       270       357       541       793
      1161      1479      1808      2006      2086      2028      1665      1329
       949       671       446       276       221       185       143       180
       160       173       168       156       153       154       156       143
       159       189       185       165       148       171       169       180
       148       181       162       156       167       160       165       152
       194       134       166       163       165       150       175       167
       164       157       161       166       175       154       148       178
       179       152       138       147       163       131       192       183
       209       212       209       247       167       186       190       171
       171       166       178       181       146       177       186       171
       176       157       163       166       150       144       158       170
       175       155       146       152       165       155       162       160
       185       179       172       166       156       143       171       173
       159       137       140       172       161       138       162       179
       185       158       176       144       168       142       139       170
       160       172       176       154       188       174       188       178
       180       170       201       188       169       159       183       168
       175       157       166       173       175       169       169       144
       152       177       153       157       178       188       137       180
       194       150       180       145       181       154       202       148
       153       176       172       172       164       162       186       183
       170       185       189       168       194       190       243       261
       331       426       519       619       670       738       679       668
       560       448       303       261       205       185       192       164
       184       155       177       137       167       157       166       185
       156       160       171       147       160       140       163       157
       156       143       140       150       156       146       179       156
       122       153       139       126       148       146       142       137
       134       146       162       158       157       154       134       126
       138       142       158       162       152       133       150       135
       143       149       149       140       157       172       156       156
       175       137       155       144       129       149       125       149
       155       119       151       124       143       115       132       127
       124       124       132       114       126       118       127       113
       124       117        98       128       104       129       124       116
       127       152       150       155       178       185       182       175
       169       139       132       136       103       137       123       138
       117       148       131       139       136       147       135       113
       114       114       107       105       124       102       117       107
       120       103       131        97       118       105       100        96
       104       101       100       114        89        92        86        91
        92        88       103       101       105        99        91        94
        94       109       104       109       106       106       106       105
        97       128        98       108        94        85       122        90
       100        91       102        92       125        96       110       107
        92       102       130       112       116       149       173       213
       334       496       743      1043      1342      1667      1810      1846
      1703      1453      1104       849       506       371       214       152
       108       100        84        87       103        96        73        78
        97        86        88        76        86        99        96        87
        97        74        80        77        70        81        75        87
        86        77        74        89        90        79        80        72
        84        82        85        79        78        84        85        87
        67        81        88        98        92        89        75        81
        82        61        90        90        78        79        83        83
        74        82        89        87        80        90        98        73
        91        88        99        97       115       120       163       175
       177       165       171       164       135       119       119        76
        89        76        70        69        83        80        76        81
        85        82        73        57        80        64        70        67
        76        76        78        79        78        66        67        60
        77        75        53        65        67        73        77        81
        56        73        62        68        60        61        52        68
        71        69        70        79        83        82        66        70
        57        78        72        63        71        80        59        66
        84        77        77        75        85        73        71        73
        72        81        62        70        52        67        62        79
        76        83        76        53        70        67        74        55
        75        64        70        78        61        88        59        72
        64        57        79        74        65        82        63        66
        80        56        71        77        64        69        70        69
        84        92        71        53        78        74        66        74
        68        69        63        55        65        63        67        78
        65        79        73        69        72        84        91        64
        79        76        64        79        69        68        78        70
        82        79        66        92        79        70        74        70
        81       111       126       156       259       337       487       723
       889      1094      1229      1181      1123      1021       831       675
       503       400       342       290       273       222       182       156
       101        93        75        78        74        68        83        58
        72        64        64        63        58        65        72        72
        85        79        71        64        68        71        76        81
        66        85        86        60        97        93       124       151
       234       311       499       702      1009      1313      1403      1567
      1567      1407      1063       838       595       366       252       149
        99        83        70        79        68        69        69        83
        76        78        80        93        88        85        77       104
        86        67        72        69        67        73        82        54
        72        86        66        67        67        71        54        73
        75        73        61        68        63        71        61        63
        70        77        83        90        61        70        70        83
        58        67        86        70        71        73        74        65
        66        79        76        61        75        68        58        72
        83        91        83        84        79        89       107        87
        82        87        81        69        87        78        87        80
        62        92        80        69        77        70        65        81
        74        74        80        84        80        90        77        68
        76        79        80        80        67        70        80        69
        83        75        92        87        71        87        94        76
        90        85        84        83        86        90        89        75
        76        78        73        84        84        88       106        71
        81        84        81        66        62        72        82        70
        70        73        85        80        83        65        65        69
        87        79        69        79        68        65        72        64
        56        70        78        47        72        56        65        68
        58        62        61        61        54        75        54        50
        53        63        50        51        61        44        37        51
        48        51        43        43        60        54        54        63
        67        60        53        62        84       102       128       171
       157       175       182       170       166       125       107        99
        70        63        34        46        46        43        54        53
        41        39        36        43        42        34        42        41
        50        43        41        51        35        50        32        50
        39        39        53        46        37        41        39        43
        41        48        54        52        46        53        47        50
        43        49        36        33        49        40        43        37
        44        36        37        40        35        45        52        34
        40        35        35        39        37        34        44        44
        47        43        56        52        46        62        53        38
        45        49        51        43        40        31        38        29
        36        25        43        40        32        40        26        38
        23        37        39        34        42        38        30        33
        29        36        34        36        40        30        33        29
        35        33        23        25        36        33        31        36
        28        33        40        49        50        54        46        32
        57        36        36        22        32        25        22        33
        14        23        34        23        20        28        28        27
        23        13        20        29        29        24        15        14
        19        17        28        23        27        18        20        33
        40        26        27        31        24        33        33        41
        48        67        73       104       151       172       184       156
       163       118       104        92        53        44        22        14
        19        17        17        23        14        23        15        19
        14        15        12        20        15         7        20        17
        18        14        12        11        18        18        12        17
        17        13        12        12        13        13        12        13
        18        13        13        10         6        17        12         7
        16         9         6         6         5        11        13         6
        11        15         5        15         6         5        16        21
        11        13        11        16        11        10        13        14
        14        14        16         7         6        11        13         7
        10        10         6         7        12         9        15         9
        15         9        13        12        12        11        15         7
         7         7        19        14        14        14         7        10
        13        10        14         6         8        10         9        10
         7         8         6         8        12        10        11         5
        15        10         8         9         8        16        12         8
        15        13        11         8        10        12        11        11
        11         6        10         5         8        11        13         3
         8        12        10         8         3        11         8         6
         5         7         5        11         2         8        12         7
         4         9        10         9         7         3         9        14
         7         6         6         8         5        11         6         8
        11        15        12         7        11         8         4         8
         8         4         9         8         5        10        11         5
         8        13         7         9        13         9        13        13
        14        13        13        27        30        43        54        87
       139       241       384       594       857      1160      1521      1744
      1752      1755      1545      1186       914       623       396       187
       120        53        12        12         3         4         3         3
         2         3         3         4         3         1         3         2
         2         6         3         5         3         2         5         2
         1         1         4         1         6         2         5         4
         2         2         4         2         8         4         6         1
         3         8         2         0         2         3         3         3
         3         3         3         3         5         4         2         4
         2         5         0         4         7         3         8         7
         7         7        11        19        21        15        23        19
        30        14        17        17        15        11        10         9
         7        13         6        17         9        13        14        29
        39        50        49        40        43        47        43        40
        36        42        21        26        20        17        12         7
         2         4         2         0         1         2         3         2
         1         1         2         3         5         1         1         1
         1         0         1         3         2         1         3         1
         6         0         1         2         3         1         2         5
         1         0         1         0         2         2         0         1
         1         3         0         2         3         2         0         3
         4         3         1         4         6         2         5         3
         2         1         5         1         4         3         2         1
         2         1         3         4         4         2         2         3
         2         2         3         1         1         0         5         2
         4         2         1         2         0         5         3         2
         2         2         1         1         3         2         0         4
         1         1         1         2         0         3         2         1
         2         2         0         2         2         0         3         4
         1         0         3         1         2         1         3         5
         5         6        13         5        10        21        23        48
        31        37        31        37        28        28        17        21
        12         6         4         3         1         1         2         3
         0         0         0         1         0         0         1         1
         2         1         0         2         1         1         2         2
         0         2         1         2         1         0         1         1
         1         1         0         1         2         0         0         2
         0         1         1         0         3         0         0         0
         1         0         3         1         0         3         2         1
         0         2         0         2         1         0         2         3
         1         1         0         2         0         1         0         2
         0         1         3         0         1         3         1         3
         2         0         1         2         2         0         0         0
         1         0         0         2         0         0         3         1
         2         1         1         1         3         1         4         3
         1         3         2         0         1         3         1         2
         4         1         1         2         0         3         1         0
         5         2         3         1         2         1         0         2
         1         0         1         4         1         1         2         1
         1         3         3         3         1         1         0         3
         0         1         2         2         1         4         2         0
         2         0         4         0         2         0         1         2
         1         0         1         1         0         4         0         2
         3         0         2         1         1         1         2         1
         2         3         1         1         1         0         1         2
         1         2         0         3         1         0         1         0
         3         0         0         1         1         1         2         1
         0         1         2         1         0         0         0         0
         0         1         0         1         2         0         1         1
         4         0         0         3         0         1         3         1
         1         2         1         2         2         1         0         0
         1         2         3         0         0         2         2         1
         3         1         0         1         0         2         0         0
         0         0         0         2         1         3         0         0
         1         1         1         0         4         3         0         1
         0         0         2         0         1         0         0         0
         0         0         1         3         1         2         1         0
         0         0         2         0         1         1         1         1
         0         1         1         0         3         0         0         1
         3         0         2         2         1         0         1         1
         3         1         0         0         0         1         0         2
         1         0         0         2         2         2         1         0
         0         3         0         2         1         1         1         0
         0         0         0         0         1         0         0         2
         0         0         2         0         0         2         0         0
         0         1         0         1         0         1         0         1
         1         0         2         0         0         0         1         1
         0         2         1         1         3         0         0         0
         0         1         0         1         0         0         1         1
         2         0         1         2         0         1         2         1
         2         2         1         1         1         1         0         3
         0         0         1         1         1         1         1         3
         2         0         2         1         1         1         0         1
         1         1         1         2         1         1         1         2
         0         0         1         2         1         2         0         1
         0         1         0         1         0         1         1         2
         0         2         1         1         0         0         0         1
         0         4         0         1         0         0         0         2
         0         0         2         0         1         2         0         1
         0         0         2         4         1         2         2         1
         5         8         3         7         5         6         5         3
         3         1         3         1         0         0         0         1
         3         0         0         1         0         1         1         1
         0         0         0         0         0         1         0         0
         0         0         1         0         0         1         0         0
         1         0         0         0         1         1         1         0
         2         0         0         0         0         0         1         0
         0         1         0         0         1         0         0         0
         2         1         0         1         0         1         2         1
         0         1         1         0         0         3         0         3
         0         0         2         2         0         0         1         0
         0         1         1         0         0         0         1         0
         0         1         0         0         0         0         1         0
         1         0         0         1         0         0         1         1
         1         0         1         0         0         0         1         0
         0         0         0         1         0         0         3         0
         1         0         0         1         0         1         0         1
         1         0         0         1         1         0         0         1
         0         1         2         3         0         2         1         0
         3         1         3         0         2         0         0         0
         1         2         0         1         0         1         2         1
         1         3         1         3         1         1         1         1
         1         0         0         0         0         0         0         1
         1         1         0         1         1         1         2         1
         0         1         1         0         0         0         0         0
         1         0         1         0         0         2         0         1
         1         1         0         0         0         2         0         1
         1         0         1         1         3         2         0         0
         0         3         0         0         0         0         0         1
         0         0         0         0         0         1         0         3
         0         0         1         0         0         0         0         0
         0         0         0         0         0         0         0         1
         0         1         1         1         0         1         0         1
         0         1         1         1         1         0         3         1
         2         0         1         0         0         2         0         2
         1         0         1         0         1         0         0         0
         0         0         0         0         0         0         2         1
         0         2         1         0         0         0         1         0
         0         0         0         0         0         0         2         1
         0         2         1         0         0         1         1         0
         0         1         2         0         1         1         1         0
         0         1         0         2         0         0         2         1
         1         1         3         0         0         1         0         0
         0         0         0         0         1         1         1         0
         2         3         0         1         1         0         0         1
         0         0         2         1         0         0         0         1
         1         0         1         0         0         1         0         0
         0         0         0         0         0         1         1         0
         0         0         1         1         1         1         0         0
         2         0         1         1         0         0         0         2
         1         0         2         1         0         2         1         0
         0         0         2         1         0         0         0         1
         0         0         0         1         0         1         0         1
         2         0         0         0         0         0         1         0
         0         1         0         0         2         2         0         0
         0         0         0         0         0         1         0         0
         0         0         1         3         0         2         0         1
         1         2         0         0         0         0         2         0
         0         0         1         1         1         0         1         0

