h7	4000	1	1	1
         0         0         0         0         0         0         0         0
         0         0         0         0         0         0         0         0
         0         0         0         0         0         0         0         0
         0         0         0         0         0         0      1030      1224
      1466      1793      2008      2195      2509      2954      3764      4853
      5939      6338      5363      3808      2683      2336      2610      3014
      3392      3558      3769      4129      4732      6113      8273     10462
     13407     20920     39588     72729    104266    109981     80875     43287
     18643      9635     10770     18171     27818     33100     28906     19524
     10498      5165      2843      2065      1942      2018      2026      2013
      1961      1981      2003      2018      2143      2217      2190      2122
      2271      2200      2232      2241      2270      2336      2260      2343
      2339      2370      2463      2544      2542      2692      3108      4228
      5939      6950      6546      5030      3607      2952      2720      2937
      2845      2899      3041      3023      3212      3212      3428      3584
      3994      4626      5196      5603      5682      5704      5664      5480
      5516      5403      5444      5422      5415      5284      5164      5247
      5029      4956      4778      4566      4412      4450      4357      4317
      4165      4054      4114      3936      4055      3921      3918      3880
      3905      4027      4274      5783      9124     17181     33585     58531
     77827     75009     49848     23310      8601      3505      2412      2230
      2169      2185      2181      2194      2144      2217      2210      2245
      2233      2171      2193      2273      2229      2259      2232      2274
      2272      2312      2357      2385      2408      2362      2324      2430
      2454      2424      2511      2441      2524      2483      2514      2478
      2524      2527      2538      2544      2515      2476      2591      2688
      2537      2660      2602      2542      2593      2560      2609      2628
      2611      2758      2732      2791      2913      3005      3049      2755
      2751      2664      2567      2532      2702      2682      2672      2710
      2597      2614      2560      2586      2664      2573      2654      2607
      2610      2645      2627      2634      2669      2698      2571      2673
      2675      2718      2624      2603      2650      2711      2576      2676
      2741      2766      2800      2757      2715      2754      2810      2794
      2753      2841      2935      2932      2937      2915      2886      2981
      3044      3060      3018      3111      3200      3212      3056      3242
      3256      3280      3339      3297      3285      3222      3255      3273
      3304      3296      3278      3256      3276      3367      3439      3519
      3626      3713      3799      3956      3872      3917      3944      3981
      4033      3903      3844      3937      3896      3827      3737      3780
      3729      3577      3674      3718      3801      4130      4501      4709
      4481      3972      3718      3426      3301      3240      3163      3038
      3148      3072      3121      3009      3006      2938      2837      2907
      2974      2865      2835      2753      2791      2707      2755      2746
      2698      2661      2689      2690      2582      2682      2573      2683
      2677      2500      2556      2556      2567      2445      2505      2459
      2458      2469      2476      2406      2433      2406      2512      2401
      2407      2482      2384      2374      2372      2426      2342      2364
      2331      2302      2321      2264      2433      2292      2211      2282
      2158      2298      2221      2134      2138      2212      2284      2195
      2162      2244      2163      2291      2219      2207      2129      2176
      2149      2098      2110      2096      2079      2033      1983      1941
      2027      1994      1903      1828      1808      1795      1828      1666
      1708      1622      1669      1589      1600      1566      1487      1503
      1525      1472      1433      1433      1419      1384      1400      1385
      1359      1368      1419      1325      1328      1389      1308      1299
      1378      1412      1559      1800      1930      1868      1674      1375
      1280      1257      1256      1281      1223      1155      1223      1174
      1216      1186      1111      1199      1138      1067      1049      1082
      1094       987      1015      1134      1056      1054       962       991
       988      1016      1012       929       933       971       903       942
       926       938       924       847       891       870       889       881
       833       878       918       873       852       846       812       849
       797       842       818       771       858       803       766       732
       736       777       808       759       752       668       740       766
       724       751       697       678       710       631       689       669
       698       665       670       677       688       665       654       668
       633       639       649       630       665       576       634       612
       642       638       577       609       585       565       578       598
       650       621       750      1394      3112      5657      8361      8841
      6582      3628      1646       794       554       600       541       544
       483       503       524       491       530       516       507       486
       518       530       493       519       485       504       444       466
       458       496       448       504       479       450       484       490
       462       506       445       487       478       460       420       456
       447       502       446       471       471       494       616      1113
      2918      7324     13914     19212     19139     13736      6950      2805
       997       512       396       455       442       412       401       400
       362       340       395       346       383       358       357       375
       321       366       383       330       325       342       316       295
       337       359       327       323       312       338       319       325
       345       325       346       307       320       324       278       323
       317       308       321       288       308       278       317       329
       309       293       294       298       319       308       366       388
       381       428       437       357       322       332       293       326
       339       347       352       335       321       267       325       264
       323       289       291       290       298       293       292       278
       298       289       300       292       278       281       292       297
       281       306       305       304       319       318       341       414
       754      2133      7232     18627     37340     53385     55542     40632
     21441      8127      2298       484       167       128       127       114
       119       112       138       111       125       135       126       121
       133       124       125       130       134       118       126       117
       109       126       131       131       130       138       138       130
       110       128       136       120       142       135       118       150
       146       158       114       126       135       146       168       173
       267       690      1693      3897      6540      7869      6938      4317
      2169       926       583       562       431       305       177       127
        96       103       148       161       178       149        99        93
        68        58        60        47        65        46        51        62
        66        63        49        48        66        60        51        54
        52        41        49        59        48        58        56        57
        56        48        59        62        63        53        66        52
        73        64        50        66        71        63        60        68
        74        89       125       120        93        79        74        59
        70        74        89        68        61        83        71        61
        54        60        56        51        61        67        62        70
        48        53        50        42        50        56        47        35
        48        49        57        54        49        47        50        49
        47        47        59        66       113       215       307       411
       348       199       128        52        30        37        24        24
        29        31        24        30        26        29        32        29
        32        29        28        26        20        30        30        32
        30        27        30        29        26        22        28        18
        29        31        31        27        26        23        25        24
        25        35        25        31        32        24        28        22
        22        29        33        23        23        23        28        20
        28        22        15        25        25        23        30        26
        26        15        15        26        11        13        24        25
        22        30        20        20        29        23        21        19
        19        26        20        23        19        16        14        19
        15        23        14        14        17        25        20        18
        26        17        22        11        24        24        18        17
        13        22        16        21        14        14        22        13
        20        26        10        14        18        20        18        14
        17        22        17        19        16        13        18        20
        12        19        18        21        22        21        10        12
        15        16        21        11        16        15        24        13
        26        12        18        22        20         8        26        23
        22        16         8        16        15        17        21        18
        19        13        15        14        13        16        20        16
         9        16        10        17         9         9        18        15
        10        14         8        11        19        12        11        10
         8        15        13        10         9        10        11        13
        14         3        14        12        10         7        13        13
        16         5         8        14         8         6         7        13
        15         6        10        11         8        11        15        12
        11        11        10        10        12         9        19        11
        14         8         7        10         8         9        13        16
        12         7        17        13        10         7         7        12
         9         2         7        11        11         8         9        12
         5         8        14         4        10         9         7         9
         7        10        14         8         6        10         8         5
         8         5         5         7         5         6         3         7
        11         8         8         7         5         4        12         8
         7        13         5         9         3        11         7         4
         4         7        13        12        10         7         9         8
         6         8         3         8         7         5         8         7
         8         8        10         5         2        10         6         5
         3         9         5         7         4        10         9         7
         5         3         6         9         5         4        13         7
        11         3         7         3         5         7         7         9
         6         5         8         5         7         4         9         8
         7         8         8         7         4         2         4         4
         2         6         3         7         5         5         9         7
         4         7         6         7         6         2         6         2
         7         6         3        10         1         5         7         4
         3         8         4         3         2         7         5         6
         4         5         1         4         5         8         6         5
         4         4         4         8        15         5         8         5
         1         5         8         3         5         7         6         4
         4         6         6         5         7         4         4         4
         3         1         7         5         7         1         2         3
         4         3         6         3         2         1         6         2
         3         5         6         3         5         5         6         4
         9         7         5        12         7         6        12         2
         8         7         4         4         3         3         2         4
         6         2         4         1         6         3         2         6
         4         2         3         4         2         5         4         1
         4         5         4         3         4         6         5         2
         5         5         4         4         5         6         2         1
         1         6         3         3         1         4         7         4
         2         2         2         1         7         7         2         7
         3         4         1         6         4         3         5         2
         3         2         0         4         1         3         2         4
         4         5         6         5         4         5         2         3
         5         3         3         4         1         3         2         6
         5         2         3         3         3         1         5         2
         6         4         2         1         6         7         9        18
         7         5         9         7         2         2         2         1
         2         3         1         3         0         0         5         2
         3         1         2         4         2         1         5         0
         0         2         2         3         4         2         5         0
         0         3         0         4         0         2         0         1
         3         3         4         4         3         0         0         2
         2         2         1         5         3         2         2         1
         3         0         3         3         1         2         3         4
         1         0         3         3         0         3         2         1
         1         2         0         0         2         1         1         4
         0         0         1         1         4         0         1         0
         4         1         2         4         2         3         0         0
         1         3         3         1         2         2         2         3
         0         2         5         0         2         1         2         2
         4         2         6         1         1         0         0         2
         0         0         0         2         2         1         4         4
         1         1         0         0         2         2         2         0
         1         1         2         2         1         2         1         1
         0         3         1         0         2         0         4         0
         2         1         0         1         1         3         3         1
         2         0         2         1         0         1         0         2
         1         2         4         0         1         3         0         1
         0         0         0         2         0         1         1         0
         2         1         0         0         2         1         0         2
         2         0         1         2         0         1         2         1
         2         1         0         2         2         0         3         1
         1         1         2         2         2         0         1         2
         1         1         0         1         0         0         2         1
         2         2         0         0         1         1         1         3
         3         2         0         1         0         3         0         0
         0         3         1         0         0         2         0         1
         0         3         0         2         2         0         0         0
         1         0         0         0         0         2         2         2
         0         0         1         1         0         1         0         1
         4         2         0         2         2         0         0         0
         3         2         1         1         2         0         1         6
         1         0         1         1         1         4         2         2
         2         0         2         1         1         3         2         0
         0         1         1         2         0         0         0         0
         0         0         0         0         0         0         2         2
         3         3         1         0         3         0         1         0
         1         2         1         1         0         0         2         1
         3         1         0         1         2         2         0         0
         0         0         2         0         1         2         2         1
         0         3         6         3         1         3         1         1
         2         0         0         1         2         2         2         0
         3         0         1         0         2         0         0         4
         0         2         4         1         1         0         1         0
         0         0         3         1         0         1         0         0
         1         2         0         2         3         1         1         4
         0         1         1         1         2         0         0         1
         1         2         0         3         0         1         1         1
         0         1         2         1         0         0         0         0
         1         0         1         0         1         3         0         0
         0         1         3         0         2         0         1         0
         2         0         4         1         1         1         2         1
         1         0         1         0         1         0         0         1
         1         0         1         0         0         1         0         2
         1         1         1         0         0         4         0         2
         1         0         2         0         1         1         1         1
         1         0         1         0         0         2         0         0
         1         0         3         0         0         0         1         0
         1         1         1         0         3         2         1         0
         1         2         0         0         4         1         1         6
         3         0         2         1         0         1         1         1
         2         0         1         3         2         0         2         0
         2         0         0         0         1         1         0         1
         0         1         0         2         1         1         1         2
         0         1         0         0         0         0         0         0
         1         0         1         1         0         1         1         2
         0         1         0         0         1         2         0         0
         1         0         1         0         0         0         0         0
         1         2         1         0         2         2         1         1
         0         1         2         0         0         1         0         0
         0         1         2         0         1         0         1         0
         1         0         1         0         0         0         0         0
         0         0         3         1         3         0         1         3
         0         1         1         1         1         0         0         4
         1         2         2         2         3         0         2         1
         2         0         1         0         4         0         0         2
         1         2         0         0         0         0         0         3
         0         0         0         4         0         0         1         2
         1         0         0         1         2         0         0         0
         0         0         0         0         0         1         1         0
         3         0         0         0         1         0         0         2
         1         0         1         1         0         0         1         0
         0         1         0         0         0         1         0         1
         0         0         1         2         1         1         0         2
         0         0         1         1         3         0         0         0
         0         1         1         0         0         3         1         1
         1         0         1         1         0         0         0         1
         1         0         1         0         1         1         0         1
         1         1         1         1         0         0         1         2
         1         1         2         0         0         0         1         0
         1         1         1         0         2         1         2         0
         1         0         3         0         0         0         1         1
         2         4         2         1         1         1         1         2
         2         1         1         2         1         0         3         3
         1         0         1         1         1         1         0         1
         1         1         0         1         1         0         2         0
         2         2         2         1         0         0         1         0
         2         1         0         0         0         1         1         1
         0         1         1         1         0         0         0         1
         0         2         1         1         1         1         0         1
         0         0         2         0         1         0         0         1
         0         1         2         0         0         0         2         2
         3         0         3         0         0         0         1         1
         0         2         0         0         0         1         0         0
         1         1         0         1         2         1         2         1
         0         0         1         0         0         0         0         0
         0         0         0         0         0         0         0         0
         0         0         1         0         1         0         1         1
         1         1         0         0         1         0         1         0
         0         1         1         0         0         1         0         2
         0         3         1         1         1         1         1         0
         1         1         0         1         3         0         1         1
         0         0         2         1         1         0         0         1
         0         1         0         0         2         0         1         0
         2         0         0         0         0         2         0         0
         0         0         0         1         0         2         0         0
         0         2         0         0         0         0         2         0
         1         1         0         2         1         1         1         1
         1         0         0         0         2         0         0         0
         0         0         1         2         0         2         1         1
         0         1         0         1         0         1         0         1
         0         0         2         0         2         0         0         0
         0         1         0         0         0         1         0         0
         0         1         0         1         1         0         0         1
         0         0         1         0         1         2         0         1
         0         0         2         1         0         1         1         0
         1         0         0         1         2         0         3         0
         0         2         1         0         2         1         0         1
         1         0         0         0         0         0         0         2
         0         0         0         1         1         2         0         1
         1         1         0         0         0         2         1         3
         1         0         0         3         0         0         1         0
         1         1         0         0         1         0         1         1
         0         0         3         1         0         2         2         2
         2         0         2         0         1         0         0         0
         2         0         3         0         0         0         0         1
         1         2         2         0         0         0         0         1
         1         0         0         0         0         0         0         0
         1         2         0         0         1         0         1         0
         0         0         1         1         2         0         0         0
         1         0         0         0         1         1         0         1
         1         0         0         0         1         0         0         1
         0         1         1         0         0         0         0         1
         1         0         1         0         0         0         2         0
         0         0         1         1         1         0         0         0
         2         0         0         0         1         1         1         0
         1         0         2         0         1         1         0         0
         1         0         0         0         1         0         0         0
         1         1         0         0         0         0         0         1
         0         0         0         2         0         1         0         0
         0         0         1         2         1         1         0         0
         1         0         0         1         1         0         0         0
         0         0         0         0         0         0         0         0
         0         0         0         1         0         0         1         1
         1         0         0         0         1         0         0         0
         0         1         0         1         0         1         1         0
         0         2         0         0         0         2         1         1
         0         1         1         1         0         2         0         0
         0         1         0         0         1         0         0         0
         0         0         0         1         2         0         1         0
         0         1         0         0         0         0         1         1
         0         0         0         0         1         1         2         0
         1         1         3         2         0         1         0         0
         0         0         0         1         0         0         0         0
         0         2         0         0         1         0         1         0
         0         1         0         1         0         0         2         0
         1         0         0         0         0         1         0         0
         0         0         0         0         0         0         0         0
         0         1         0         0         3         0         0         0
         1         1         0         2         0         0         1         0
         0         1         0         0         0         1         0         0
         1         1         0         2         0         0         1         1
         1         0         0         0         0         1         1         1
         0         0         0         0         0         0         1         1
         1         0         0         0         2         2         0         1
         1         2         1         1         0         0         1         0
         2         0         1         0         0         1         0         0
         0         1         0         1         0         0         0         0
         0         1         0         1         0         0         1         0
         1         1         0         0         0         1         1         0
         0         0         0         0         0         0         0         1
         0         0         0         0         1         0         0         0
         0         0         0         0         0         2         5         6
         7         5         1         6         2         1         1         0
         1         1         0         0         0         0         2         0
         0         0         0         0         1         0         0         0
         0         0         0         1         0         0         1         0
         2         0         0         0         0         0         0         0
         0         0         2         0         0         1         0         0
         0         0         0         0         0         0         0         0
         0         0         1         2         0         0         0         0
         0         0         0         0         0         1         0         2
         1         0         0         0         0         0         0         0
         0         0         0         0         0         0         0         0
         0         0         0         0         0         0         0         0
         1         1         1         0         0         0         1         1
         0         1         0         0         0         0         0         0
         0         0         1         0         0         0         0         0
         0         0         1         0         0         0         0         1
         0         0         0         0         1         0         0         0
         0         1         0         0         0         0         1         0
         1         0         0         0         0         0         0         0
         0         1         0         0         0         0         0         0
         0         0         0         0         0         0         0         0
         0         0         0         0         0         0         0         0
         1         0         0         0         0         1         0         0
         2         0         0         0         0         0         0         0
         0         0         0         0         0         0         0         0
         0         1         0         0         0         0         0         0
         0         1         0         0         0         0         0         0
         0         0         0         0         0         0         0         0
         0         0         0         0         0         0         0         1
         0         0         1         0         1         0         1         1
         0         1         0         0         0         0         0         0
         2         0         0         0         0         1         1         0
         0         0         0         0         0         1         0         0
         0         0         1         1         0         0         1         0
         0         0         0         0         0         1         0         0
         1         1         1         0         0         0         1         0
         0         0         0         0         0         0         0         0
         0         0         1         0         0         1         0         0
         0         0         0         0         1         0         0         0
         0         0         0         0         0         1         1         0
         0         0         0         0         0         0         1         0
         0         0         0         1         0         0         0         0
         1         0         0         0         0         0         1         0
         0         0         0         0         0         1         0         0
         0         0         0         0         0         0         0         0
         0         0         1         1         0         0         0         0
         0         0         1         0         0         1         0         0
         1         0         0         0         0         0         0         0
         0         0         0         0         1         0         0         0
         0         0         0         0         0         0         0         0
         0         0         1         1         1         0         0         0
         1         0         0         0         0         0         0         0
         0         0         0         1         0         0         0         0
         1         0         0         0         0         0         0         1
         0         0         0         0         1         0         0         0
         0         0         0         0         0         0         0         0
         0         1         0         0         0         0         0         0
         0         0         0         1         0         1         0         0
         1         2         0         0         0         0         0         1
         0         0         0         0         0         0         1         0
         0         0         0         0         0         0         2         0
         0         1         1         1         0         0         1         0
         0         0         0         0         0         0         0         0
         0         0         0         1         0         0         0         0
         0         0         0         1         2         0         1         0
         0         0         0         0         0         1         0         0
         0         0         0         1         0         0         0         1
         0         0         0         0         0         0         0         0
         0         1         0         0         0         0         0         0
         0         0         0         0         0         0         0         0
         0         0         1         0         0         0         0         0
         0         0         0         0         0         0         0         0
         0         1         1         0         1         0         0         0
         0         0         1         1         1         0         0         0
         0         1         0         0         0         0         0         0
         0         1         1         0         0         1         2         3
         4         0         0         0         0         0         0         1
         0         0         0         0         0         0         0         0
         0         0         0         0         0         0         1         0
         0         0         0         1         2         0         0         0
         0         0         0         0         0         0         1         0
         0         0         1         0         0         0         0         1
         0         0         0         0         0         0         0         0
         0         0         0         0         1         0         0         1
         0         0         1         0         0         0         0         0
         0         0         1         0         0         0         0         0
         0         0         0         0         0         0         0         0
         0         0         0         0         0         0         0         0
         0         0         0         0         0         0         0         1
         1         0         0         0         1         0         0         0
         0         0         0         0         0         0         0         0
         2         0         0         0         0         0         0         0
         0         0         0         0         0         1         0         0
         1         0         0         0         1         0         0         0
         0         0         0         0         0         0         0         0
         0         0         1         1         0         1         0         0
         0         1         1         0         0         0         0         0
         0         0         1         0         0         0         0         0
         0         0         0         0         0         1         0         0
         0         0         0         1         0         1         0         1
         0         0         1         0         0         0         0         0
         1         0         0         0         0         0         0         0
         0         0         0         0         0         0         1         0
         0         0         0         1         1         0         0         0
         0         0         0         0         0         0         0         0
         1         0         1         0         1         0         0         1
         0         1         0         0         0         0         0         0
         0         0         0         0         0         1         0         0
         0         0         1         0         0         0         1         0
         0         0         0         0         0         0         0         0
         0         1         0         0         1         0         0         0
         0         0         0         0         0         0         0         0
         0         0         0         0         0         0         0         0
         0         1         0         0         0         0         0         0
         0         0         0         1         0         0         0         0
         0         0         0         0         0         0         0         0
         0         1         0         0         0         0         0         0
         0         1         1         1         0         0         1         0
         0         1         1         0         0         0         0         0
         0         0         0         0         0         1         0         0
         0         0         0         0         0         0         1         0
         0         0         0         0         0         0         0         0
         1         1         0         1         0         0         1         1
         0         0         0         0         0         0         0         0
         0         0         0         1         0         0         0         0
         1         0         0         0         0         0         0         0
         0         0         0         0         1         0         0         0
         1         0         1         0         0         0         0         0
         0         0         0         2         0         1         0         0
         0         0         0         0         0         0         0         0
         1         0         1         0         0         0         0         0
         0         0         0         0         0         1         0         1
         0         0         0         0         0         0         0         1
         0         0         1         0         0         0         0         0
         0         0         0         0         0         0         0         1

