h1	4000	1	1	1
         0         0         0         0         0         0         0         0
         0         0         0         0         0         0         0         0
         0         0         0         0         0         0         0         0
         0         0         0         0         0         0       245       257
       243       299       324       374       416       509       547       655
       680       761       859       961      1009      1199      1434      1713
      2261      2832      3825      5357      7800     11595     17750     25555
     35932     47221     56745     63246     65083     61709     54044     45315
     36914     30585     26739     25191     23673     21889     19666     16090
     12453      8849      6262      4244      3228      2585      2288      2206
      2238      2241      2349      2276      2332      2391      2351      2553
      2532      2583      2585      2562      2591      2567      2579      2638
      2742      2814      3015      3355      3903      4324      4820      5335
      5525      5349      5107      4845      4309      3872      3531      3384
      3237      3367      3442      3675      3779      4139      4386      4826
      5228      5497      5835      6151      6304      6311      6324      6279
      6230      6259      5939      5943      5709      5564      5399      5319
      5035      5081      4965      4857      4635      4440      4519      4405
      4327      4265      4307      4294      4384      4537      5083      5889
      7483     10275     14960     21181     29453     37693     45129     49324
     49814     45740     38916     29506     20765     13431      8384      5248
      3691      2818      2654      2442      2454      2459      2458      2378
      2532      2491      2459      2537      2481      2546      2495      2451
      2629      2606      2559      2656      2605      2589      2676      2643
      2640      2776      2728      2763      2713      2785      2754      2888
      2790      2777      2830      2733      2799      2863      2784      2823
      2923      2927      2752      2950      2971      2915      2860      2958
      3037      2980      3037      3103      3121      3183      3213      3038
      3010      2986      3036      3008      3046      3000      2902      2888
      3007      2885      2908      2945      2892      2893      2879      2952
      2904      2963      2878      2901      2930      2977      2930      3006
      2962      2996      3137      3024      2977      2974      3092      2976
      2933      3091      3062      3102      3125      3190      3163      3183
      3249      3252      3281      3362      3327      3401      3313      3324
      3449      3535      3449      3523      3642      3652      3676      3619
      3644      3699      3752      3841      3659      3737      3680      3822
      3748      3704      3695      3775      3821      3898      4056      4042
      4185      4265      4246      4282      4430      4432      4431      4417
      4490      4374      4485      4451      4352      4301      4390      4490
      4269      4404      4363      4619      4582      4704      4712      4696
      4628      4588      4315      4147      3991      3948      3674      3655
      3507      3597      3639      3426      3290      3399      3285      3345
      3346      3257      3224      3213      3290      3205      3226      3167
      3158      3156      3019      3070      3051      3032      2961      2967
      2909      2857      2963      2870      2986      2841      2895      2865
      2876      2832      2777      2798      2795      2715      2761      2783
      2720      2833      2769      2769      2647      2689      2647      2640
      2633      2558      2706      2657      2667      2635      2572      2627
      2602      2608      2545      2617      2513      2605      2592      2461
      2501      2480      2508      2423      2486      2465      2490      2443
      2484      2410      2407      2376      2337      2323      2251      2295
      2293      2240      2177      2187      2075      2014      1920      1917
      1935      1924      1842      1741      1789      1721      1728      1619
      1684      1712      1640      1583      1647      1564      1615      1541
      1522      1601      1531      1535      1455      1545      1571      1572
      1675      1727      1720      1859      1867      1728      1719      1604
      1540      1454      1422      1352      1410      1316      1374      1340
      1290      1299      1352      1271      1271      1222      1211      1193
      1194      1154      1166      1152      1096      1136      1130      1122
      1102      1066      1052      1025      1080      1054      1074      1080
      1055      1052      1038       982       979      1005       940       953
       938       991       932       989       943       955       923       928
       955       933       936       949       962       825       873       872
       914       867       870       867       858       813       799       845
       920       944       962      1142      1372      1655      1844      2089
      2178      2222      1830      1670      1361      1214       979       816
       786       771       693       694       740       714       755       708
       696       710       673       739       736       804       879      1021
      1296      1763      2534      3521      4498      5217      5920      5861
      5489      4599      3524      2520      1749      1267       853       759
       626       575       579       539       599       570       596       582
       548       556       506       551       564       569       556       557
       548       533       571       531       526       538       564       533
       526       520       528       519       565       525       559       562
       558       645       708       852      1292      1927      3065      4803
      6891      9262     11504     12622     12947     12068     10161      7792
      5434      3440      2039      1272       823       596       507       506
       450       440       403       415       417       420       423       441
       418       368       382       385       412       357       380       378
       362       375       403       368       355       387       357       364
       373       365       362       371       376       351       412       349
       351       352       324       372       365       366       383       390
       391       379       348       410       382       407       385       444
       464       467       465       448       424       429       411       400
       383       388       404       381       372       347       378       351
       380       369       341       353       347       347       380       361
       339       355       377       380       357       356       364       378
       374       390       435       570       771      1167      1960      3210
      5529      9239     14081     20448     27649     32777     36236     35852
     32698     26954     20039     13382      8119      4506      2189      1025
       451       284       187       171       179       188       189       169
       185       171       185       177       181       188       160       157
       170       161       162       169       140       163       165       165
       167       166       161       186       168       171       166       162
       166       213       226       226       251       312       460       730
      1150      1717      2501      3378      4326      4788      5317      4929
      4396      3585      2764      1834      1251       871       568       369
       292       218       214       200       191       149       162       145
       132       106       101        98        87        75        73        83
        61        67        62        52        79        67        86        52
        81        78        60        79        67        73        86        63
        77        73        76        62        70        69       101        90
        77        76        84        84        63        78        84        88
       108       124       117       111       110       100       101       110
       118        95        74       104        93       109        84        84
        81        57        88        67        84        91        81        81
        75        71        73        72        69        71        76        73
        74        70        75        62        75        65        75        76
        68       101       106       165       190       231       288       327
       284       285       248       213       129       100        81        55
        35        38        39        37        44        31        37        31
        41        31        48        35        32        34        30        33
        41        34        30        41        32        53        35        31
        35        38        36        17        30        35        42        28
        36        35        33        42        42        36        29        33
        39        34        36        30        31        38        45        32
        37        38        28        35        30        38        34        31
        26        31        21        27        23        26        25        25
        24        32        39        23        34        26        16        23
        22        36        21        23        22        23        26        23
        27        28        30        24        24        23        25        27
        21        20        24        29        16        28        33        22
        22        26        35        25        19        28        17        23
        22        21        30        24        21        16        27        18
        20        19        12        24        19        30        20        12
        13        26        23        29        15        22        18        26
        32        23        27        16        20        16        18        18
        26        19        13        27        18        22        24        21
        16        20        17        17        21        20        18        18
        18        11        30        23        13        20        13        12
        21        20        11        12        12        12        13        18
        19        13        10        13        12        13        24        17
        16        14        18        15        12        13        17        13
        20        18        18        18        16         7        18        19
        17        18        12        12        13        10        14        23
        14        16        14        14        16        19        16        15
        16        17        16        20        16         8        14        17
         7        11        19        17        15        17        13         9
        12        12        11        19         6         6        13        18
         7        14        14        13        16        13        16        10
        12         7         9        11        10        10         9        12
        14         9         8        10        12        10         9        11
        12        10         7         9        10         5        17        11
        10         7        11        12         9         6        12         6
        12         3        10        11         8         9        11         9
        12        15        11         7        13         8         9        11
         4         6         8         7         7         9         4         8
         9         8         8        14         6         3         8        15
         9         6        11         5         8         4        10         8
        12         4         8         9         9        15        12         7
         5         4         9         8         6        10         9         8
         8        12         7        10         5         6         5         5
         8        10        10         9         4         7        11        10
         6         9         7         8        13        12         5         7
        11         8         9         4        10         7         5         9
         4         7         5         3         4         2         6         6
         8        10         8         7         3         8         7         6
         1         7         9        13         7         7        11         8
         8        12         5        19         8         6         7         6
         7         5         8         3         4         5         6         4
         3         5         4         3         7         4         8         7
         7        10         7         8         5         5         7         7
         5        10         4         4         1         6         6         7
         6         7         9         8         6        10         8        11
        15        11        10         9        10         8         6        12
         4         4         7         5         8         8         2         7
         7         2         4         2         6         3         2         3
         3         2         3         2         6         7         4         3
         5         3         6         3         3         4         5         6
         3         5         7         8         6         3         5         3
         4         4         3         7         4         5         7         5
         5         4         8         8         4         1         6         3
         2         4         4         6         4         3         2         1
         0         3         4         2         5         5         9         5
         3         4         7         6         4         2         3         4
         5         5         5         3         3         3         3         4
         3         8         3         3         7         6         4         8
         6        10        15         7        15         6        11         5
         2         6         3         6         4         1         3         1
         4         0         6         0         3         0         1         1
         1         1         1         2         3         3         1         1
         3         1         1         2         1         1         4         2
         1         4         1         4         6         1         1         3
         1         2         2         2         0         2         1         5
         7         7         6         2         4         4         3         3
         3         2         2         3         3         2         1         1
         3         1         0         1         2         0         2         3
         1         2         2         0         2         2         1         2
         5         0         1         3         0         2         2         2
         1         0         1         1         1         1         5         1
         4         2         3         3         0         3         3         0
         0         2         1         3         3         3         2         2
         3         4         2         1         3         1         2         2
         0         2         2         1         3         2         3         2
         3         2         3         2         2         2         1         0
         1         1         0         5         0         3         1         0
         0         1         0         1         4         4         4         1
         0         0         3         1         0         2         1         1
         4         0         2         0         0         3         1         1
         2         1         1         2         1         1         0         3
         0         3         2         4         3         2         1         0
         0         1         4         0         1         2         0         1
         3         2         0         0         1         0         3         1
         2         2         1         1         0         2         0         3
         1         0         2         0         2         1         0         2
         3         3         1         1         4         1         2         1
         2         0         3         1         3         1         4         1
         3         1         1         2         1         2         2         0
         3         1         3         1         1         2         3         1
         0         2         4         3         2         2         1         1
         2         2         2         3         0         0         1         3
         0         0         1         3         2         0         2         3
         1         1         1         0         1         2         0         2
         2         3         2         1         0         1         0         0
         0         1         1         2         0         1         2         2
         0         2         0         1         1         0         1         0
         2         2         0         2         1         2         0         2
         0         0         1         1         1         2         2         1
         0         0         0         1         0         1         0         2
         0         3         0         3         2         1         1         1
         1         2         1         2         1         4         1         0
         4         0         0         3         3         1         2         1
         0         2         1         0         0         2         2         0
         1         1         1         0         3         1         2         0
         0         1         1         0         0         1         0         2
         0         1         2         0         1         0         0         1
         0         2         1         0         0         1         2         1
         0         1         2         3         1         0         1         0
         1         3         3         4         1         0         2         0
         1         0         1         1         0         2         0         0
         1         2         1         1         1         3         0         0
         2         1         0         1         0         0         1         0
         0         0         0         0         0         0         1         1
         3         0         0         3         0         0         1         0
         1         1         1         2         2         2         2         1
         2         1         0         1         0         0         0         1
         0         1         1         0         2         2         1         1
         0         2         0         2         2         2         1         2
         0         0         1         0         0         5         0         2
         0         1         2         3         1         0         2         1
         1         2         0         2         2         1         1         0
         1         1         2         1         0         1         1         2
         0         2         0         3         0         5         2         1
         1         0         0         1         1         1         0         1
         0         0         1         1         1         0         1         0
         2         1         1         1         0         0         0         1
         1         1         1         2         0         2         3         0
         2         2         1         0         2         1         2         0
         0         0         0         1         2         3         0         0
         0         0         2         2         0         1         0         0
         1         2         1         1         4         2         0         1
         0         3         0         1         1         0         3         5
         1         0         1         0         2         1         0         2
         1         1         1         1         0         2         1         1
         0         0         0         0         0         0         0         2
         1         1         0         1         1         1         1         1
         2         2         0         1         0         0         1         0
         2         0         0         2         0         1         2         1
         0         1         1         1         0         1         2         0
         0         1         0         0         0         0         2         1
         1         0         1         1         1         1         3         1
         0         0         3         0         1         1         2         2
         1         2         1         1         0         2         0         0
         1         1         0         0         1         1         0         0
         1         2         1         1         1         1         1         0
         0         0         1         2         0         0         0         0
         1         3         0         0         2         1         0         1
         1         1         0         2         0         0         1         0
         0         0         0         1         0         1         1         1
         2         3         1         0         1         0         0         1
         0         1         0         1         1         2         0         0
         0         1         1         1         0         1         1         0
         0         1         0         2         1         2         0         0
         0         0         0         1         0         0         1         1
         1         1         0         0         2         0         1         0
         0         1         1         1         0         0         0         1
         2         1         2         0         1         0         1         1
         1         2         0         1         1         1         1         0
         1         0         0         0         1         0         3         2
         0         2         2         0         1         1         2         0
         1         0         1         1         3         0         1         0
         0         0         1         2         2         1         1         2
         1         3         0         0         1         0         2         0
         2         1         0         0         1         2         0         1
         0         1         2         3         0         0         1         0
         0         0         0         0         0         2         0         0
         1         0         2         0         1         2         2         1
         0         1         3         2         0         0         0         1
         0         0         2         0         0         1         0         1
         0         1         2         1         2         2         1         1
         0         2         0         1         0         1         1         0
         1         1         2         0         0         1         1         0
         1         1         0         1         0         1         1         0
         0         0         0         2         2         2         2         0
         0         0         1         1         0         0         1         1
         1         0         0         1         1         0         0         1
         2         0         0         0         1         1         0         0
         2         0         1         1         0         2         0         0
         1         1         1         4         0         0         1         1
         1         0         1         0         0         0         0         0
         1         0         1         1         3         1         1         1
         0         0         1         4         0         0         1         1
         1         0         0         2         1         1         1         2
         0         0         0         1         0         0         1         0
         1         0         1         0         0         0         1         1
         1         1         1         0         0         2         1         1
         1         1         0         0         0         1         2         1
         0         2         1         0         0         0         1         0
         0         2         1         0         1         1         1         1
         0         4         0         0         2         0         0         3
         0         0         0         0         1         3         1         0
         1         1         0         1         1         1         0         2
         0         0         1         0         2         0         0         1
         1         0         0         0         1         0         0         0
         0         0         0         0         0         0         0         0
         2         1         0         0         1         2         0         1
         1         0         0         1         0         0         0         2
         1         0         0         0         1         0         0         0
         1         1         3         2         1         0         0         1
         0         0         1         0         2         3         1         0
         0         0         1         0         1         3         1         0
         1         2         0         0         0         0         0         2
         1         1         0         1         0         2         1         0
         1         0         0         0         0         0         0         0
         0         1         0         0         1         1         0         0
         1         1         1         0         1         0         0         1
         1         2         0         1         1         0         0         1
         2         0         0         1         0         0         0         0
         0         0         0         0         1         1         1         1
         2         0         0         1         0         1         0         1
         0         0         0         1         1         0         0         2
         1         1         1         1         0         1         2         0
         0         0         0         1         1         1         1         1
         1         0         0         0         1         1         0         0
         0         0         1         0         0         1         1         1
         1         0         1         0         0         3         0         0
         1         0         0         0         0         1         1         1
         1         0         0         1         0         0         0         1
         0         0         0         0         0         0         0         0
         1         0         2         0         1         0         0         0
         1         0         1         1         3         0         0         1
         0         0         1         0         0         0         0         1
         0         0         0         0         2         0         0         1
         0         0         1         1         1         0         0         1
         1         0         0         0         0         2         2         1
         0         0         0         0         1         1         0         0
         0         0         0         0         0         0         0         0
         1         1         0         1         0         0         0         1
         0         2         0         1         0         1         0         0
         0         0         2         1         0         0         0         0
         0         0         0         0         0         0         0         0
         2         1         0         1         1         0         1         0
         0         0         1         1         1         0         0         0
         0         1         0         2         0         1         0         1
         1         0         0         0         0         0         0         1
         2         0         0         0         0         0         0         0
         0         0         0         1         0         0         0         1
         0         0         0         0         0         0         0         0
         0         0         0         1         0         0         1         1
         1         0         0         0         0         0         0         0
         0         1         0         0         1         0         0         0
         0         0         0         0         1         0         0         0
         1         0         0         0         0         0         1         0
         0         0         1         1         0         1         1         0
         2         1         0         2         1         4         1         3
         6         8         2         8         5         5         2         3
         2         0         0         0         0         0         0         0
         0         0         0         0         2         1         0         0
         1         0         0         0         0         0         0         1
         0         0         0         0         1         1         0         2
         1         0         0         1         0         0         0         0
         0         0         0         1         0         0         0         0
         0         0         0         0         0         0         1         0
         0         1         0         0         2         0         0         0
         0         0         0         1         1         0         1         0
         0         1         0         2         0         1         0         1
         0         0         0         0         0         0         0         2
         0         1         0         1         2         0         2         1
         0         0         0         0         1         0         0         0
         0         1         0         0         0         0         0         1
         0         1         0         1         0         0         0         1
         0         0         1         0         0         0         0         0
         0         0         0         0         0         0         0         0
         1         1         1         0         0         0         0         0
         1         1         0         1         0         0         0         0
         1         1         0         0         0         0         0         0
         2         1         1         1         0         0         0         0
         0         1         0         0         0         0         1         0
         0         1         1         0         0         0         2         0
         1         0         0         0         0         0         0         0
         0         0         0         0         0         0         0         0
         0         0         0         0         0         1         0         0
         0         0         1         0         0         1         0         0
         0         0         0         0         0         0         0         0
         0         0         0         0         0         0         0         0
         1         1         0         0         0         0         1         0
         0         0         0         0         0         0         0         0
         1         0         0         3         0         0         0         1
         0         0         0         1         0         0         0         0
         0         2         0         0         0         1         0         1
         1         0         0         0         0         0         0         0
         0         0         0         1         0         0         0         0
         0         0         0         0         0         0         0         0
         1         0         0         0         0         0         0         0
         1         0         0         0         0         1         1         0
         0         0         0         0         0         0         0         0
         0         0         2         0         0         0         1         0
         0         0         0         0         1         0         2         0
         0         1         0         1         1         0         0         0
         0         0         0         0         0         0         0         0
         0         1         0         1         0         0         0         0
         0         0         0         0         0         0         0         1
         1         0         0         0         0         0         0         0
         1         0         0         0         0         0         0         0
         0         0         0         0         0         0         1         1
         0         0         0         1         0         0         0         0
         0         0         0         0         0         0         0         0
         0         0         1         0         0         0         0         1
         0         0         0         0         2         2         0         0
         0         0         1         0         0         0         0         0
         0         0         0         0         0         0         0         1
         0         1         0         0         0         1         0         0
         0         1         0         0         0         0         0         2
         0         0         0         0         0         0         2         0
         0         0         0         0         0         0         0         0
         0         0         0         0         0         0         1         0
         0         0         0         1         0         0         1         0
         0         0         0         0         0         0         0         0
         0         0         0         0         0         0         0         1
         0         0         0         0         0         0         0         0
         0         0         0         0         0         0         0         0
         0         0         0         0         0         1         0         0
         1         0         0         0         0         0         1         0
         0         0         0         0         0         0         0         0
         0         0         1         1         0         1         0         0
         0         0         0         0         1         0         0         0
         1         0         0         0         1         0         0         1
         0         0         0         0         0         0         0         0
         0         0         0         0         0         0         1         0
         0         0         1         0         0         0         0         0
         0         0         0         0         1         0         1         1
         1         1         3         1         0         1         0         0
         0         1         1         0         0         0         0         0
         1         0         0         0         0         0         0         0
         1         2         0         0         0         0         0         1
         0         1         0         0         0         0         0         0
         0         0         0         0         0         0         0         0
         0         1         0         0         0         0         0         0
         0         1         0         0         0         0         0         0
         0         0         0         1         0         0         0         0
         0         0         0         0         0         0         0         0
         0         0         0         1         0         0         0         0
         0         1         0         0         0         0         0         0
         0         1         0         0         0         0         0         0
         0         0         0         0         0         0         1         0
         0         0         0         0         0         0         0         1
         0         0         0         0         0         0         0         0
         0         0         0         0         0         0         0         0
         0         0         0         1         0         0         0         0
         0         0         0         1         0         0         0         0
         0         0         0         0         0         0         0         0
         0         0         1         0         0         1         0         1
         0         0         1         0         1         0         0         0
         0         1         0         1         0         0         0         0
         0         0         0         0         0         0         1         0
         0         0         0         0         0         0         0         0
         0         0         0         1         0         0         0         1
         0         1         0         0         0         0         1         0
         0         0         0         0         0         0         0         0
         0         0         0         0         0         0         0         0
         1         0         0         0         0         0         0         1
         0         0         0         0         0         0         0         0
         1         0         0         0         1         0         0         1
         0         0         0         0         0         0         1         0
         0         0         0         0         0         0         0         1
         0         0         0         0         0         0         0         0
         0         0         0         0         0         0         0         0
         0         0         0         0         0         0         0         0
         1         0         0         0         0         1         0         0
         0         0         1         0         0         1         0         0
         1         0         0         0         0         0         0         1
         0         1         1         0         0         0         0         0
         1         0         0         0         1         0         1         0
         0         0         0         0         0         0         0         0
         1         0         0         0         0         0         0         0
         0         0         1         0         0         0         0         0
         0         0         0         1         0         0         0         0
         0         0         0         0         0         0         0         0
         0         0         1         0         0         0         0         0
         0         0         1         0         0         0         0         0
         0         0         0         0         0         0         0         0
         0         0         0         0         0         0         2         0
         0         0         0         0         0         0         0         0
         0         0         1         0         0         0         0         0
         0         0         0         0         0         1         0         1
         0         0         0         0         0         0         0         0
         1         0         0         0         0         0         0         0
         0         0         0         0         0         0         0         0
         0         0         0         0         0         0         1         0
         0         0         0         0         0         0         0         1

