h8	4000	1	1	1
         0         0         0         0         0         0         0         0
         0         0         0         0         0         0         0         0
         0         0         0         0         0         0         0         0
         0         0         0         0         0         0        41        35
        46        50        42        40        34        54        49        46
        56        44        58        55        54        54        58        40
        53        51        46        59        67        52        65        69
        65        57        70        75        67        79        82        66
        69        69        93        88        77        85        75        81
        72        75        91        91        77       103        92       107
        92        98        98        93        97       112       112       130
       156       182       231       248       346       440       533       641
       771       943      1146      1399      1600      1942      2519      3552
      4742      6086      6139      5150      3897      2898      2683      2510
      2623      2599      2664      2799      2850      3013      3155      3515
      3765      4170      4903      5420      5817      5794      5774      5668
      5701      5320      5198      5166      4965      4868      4722      4678
      4626      4408      4502      4206      4149      4174      3958      3845
      3769      3833      3799      3783      3840      3749      3902      4142
      4265      4309      4621      5587      7945     12940     23859     41552
     62054     74390     67064     46611     24189     10175      4352      2573
      2225      2216      2246      2250      2170      2252      2232      2165
      2225      2233      2204      2278      2244      2216      2396      2342
      2316      2354      2371      2323      2409      2370      2387      2465
      2445      2367      2508      2520      2431      2547      2540      2444
      2422      2609      2519      2616      2490      2534      2582      2570
      2601      2563      2599      2609      2596      2571      2621      2583
      2613      2595      2705      2768      2742      2961      2843      2927
      2814      2689      2693      2649      2634      2771      2635      2703
      2739      2647      2647      2628      2634      2631      2693      2697
      2619      2669      2701      2652      2727      2625      2688      2665
      2758      2688      2684      2628      2752      2793      2746      2743
      2804      2785      2838      2732      2873      2860      2905      2920
      2943      2971      2938      3021      3000      3079      3144      3036
      3173      3117      3186      3236      3220      3310      3272      3403
      3448      3387      3402      3475      3286      3368      3496      3361
      3335      3353      3397      3429      3476      3534      3640      3595
      3737      3823      3992      4050      4022      4056      4118      4059
      4200      4128      3985      4124      4112      4110      4077      3978
      3910      3858      3844      3849      3942      4263      4417      4521
      4777      4505      4147      3797      3401      3468      3266      3249
      3281      3232      3223      3127      3105      3145      2972      2937
      3101      2987      2931      2832      2822      2873      2773      2892
      2807      2913      2778      2786      2871      2657      2571      2709
      2644      2663      2685      2630      2679      2509      2524      2424
      2554      2501      2471      2599      2520      2447      2490      2413
      2433      2526      2418      2304      2396      2415      2420      2404
      2417      2321      2322      2327      2262      2319      2270      2284
      2318      2276      2297      2318      2326      2248      2268      2172
      2271      2161      2205      2198      2233      2163      2130      2055
      2129      2093      2165      2113      2120      2022      2102      1992
      2026      1931      1949      1807      1814      1818      1771      1744
      1711      1657      1626      1620      1537      1544      1568      1484
      1546      1430      1506      1470      1476      1422      1418      1478
      1512      1344      1361      1432      1315      1358      1295      1313
      1428      1360      1607      1799      1832      1851      1663      1468
      1296      1208      1238      1251      1235      1194      1126      1183
      1127      1235      1066      1158      1146      1138      1077      1069
      1086       990      1089      1005      1070      1094       957       983
      1019       957       995      1009      1033       989       946       976
       892       928       890       948       948       856       855       916
       894       887       812       838       843       816       849       851
       845       872       802       853       833       854       797       809
       812       779       780       775       846       777       772       775
       771       749       772       762       733       721       770       744
       739       723       752       675       701       688       669       731
       645       685       692       640       702       648       705       721
       661       642       649       612       652       705       685       672
       699       794      1181      2181      4038      6241      8023      7951
      5912      3366      1743       930       724       604       571       541
       540       599       519       594       565       579       517       543
       546       579       570       565       518       573       522       502
       519       568       554       537       544       514       490       589
       559       512       519       532       544       536       536       509
       536       545       525       497       504       632       956      2096
      4814      9630     14969     17992     16663     11590      6211      2717
      1069       558       486       492       505       502       407       426
       427       429       426       412       405       432       369       439
       404       345       401       368       383       374       329       398
       400       358       369       373       373       362       334       380
       382       387       387       387       400       369       403       420
       406       402       431       412       409       375       364       396
       376       382       408       347       391       374       421       466
       519       517       481       429       425       362       367       373
       346       434       373       406       339       377       344       323
       356       342       342       340       350       359       331       326
       329       378       337       338       331       361       339       320
       337       343       373       353       344       410       439       644
      1533      4401     11572     24852     40863     51232     48310     35326
     19144      7940      2567       762       297       179       153       171
       172       149       150       138       130       146       148       162
       152       134       153       142       140       151       125       152
       143       127       142       149       146       151       146       131
       149       126       152       140       123       134       145       138
       143       169       137       136       142       133       163       239
       464      1004      2285      4371      6512      7272      6120      4031
      2155      1067       614       487       399       278       162       133
       124       118       152       196       162       131        84        82
        60        68        55        57        70        60        63        62
        63        50        62        50        57        63        55        67
        68        50        53        65        55        61        51        60
        60        56        51        64        68        56        65        57
        58        51        50        59        51        60        67        79
        82       100       103        90       102        92        63        74
        65        69        80        82        76        75        69        47
        61        65        46        64        42        60        58        37
        65        58        51        50        56        63        51        54
        44        59        39        52        45        63        62        60
        50        64        59        88       140       215       304       402
       357       242       135        81        33        39        43        25
        31        31        31        32        27        33        36        35
        28        28        22        25        29        31        39        29
        28        32        23        34        26        26        24        36
        32        33        25        30        27        26        24        23
        20        25        18        25        25        24        34        29
        36        20        25        25        16        32        26        23
        21        29        30        26        20        31        26        25
        24        17        24        16        31        26        25        17
        21        25        30        22        16        26        20        20
        14        20        17        23        20        18        18        19
        16        16        22        22        20        12        16        27
        16        15        15        16        16        18        18        18
        20        27        17        17        15        20        21        19
        22        19        13        17        19        21        20        15
        18        17        17        12        26        13        12        19
        19        16        20        21        20        25        13        22
        13        23        17        16        19        20        16        22
        21        16        23        19        18        12        15        13
        16        11        19        21        17        21        25        18
         8         8        20        18        11        15        11        13
         8        15        14        17         8        12        17        16
         8        18        16        18         8         7        13        12
         9         9        11         5        13        14        12         7
        12        14        20        11        14        15        12        14
        11        17         8        13        12        14        13         7
        13        13        13         7         8        15         8        17
        13         8        12        10        15        16         6        12
        12        10         8         6        15        10        11        10
         8        14        12        18         9         7         6        16
        12        11        10        13         4        15         8        13
        14        12         9        11         9        10         6        12
        13        12        10         8        12         6         6         7
        13         8         8         3        11         4        11         6
        12         9        13        11         8         3         9        14
         8         5         9        12         6         7         9         9
        11        13        11         9         9         5         8         7
         6         8         6        12         5         6        15         5
        12         4         8         7         8        11        11         5
         6         5         8         5         7        11         6         6
         3         3         9         8        10         6         9         4
         6        10         4         4         6         7         5         4
        12        12        10         9        10        10         7        10
         9        10        12         8         4         5         3         6
        10         5         6         9         6         5         5         5
         2         4         4         7         4         6         9         2
         6         9         7         7         5         5         8         5
        11         4         3         8         4         6         5         5
        13         9         7        11         7         8        10         8
         7         7         6         8         6         2         3         9
         8         0         4         2         4         4         4        10
         4         4         3         0         5         6         1         9
         4         4         5         8         4         4         5         2
         4         7         5         4         2         7         7         4
         4         5         4         3         6         2         5         8
         7        11        10         7         7         8         7         7
         4         7         3         3         6         6         4         3
         2         3         4         2         3         7         4         3
         2         3         5         3         6         9         4         3
         7         6         2         8         0         3         5         4
         3         3         2         5         4         5         7         4
         5         3         2         4         7         3         3         4
         6         8         1         8         3         4         2         4
         5         1         3         1         4         5         4         6
         2         1         5         2         3         2         6         6
         3         5         6         4         2         6         3         5
         1         8         2         3         5         3         2         2
         3         2         8         2         7         4         3         9
         6         7         8        14        13         7         2         8
         6         4         2         7         2         1         1         3
         3         3         2         5         1         2         2         3
         0         1         3         2         3         2         1         4
         3         0         3         3         3         0         1         2
         4         2         1         3         3         0         1         0
         6         0         6         1         3         5         2         2
         2         4         4         4         5         6         7         6
         2         2         4         1         3         3         1         1
         1         3         1         0         2         2         1         0
         3         2         2         0         2         2         5         2
         1         3         2         2         2         1         0         6
         5         1         3         1         4         5         2         0
         1         1         4         2         1         2         1         2
         4         2         0         1         3         2         1         4
         4         2         0         1         3         2         2         2
         0         2         1         3         2         5         2         0
         0         0         1         0         1         1         0         3
         1         2         1         2         2         2         3         2
         0         2         2         1         2         6         2         1
         1         2         0         0         2         1         7         5
         3         0         1         2         1         1         2         0
         0         2         1         3         2         2         1         2
         1         1         1         1         2         0         3         2
         0         1         3         1         0         0         2         0
         7         0         2         0         2         2         1         0
         1         1         3         3         1         2         3         1
         1         2         5         0         1         4         5         0
         1         0         2         1         1         1         0         2
         1         0         4         1         2         1         2         2
         3         3         1         2         1         5         1         3
         1         1         3         0         0         0         2         2
         1         0         0         2         1         2         1         2
         0         0         1         1         2         2         1         3
         1         1         4         3         3         3         1         2
         2         2         0         2         1         3         3         0
         2         1         0         0         1         1         1         3
         1         2         2         1         1         1         1         3
         2         2         1         1         1         2         0         1
         3         0         3         1         3         1         3         0
         3         1         7         1         2         3         0         1
         1         1         2         1         2         2         1         0
         1         0         4         0         4         2         2         2
         1         1         1         2         4         1         1         2
         1         4         1         2         3         1         3         1
         2         2         5         0         0         1         0         1
         3         1         0         4         1         0         1         1
         0         2         2         1         0         2         2         1
         1         1         0         2         1         2         4         3
         1         1         0         1         3         0         0         1
         1         1         1         0         3         5         3         7
         1         1         1         2         1         2         0         1
         0         3         2         1         2         3         0         2
         2         1         0         1         1         0         0         2
         1         3         1         1         2         2         5         1
         2         1         1         1         1         2         1         2
         3         1         2         1         2         4         0         0
         1         3         3         0         1         2         2         4
         2         1         1         0         4         0         3         1
         0         1         0         2         2         1         0         2
         1         2         1         1         2         0         2         0
         0         2         1         2         2         4         1         1
         0         2         2         0         2         2         2         0
         1         2         0         1         2         0         0         3
         2         1         1         1         2         6         0         2
         1         2         3         3         4         1         0         2
         2         1         2         0         0         2         1         1
         0         0         3         3         1         2         1         3
         0         3         2         0         2         2         1         1
         0         2         4         3         1         3         1         0
         1         1         0         3         2         0         0         1
         0         1         1         2         1         1         2         1
         0         1         1         3         0         1         2         2
         2         1         2         1         0         1         2         2
         1         1         1         2         2         2         2         0
         1         0         0         0         2         1         3         1
         1         0         1         0         0         3         1         3
         2         1         1         1         0         4         1         0
         2         1         3         1         2         0         3         3
         2         4         2         2         1         3         3         2
         4         1         2         2         1         5         2         2
         2         2         3         1         1         2         0         2
         1         0         2         1         2         2         1         0
         0         0         0         0         1         1         1         2
         0         2         0         1         0         1         1         2
         2         1         1         1         1         3         0         1
         2         0         2         0         0         0         1         2
         0         0         1         0         2         0         0         0
         1         0         0         1         4         0         2         1
         2         0         0         0         3         1         2         1
         2         1         1         0         0         0         0         0
         1         0         1         0         0         0         1         0
         0         0         0         1         2         1         2         1
         1         1         0         1         4         0         1         0
         1         1         0         0         1         0         1         0
         1         2         0         0         0         0         0         0
         3         0         0         0         0         2         2         0
         1         2         1         2         0         1         2         0
         0         0         1         0         0         0         2         0
         2         1         1         1         4         2         2         2
         3         1         2         1         3         0         0         1
         0         1         0         1         0         1         1         1
         0         1         0         4         1         0         2         1
         1         2         1         1         2         1         1         0
         0         1         0         1         1         0         0         1
         0         1         1         0         0         0         0         2
         0         0         1         1         0         1         0         3
         0         1         1         0         0         0         1         0
         0         2         0         0         0         1         1         0
         0         0         1         2         1         1         0         2
         1         1         1         2         1         2         0         1
         1         1         3         1         1         3         1         0
         1         0         0         1         1         1         1         1
         2         1         1         0         1         0         0         0
         0         0         0         0         0         2         2         2
         1         0         0         0         0         1         1         0
         0         0         0         0         0         2         3         0
         1         0         0         0         0         0         0         0
         0         1         3         1         0         0         1         1
         1         1         1         1         0         0         0         1
         0         0         1         1         1         1         2         1
         0         0         0         0         1         0         0         1
         0         2         0         0         4         1         1         0
         0         1         1         1         2         0         0         0
         0         3         4         3         0         1         0         2
         1         1         1         1         1         0         2         1
         2         1         0         1         1         0         0         1
         0         0         2         1         1         2         0         1
         0         1         1         0         1         1         3         0
         1         2         0         0         0         0         2         0
         0         0         0         0         0         0         0         1
         0         0         0         3         0         0         0         0
         0         1         0         0         2         3         1         1
         1         0         0         0         0         3         1         1
         2         1         0         1         1         0         1         0
         0         0         0         1         1         2         0         1
         1         0         0         0         1         1         0         1
         0         1         0         0         2         1         0         1
         1         1         1         1         1         2         0         0
         1         0         0         0         1         0         1         2
         0         0         0         4         1         1         0         0
         1         0         1         2         0         0         0         4
         2         0         2         0         2         0         0         1
         0         1         0         1         1         0         0         0
         0         0         1         0         0         0         1         1
         1         0         0         0         1         0         1         0
         0         1         2         1         1         2         0         1
         0         1         3         0         2         0         1         0
         0         1         2         0         0         1         0         0
         0         1         3         0         0         1         0         0
         0         1         1         1         0         1         1         1
         1         1         0         1         1         0         0         1
         0         0         0         0         0         1         0         0
         0         1         0         1         0         0         0         0
         0         2         1         0         0         0         1         0
         0         0         0         2         0         1         1         0
         1         1         0         1         0         1         0         0
         0         0         1         0         0         1         0         1
         1         0         0         0         0         1         1         3
         1         0         0         0         0         0         0         0
         0         0         1         1         1         0         0         0
         0         1         2         1         0         1         0         1
         0         0         1         0         0         0         1         1
         0         0         0         0         0         0         0         1
         0         0         0         0         0         3         0         1
         0         1         0         0         0         1         1         0
         1         0         2         0         0         0         1         2
         1         0         0         1         1         0         1         1
         0         0         0         1         0         0         0         0
         0         1         0         0         0         0         1         1
         0         0         0         0         0         1         0         0
         1         1         0         0         0         2         0         0
         0         0         3         0         0         1         0         2
         0         1         0         1         1         0         0         0
         0         2         0         1         0         0         0         0
         0         1         0         0         1         0         1         1
         0         2         0         2         1         2         0         0
         2         1         0         0         0         0         0         1
         0         0         0         0         0         0         0         0
         1         1         0         0         0         0         1         0
         0         0         0         1         1         3         0         1
         1         0         0         0         0         0         1         0
         0         1         0         0         0         0         0         0
         0         0         1         1         1         0         0         0
         0         3         0         1         2         0         0         0
         0         1         0         0         0         0         0         1
         2         0         0         0         0         1         2         1
         0         0         1         0         2         4         6         1
         7        12        11         8         5         1         1         0
         0         0         0         0         1         0         0         0
         1         0         0         0         0         0         0         0
         0         0         0         0         0         0         0         0
         0         0         0         0         0         0         0         0
         1         1         0         0         0         1         0         0
         0         0         0         1         1         1         0         0
         1         1         0         0         1         0         0         0
         0         0         1         0         1         0         1         0
         0         0         0         0         0         0         0         0
         0         0         0         0         1         3         0         0
         0         0         1         0         1         0         0         2
         1         0         0         0         0         0         0         0
         0         0         1         0         0         0         0         0
         0         2         0         0         0         0         0         1
         1         0         0         1         0         0         0         0
         1         0         0         0         0         0         0         0
         2         0         0         0         0         0         1         0
         1         0         0         1         0         0         0         0
         0         0         0         0         0         1         0         0
         0         0         0         0         0         1         0         1
         1         0         0         0         0         3         1         1
         0         1         0         0         0         0         0         1
         0         0         0         1         0         0         0         1
         1         0         0         1         0         1         0         0
         0         0         0         0         1         0         0         1
         0         1         0         0         0         1         0         0
         1         0         0         1         1         0         2         0
         0         1         0         0         1         0         0         0
         0         0         0         0         1         0         0         0
         0         0         0         1         1         0         1         0
         1         1         0         0         0         0         1         0
         1         0         1         0         1         0         1         0
         0         0         0         1         1         0         1         0
         0         0         0         0         0         0         1         0
         0         0         0         1         0         0         0         0
         0         1         0         0         0         0         0         1
         0         1         0         1         1         0         0         1
         0         0         0         0         0         1         0         0
         0         0         0         0         2         1         0         0
         0         1         0         1         1         0         0         1
         0         0         0         0         0         0         0         1
         0         0         0         0         1         0         1         1
         0         1         0         0         1         0         2         0
         0         0         0         1         0         0         0         0
         2         0         0         1         1         0         0         0
         0         0         1         0         0         0         0         0
         1         0         0         0         0         0         0         0
         0         0         1         0         1         1         0         0
         1         0         0         0         0         0         0         0
         2         0         0         0         0         0         0         0
         0         1         0         0         0         1         0         0
         0         0         0         1         0         0         0         0
         0         0         0         0         1         0         1         0
         0         0         0         1         0         0         1         0
         0         0         0         0         0         0         0         0
         0         0         0         0         0         1         0         0
         0         0         0         0         0         0         0         0
         0         0         0         1         0         0         0         0
         0         0         0         0         0         0         0         0
         0         0         0         0         0         1         1         0
         0         1         0         0         0         0         0         1
         0         0         0         0         0         0         0         0
         0         1         0         0         1         0         0         0
         0         0         0         0         0         0         0         0
         0         0         0         0         0         0         0         0
         0         0         0         0         0         0         0         1
         0         0         1         1         0         0         0         0
         0         0         0         2         0         0         0         0
         0         1         0         0         0         0         0         0
         0         0         0         0         1         0         0         1
         0         0         0         0         0         0         0         0
         0         0         0         0         0         1         0         0
         0         2         0         0         0         0         1         0
         0         0         0         0         0         1         0         0
         1         0         0         1         1         0         0         1
         2         0         1         1         0         0         0         0
         0         0         0         0         0         1         0         1
         0         0         0         2         0         0         0         0
         0         1         0         0         0         0         1         1
         0         0         0         0         0         1         0         0
         1         0         0         1         0         0         0         0
         0         0         1         0         0         1         0         0
         0         0         0         0         0         0         1         0
         0         0         1         0         0         1         0         0
         1         0         0         0         0         0         0         0
         0         0         1         0         0         0         0         0
         0         0         1         0         0         0         0         0
         0         0         0         0         0         0         0         0
         0         1         0         0         0         0         0         0
         1         0         0         1         0         0         0         0
         1         0         0         1         0         0         0         0
         2         0         0         0         0         0         0         0
         0         0         0         0         0         1         0         0
         0         1         0         0         0         0         0         0
         0         0         0         0         1         0         0         0
         0         0         0         0         2         0         0         0
         0         1         0         0         0         0         0         0
         0         0         0         0         0         0         0         0
         0         0         0         2         0         0         0         1
         0         0         0         0         0         0         0         1
         0         1         0         0         0         0         0         0
         0         1         0         0         0         0         0         0
         0         0         0         1         1         0         0         0
         0         0         0         0         0         0         1         0
         0         0         1         0         0         0         0         0
         0         0         0         0         0         0         0         0
         0         0         0         0         0         0         0         1
         0         1         0         0         1         0         0         0
         1         0         0         0         0         0         0         0
         0         0         0         0         0         0         0         0
         0         0         0         0         0         0         0         1
         0         0         0         1         0         0         0         0
         1         0         0         0         0         0         1         0
         0         0         0         0         1         0         0         0
         0         0         0         1         0         0         0         0
         0         0         0         0         0         0         1         0
         0         0         0         0         0         0         0         1
         0         0         1         0         0         0         0         0
         0         0         0         0         0         0         0         0
         0         0         0         0         0         0         0         1
         0         0         0         0         1         0         0         0
         0         2         0         0         0         0         0         0
         0         0         2         1         0         0         0         0
         0         0         0         1         1         0         0         1
         0         0         0         0         0         0         0         0
         0         0         0         1         0         0         0         0
         0         0         1         1         0         0         0         0
         1         0         0         0         0         0         0         0
         0         0         0         0         0         0         0         0
         0         1         0         1         0         0         0         0
         0         0         0         0         0         0         0         0
         0         1         1         2         0         0         0         0
         0         0         1         0         0         0         0         0
         0         0         1         0         0         0         1         1

