h5	4000	1	1	1
         0         0         0         0         0         0         0         0
         0         0         0         0         0         0         0         0
         0         0         0         0         0         0         0         0
         0         0         0         0         0         0       922      1053
      1340      1533      1791      2137      2614      3302      4196      5230
      5562      5013      3883      3038      2413      2509      2856      3200
      3471      3650      3866      4498      5545      7399      9515     12927
     20585     36658     62128     85963     91008     72588     43761     21617
     11797     11419     16986     24090     27523     24856     17365      9918
      5354      2975      2071      1904      1846      1812      1832      1891
      1857      1811      1851      1900      1978      2095      2070      2052
      2131      2072      2075      2147      2151      2260      2176      2227
      2228      2310      2271      2506      2690      3453      4654      5775
      6173      5386      4126      3260      2773      2580      2638      2612
      2644      2791      2765      2902      2945      3174      3400      3847
      4188      4690      4962      5047      5100      5104      4999      5092
      4941      4820      5080      5003      4937      4903      4723      4721
      4716      4467      4284      4044      4133      3906      3799      3804
      3663      3801      3729      3810      3652      3588      3657      3662
      3876      4558      6305     10676     19738     35647     55561     67305
     62816     42839     22567      9418      4024      2509      2093      2173
      2094      2108      2056      2055      2059      2019      2067      2110
      2013      2086      2086      2096      2172      2095      2145      2165
      2179      2126      2219      2131      2251      2217      2190      2217
      2274      2157      2327      2286      2384      2324      2444      2288
      2406      2376      2434      2407      2402      2369      2358      2395
      2383      2372      2382      2415      2326      2448      2476      2510
      2548      2519      2606      2636      2821      2703      2575      2566
      2519      2452      2428      2465      2475      2365      2503      2452
      2453      2423      2441      2433      2409      2420      2500      2458
      2479      2534      2411      2444      2536      2558      2588      2617
      2475      2502      2446      2616      2654      2560      2664      2603
      2647      2662      2563      2642      2615      2661      2675      2730
      2716      2757      2829      2888      2880      2870      3028      2910
      2981      3011      2949      2996      3004      3084      3014      3152
      3095      3164      3047      3159      3079      3104      3047      3013
      3118      3246      3115      3208      3210      3382      3423      3444
      3581      3631      3718      3582      3675      3653      3635      3615
      3687      3665      3688      3651      3602      3509      3621      3442
      3618      3568      3571      3871      4131      4342      4332      3726
      3500      3172      3151      3017      2986      2965      2946      2899
      2920      2909      2833      2773      2722      2767      2787      2713
      2732      2742      2611      2665      2638      2567      2624      2596
      2581      2469      2480      2519      2480      2410      2412      2424
      2396      2357      2507      2410      2307      2456      2410      2293
      2405      2349      2285      2250      2284      2285      2288      2215
      2313      2162      2279      2247      2227      2197      2243      2193
      2206      2130      2198      2191      2216      2103      2120      2166
      2076      2142      2116      2073      2068      2102      2050      2013
      2029      2056      2053      2045      2040      2033      2010      1979
      1986      1972      1968      1932      1882      1904      1862      1839
      1842      1750      1713      1692      1597      1604      1626      1552
      1506      1454      1492      1421      1441      1458      1408      1359
      1358      1399      1339      1343      1341      1339      1370      1294
      1290      1302      1289      1283      1253      1256      1320      1479
      1691      1723      1770      1639      1388      1251      1190      1160
      1125      1172      1120      1078      1117      1129      1100      1075
      1045      1106      1060      1061      1048      1054      1017      1016
       887       968       988       968       966       965       945      1016
       935       980       983       898       880       872       857       850
       898       874       878       860       825       867       807       826
       830       832       852       817       790       861       784       795
       745       811       736       737       739       733       786       766
       749       734       674       730       727       675       761       691
       698       695       689       704       685       666       634       659
       633       622       639       647       665       617       630       621
       623       580       616       603       637       594       623       587
       586       630       609       597       530       649       818      1441
      2910      5093      7129      7759      6466      4074      2151      1105
       644       547       533       514       499       533       518       445
       507       471       494       465       475       508       511       496
       509       451       472       473       540       521       450       473
       467       472       468       452       481       444       484       452
       476       454       433       453       456       427       477       488
       467       471       686      1409      3134      6943     12357     16292
     16775     12920      7483      3414      1365       592       404       426
       399       383       411       388       366       363       368       346
       362       335       327       333       340       334       329       329
       322       337       329       349       309       320       329       316
       303       337       317       306       294       305       314       342
       320       278       283       260       298       318       324       317
       313       289       290       307       296       323       312       308
       286       307       329       321       417       405       415       370
       355       302       286       309       302       361       292       303
       317       266       252       284       279       290       303       285
       307       297       264       291       345       295       315       314
       288       334       285       293       277       288       292       309
       294       322       380       547      1288      3868     10462     22177
     37886     47754     46245     33500     18173      7508      2394       699
       221       133       138       121       114       127       119       115
       103       106       113       115       120       119       126       121
       127       119       110       113       111       118       112       122
       110       117       125       119       110       107       119       117
       133       114       126       104       138       132       122       115
       107       136       146       223       461      1220      2630      4746
      6352      6541      5245      3125      1540       736       501       392
       326       180       137       101       115       114       152       121
       126       105        87        73        46        43        58        40
        44        46        52        46        41        42        56        42
        55        42        42        53        40        50        59        56
        44        53        47        52        49        46        59        50
        47        51        47        53        42        58        43        63
        47        54        60        66        66        87        97        96
        77        66        49        79        61        58        62        63
        58        64        56        54        55        62        50        57
        48        61        51        63        54        43        69        46
        50        35        35        47        51        53        41        52
        46        55        49        48        55        60        68       117
       208       267       294       273       220       121        65        40
        31        26        29        23        32        26        25        28
        26        21        21        16        18        27        18        26
        30        28        28        27        21        22        25        24
        29        17        27        15        21        17        22        24
        27        22        15        22        22        12        18        18
        25        22        17        21        22        13        22        23
        23        17        34        28        23        27        17        13
        22        19        26        28        20        14        23        18
        18        24        17        18        20        23        20        16
        21        25        18        17        18        21        15        15
        18        21        18        18        16        10        15        19
        11        21        17        19        22        15        17        22
        16        19        15        11        16        14        19        15
        24        11        11        20        26        19        13        19
        14        12        11        17        19        14        17        15
        10        18        14        14        12        12        16        16
        13        16        15        11        13        17        14        11
        11        10         9        11        18         9        13        18
        20        10        23        14         9         8        15        15
         8        14         5        19        16         8        17         9
        10        14        13        21        11        15         9         9
         9        15        14         8        12         6         9        14
         9        12        11        10        10        12        10         9
         7        11         9         7         9         7         8        15
         9         9        17        19        14         8        11        16
         9        10         5        10        11        13        16         9
        11         5        13        10        10        10         8        10
        10         8        11        12        11        15        10         8
        14        10        12        16         7        11        11        10
        10        12        11        12         6         5        12        12
        13         9         9        10         5         9         6         5
        10        10         8         8         4        11         8         7
         3         8         9         3         8         8        11        12
        13         8         3         7         8         8         5         8
        10         7         8        12         8         8        12         5
         8         4         6         7         5         4         5         9
        13        13         7        10        10         5         4         6
         3         3        10         7         9         7         6         6
         7         8         8        10         7        12         7        10
         4        10         7         6         7         4         6         8
         7         2         3         4         5         4         6         6
         7         7         5         6         7        10         7         3
         4         5         9         8        12         7         8         6
         3         9         6         2         8         9         4         7
         5         5         4         6         7         5         3         6
         1         5         5         3         7         2         1         6
         5         6         5         5         6         8         4         7
         4         2         7         4         6         4         9         7
         8         8         1         8         6        11         3         5
         7         5         9         4         5         2         5         5
         6         7         4         3         6         9         5         7
        13         8         2         6         3         1         3         5
         4         6         5         5         3         3         4         7
         6         4         8         3         5         6         2         6
         5         4         6        12         7        10        13        13
         8         8         7         3         4         6         4         4
         1         4         3         6         3         1         4         4
         3         5         2         4         2         2         4         4
         3         5         6         3         3         4         1         4
         1         4         5         4         1         1         3         4
         3         1         3         4         1         1         4         1
         4         3         2         5         4         1         3         3
         4         5         3         3         5         1         3         1
         2         3         2         1         5         4         2         1
         2         4         5         6         2         4         7         3
         1         4         3         0         1         3         2         1
         6         4         2         0         3         2         5         4
         1         2         2         3         4         8         9        12
        10         5         7         3         3         4         2         2
         4         4         0         0         2         1         1         5
         4         5         3         3         4         1         3         1
         2         2         5         1         0         1         4         2
         1         1         1         3         1         2         2         3
         1         2         3         2         3         2         3         4
         3         1         4         2         4         5         6         5
         5         4         0         3         1         3         1         2
         1         2         1         5         4         1         5         2
         4         4         2         3         2         3         5         1
         4         6         5         6         0         3         1         4
         2         2         0         1         0         4         0         0
         2         3         1         0         2         2         5         3
         4         3         1         4         2         1         2         1
         2         1         1         3         3         2         2         1
         1         3         1         1         1         2         4         1
         2         1         2         6         1         1         3         3
         1         0         4         4         0         3         4         2
         1         0         2         2         1         0         1         1
         5         2         1         1         0         0         3         2
         1         1         0         0         0         0         2         2
         1         3         4         1         1         3         0         1
         1         2         0         2         0         3         1         1
         2         1         0         0         3         0         1         1
         2         0         0         1         2         0         0         2
         0         4         0         0         0         1         0         1
         1         3         1         0         1         4         0         7
         1         3         0         1         1         3         1         1
         1         3         1         0         2         0         4         0
         1         1         0         0         1         2         2         0
         1         0         0         2         4         6         1         1
         1         2         1         3         1         1         1         4
         2         3         3         3         4         1         0         1
         3         0         1         2         0         2         1         2
         3         3         3         2         1         0         2         1
         5         0         0         1         3         0         0         1
         1         3         1         1         3         1         0         1
         2         1         2         3         1         5         2         0
         1         1         2         3         2         2         2         0
         4         2         2         2         0         1         2         2
         2         2         0         1         2         0         3         2
         1         0         0         1         2         0         0         4
         3         0         1         0         3         1         1         2
         3         2         1         3         2         1         0         1
         0         2         2         0         2         1         1         4
         0         1         2         2         2         1         1         1
         1         1         0         0         3         3         0         1
         1         2         1         1         1         2         0         1
         0         1         1         1         2         1         1         2
         2         3         4         5         2         3         1         3
         0         3         0         2         1         0         2         2
         2         2         1         1         0         3         1         1
         0         1         0         0         2         2         1         1
         3         2         0         1         2         2         0         1
         2         0         0         1         0         1         2         3
         0         0         2         2         1         0         1         0
         4         2         2         1         2         3         2         1
         2         0         1         1         4         1         3         1
         0         0         1         0         3         2         0         1
         1         1         1         1         1         1         1         2
         2         0         2         1         1         3         2         1
         0         2         1         2         1         1         1         1
         1         0         1         1         1         1         2         3
         2         3         1         0         1         1         2         3
         3         2         1         1         0         3         0         3
         1         3         3         3         2         0         1         1
         3         0         0         2         0         0         3         3
         1         2         2         1         2         4         2         1
         4         3         3         2         3         3         2         1
         3         1         0         1         1         0         5         3
         3         0         3         1         3         1         0         2
         1         0         1         1         1         2         1         1
         0         1         0         1         2         2         1         1
         0         1         2         1         2         1         2         0
         1         2         1         3         0         2         0         2
         0         0         1         0         3         0         3         1
         2         2         0         0         0         0         0         3
         4         1         0         1         0         4         4         1
         1         0         2         2         1         0         1         1
         0         4         0         1         0         1         0         1
         1         1         0         1         0         0         1         1
         1         0         1         1         2         2         1         0
         0         0         0         2         4         1         0         1
         0         1         1         0         1         1         2         1
         0         4         1         1         2         1         1         0
         2         1         2         0         2         0         1         2
         3         3         0         0         0         2         2         0
         0         6         1         2         0         2         0         1
         2         0         1         1         1         0         1         1
         0         3         2         1         1         0         1         1
         1         1         3         0         0         1         0         1
         2         1         1         0         2         0         2         0
         0         1         0         2         3         0         1         1
         2         0         1         0         2         1         3         2
         0         0         2         0         0         1         0         1
         0         2         1         1         1         0         1         0
         1         0         1         1         3         1         3         3
         0         0         0         0         1         3         1         3
         1         1         2         2         1         2         1         1
         0         4         0         0         2         0         2         0
         2         1         1         4         1         2         0         3
         2         3         3         3         0         0         0         0
         3         2         1         0         0         0         1         0
         0         1         1         1         0         1         0         1
         0         0         1         4         0         0         1         1
         0         0         2         1         0         0         2         2
         0         1         3         1         0         2         3         0
         0         1         1         0         1         1         1         0
         0         1         1         2         1         0         1         0
         2         0         0         1         2         1         3         1
         2         4         1         0         0         2         1         1
         3         0         0         1         0         0         1         0
         1         1         0         0         0         1         2         0
         1         1         2         1         2         0         2         2
         1         0         0         4         1         2         0         0
         1         0         0         1         0         2         4         0
         2         4         0         1         3         1         0         2
         0         0         1         0         2         0         0         3
         0         1         1         0         4         0         0         0
         3         0         0         2         0         1         2         4
         1         2         1         0         2         1         1         0
         1         0         1         0         0         1         0         0
         1         4         0         0         1         3         1         0
         0         1         1         0         2         0         1         0
         1         2         2         2         2         2         0         0
         1         1         1         1         0         1         0         2
         2         0         0         1         0         0         2         4
         1         0         0         0         1         0         3         0
         2         0         3         0         1         0         1         0
         0         0         2         3         0         2         2         1
         1         1         0         1         1         4         0         3
         0         1         2         1         0         0         1         3
         2         1         0         0         3         0         1         1
         2         1         2         0         1         1         0         1
         3         1         1         1         0         2         1         1
         3         0         2         0         0         0         1         0
         1         3         1         1         1         0         1         0
         1         2         1         0         2         0         1         3
         0         1         2         4         2         4         0         2
         1         2         0         4         0         1         2         3
         1         0         1         1         1         1         2         2
         0         2         0         2         1         0         1         1
         0         2         1         0         0         2         0         0
         1         1         0         0         0         0         1         0
         0         1         0         0         1         0         0         0
         1         0         0         1         0         0         0         0
         0         0         0         1         0         1         1         1
         0         0         0         0         0         0         1         0
         1         3         0         0         0         0         0         0
         0         0         1         0         0         0         0         2
         1         0         0         0         0         1         0         0
         0         0         1         1         0         0         2         0
         0         0         0         0         1         1         1         0
         0         0         1         0         0         0         0         0
         0         0         0         1         0         2         1         1
         0         1         0         0         0         1         0         0
         0         0         0         1         0         0         0         1
         0         1         1         0         2         0         1         0
         0         1         1         0         1         0         0         0
         0         0         0         0         0         0         0         0
         0         0         1         0         0         0         0         0
         1         0         0         0         1         0         1         0
         0         0         1         0         0         1         1         2
         0         0         0         0         1         0         0         0
         1         1         0         0         0         0         0         0
         2         0         0         1         0         0         0         0
         0         0         0         0         1         0         0         0
         0         0         0         0         0         0         0         0
         0         0         0         0         0         0         0         0
         0         0         0         1         0         0         0         0
         0         0         1         0         0         1         0         0
         0         1         0         1         0         0         0         0
         0         0         1         0         3         0         1         1
         0         1         0         0         1         1         0         2
         0         0         1         0         0         1         0         0
         0         0         0         0         1         0         0         3
         1         1         0         0         1         0         0         0
         0         0         0         1         0         0         0         0
         0         0         0         1         0         0         0         0
         0         2         0         0         0         0         0         1
         0         0         0         0         0         1         0         1
         0         1         1         0         0         1         1         0
         1         0         1         0         0         1         0         2
         1         0         0         0         0         0         0         0
         0         2         0         1         0         0         0         0
         0         0         1         7        12         9         4         8
         3         2         0         0         0         0         0         1
         0         0         0         0         0         0         0         0
         0         0         0         0         0         0         0         1
         1         0         0         0         1         1         1         0
         1         0         0         0         0         0         0         0
         0         0         0         0         0         0         0         0
         0         1         0         0         0         0         1         1
         1         0         0         1         0         0         1         1
         1         0         0         0         0         0         0         0
         0         0         0         0         0         0         0         0
         0         1         0         0         1         2         0         0
         0         0         0         0         1         0         1         1
         0         1         2         1         0         1         1         0
         0         1         0         0         0         0         0         4
         0         0         0         0         0         0         0         0
         0         0         0         1         0         0         1         0
         0         0         0         0         0         1         0         0
         0         0         0         0         0         0         1         0
         1         2         0         0         0         0         1         0
         1         0         0         1         0         0         2         0
         1         1         0         0         0         0         0         0
         0         0         1         0         0         0         0         0
         0         0         0         0         0         0         1         0
         0         0         1         0         2         0         1         0
         0         0         2         0         0         1         0         0
         1         0         1         0         0         0         0         0
         0         1         1         0         1         0         1         0
         1         0         2         0         2         0         1         2
         0         0         0         0         0         0         0         0
         2         0         1         0         0         0         0         0
         0         0         0         0         0         0         0         0
         0         0         0         0         0         0         0         0
         1         0         0         1         0         0         1         0
         1         0         0         0         0         0         0         0
         0         0         0         0         0         1         1         0
         0         0         0         0         0         0         0         0
         0         0         1         0         1         0         0         0
         0         0         0         0         0         0         1         1
         0         0         0         0         0         1         0         0
         0         0         0         0         0         0         0         0
         0         1         0         1         1         0         0         0
         0         0         1         0         0         0         0         0
         0         0         0         0         0         0         1         0
         0         0         0         1         0         0         0         0
         1         0         0         0         0         0         0         0
         0         0         0         0         1         0         0         0
         0         0         0         0         1         0         0         0
         1         0         0         0         0         0         0         0
         0         0         0         0         0         0         0         0
         0         0         0         0         0         0         0         0
         0         1         0         0         0         0         1         0
         2         0         1         0         0         0         0         1
         0         0         0         0         0         1         1         0
         0         0         0         0         0         0         0         0
         0         0         1         0         1         0         0         0
         0         0         0         0         0         0         0         0
         0         0         0         0         0         0         0         0
         0         0         0         0         0         1         0         0
         1         0         0         1         0         1         0         1
         1         2         0         0         1         0         0         0
         0         0         1         0         0         0         0         0
         0         0         0         0         0         0         0         0
         0         1         0         0         0         1         0         0
         0         0         0         0         0         0         0         0
         0         0         0         0         0         0         0         0
         0         0         0         1         1         1         0         0
         0         1         0         1         0         0         0         0
         1         0         1         0         0         0         0         0
         0         0         1         0         0         1         0         1
         1         0         1         0         0         0         1         0
         0         0         0         0         0         0         0         0
         0         0         1         0         0         0         0         0
         0         0         0         1         0         0         0         0
         0         0         0         0         0         1         0         0
         0         0         0         0         0         0         1         0
         3         1         1         1         0         1         0         0
         0         0         0         0         1         0         0         0
         1         0         0         0         0         1         1         0
         0         0         0         0         0         0         0         0
         0         0         0         0         0         0         0         0
         0         1         1         0         0         1         0         0
         0         0         0         1         0         0         0         0
         0         0         0         1         0         1         0         1
         0         0         0         0         0         0         1         0
         0         0         1         0         1         0         0         0
         0         0         0         0         0         0         1         0
         0         0         0         0         0         0         0         0
         0         0         0         0         0         0         0         0
         0         0         0         0         0         0         0         0
         1         0         0         1         0         0         1         0
         0         0         0         0         0         0         0         1
         0         1         0         0         0         0         1         0
         0         0         0         0         0         2         0         0
         0         0         0         0         0         0         0         1
         0         0         0         0         0         0         0         1
         1         0         0         0         0         0         0         0
         0         1         0         0         0         1         0         0
         1         0         0         0         0         0         0         0
         0         1         0         0         0         0         1         1
         0         0         1         0         0         0         0         0
         0         0         0         0         0         0         1         0
         0         1         0         0         0         0         0         0
         0         0         0         0         0         0         0         0
         0         0         0         0         0         0         0         0
         0         1         0         1         0         0         0         0
         0         0         0         0         0         0         0         0
         1         0         0         0         1         0         0         0
         0         0         0         0         0         0         0         0
         1         0         0         1         0         0         0         1
         0         0         0         0         0         0         0         0
         0         2         0         0         0         0         1         1
         0         0         0         0         0         1         0         0
         0         0         0         0         0         0         0         0
         0         0         0         0         0         1         0         0
         0         0         0         1         0         1         0         0
         0         0         1         1         0         0         0         0
         1         0         0         1         0         0         0         0
         1         0         0         0         0         0         0         0
         1         0         0         1         0         0         1         0
         0         0         0         0         0         1         0         0
         1         0         0         0         0         0         0         0
         1         0         0         1         1         0         0         0
         0         0         0         0         1         0         0         0
         1         0         0         0         1         1         0         0
         0         0         0         0         0         0         0         0
         1         0         0         0         1         0         1         0
         0         1         0         0         0         0         0         0
         0         0         0         0         0         0         0         0
         0         0         0         0         0         0         0         0
         0         0         0         0         0         0         1         0
         0         0         0         0         0         0         0         1
         0         0         1         0         0         0         1         0
         0         0         0         0         0         0         0         0
         0         0         1         0         1         0         0         0
         0         1         0         0         0         0         0         0
         0         0         0         0         0         0         0         0
         1         0         0         0         0         0         1         0

