h8	4000	1	1	1
         0         0         0         0         0         0         0         0
         0         0         0         0         0         0         0         0
         0         0         0         0         0         0         0         0
         0         0         0         0         0         0        42        34
        39        41        35        29        36        51        59        56
        45        32        49        30        41        31        40        38
        23        27        21        11        18        23        21        30
        12        15        21        24        15        19        22        26
        22        19        23        23        27        34        26        36
        48        46        38        50        66        93       113       176
       274       305       273       191       150        97        94       159
       242       441       595       737       790       685       538       474
       465       453       500       536       542       595       663       688
       651       750       761       790       838       819       862       838
       823       856       840       876       843       865       801       918
       887       904       877       892       903       936      1049       975
      1035      1010      1063      1156      1119      1170      1182      1216
      1291      1287      1282      1301      1233      1222      1136      1228
      1235      1201      1209      1298      1325      1375      1330      1353
      1347      1366      1399      1405      1464      1458      1476      1536
      1499      1548      1630      1725      1875      1986      2124      2144
      2278      2274      2262      2239      2273      2169      2110      2069
      1977      1985      1907      1849      1811      1874      1801      1779
      1752      1729      1745      1695      1634      1598      1598      1575
      1723      1586      1566      1545      1552      1588      1584      1504
      1530      1569      1539      1536      1556      1516      1542      1486
      1523      1532      1565      1533      1568      1522      1536      1603
      1575      1497      1557      1570      1592      1575      1621      1629
      1641      1602      1603      1646      1651      1741      1706      1626
      1662      1656      1661      1680      1719      2032      2993      5969
     12092     20149     26838     26318     19792     11105      5276      2500
      1498      1301      1251      1274      1248      1255      1227      1254
      1237      1277      1310      1270      1281      1285      1197      1252
      1312      1232      1219      1269      1287      1191      1227      1192
      1222      1243      1192      1251      1164      1165      1241      1204
      1229      1199      1170      1227      1249      1220      1199      1216
      1296      1189      1209      1255      1304      1385      1289      1410
      1293      1442      1349      1453      1405      1336      1334      1324
      1357      1323      1349      1357      1341      1304      1324      1344
      1267      1301      1275      1309      1208      1290      1324      1307
      1364      1439      1368      1383      1332      1278      1214      1173
      1203      1203      1215      1138      1285      1142      1311      1221
      1214      1137      1101      1163      1161      1154      1154      1168
      1117      1118      1149      1128      1092      1098      1119      1048
      1090      1116      1090      1097      1114      1015      1076      1060
      1025      1052      1079      1031      1015      1041      1058      1016
      1029      1072      1130      1125      1050      1060      1056      1010
       999      1037      1056      1013       987      1019      1064      1041
      1046      1032      1073      1039      1018      1021       968       991
      1011       994       942       974       955      1016       931       991
       919       923       917       877       914       945       963       899
       921       950       876       955       917       878       879       881
       915       959       941       916       863       933       837       944
       899       895       899       862       876       869       903       865
       835       802       898       858       905       831       864       799
       800       810       851       841       806       771       780       767
       775       772       781       772       731       758       725       793
       786       746       731       739       728       693       678       754
       717       729       674       760       678       722       706       723
       686       735       747       687       695       716       665       673
       644       709       730       985      1577      2605      4041      4974
      4487      3302      2009      1165       820       690       610       574
       627       553       582       576       609       553       591       617
       625       582       575       511       561       521       550       539
       510       530       536       517       529       501       521       548
       491       477       528       503       520       509       519       511
       491       557       534       517       492       493       485       477
       474       514       531       513       520       522       464       484
       444       451       488       528       455       505       469       440
       458       460       441       429       426       429       440       436
       517       432       430       473       463       450       463       488
       476       413       408       464       448       428       398       403
       437       459       377       442       415       416       412       400
       420       389       464       505       508       590       592       549
       513       458       412       359       394       360       388       366
       387       375       383       431       364       349       342       384
       357       376       385       423       381       365       352       397
       359       352       375       376       358       366       346       366
       371       352       381       374       345       377       390       401
       351       383       378       338       314       344       348       363
       319       329       344       338       341       352       379       374
       348       381       351       347       353       381       371       384
       363       394       331       317       355       289       298       346
       351       339       334       325       321       344       317       344
       321       347       307       339       333       377       333       399
       371       682      1446      3245      6270      9594     11106      9879
      6748      3517      1456       600       333       315       281       254
       281       248       283       284       277       322       256       288
       257       255       252       239       261       265       257       271
       256       268       270       243       280       262       249       267
       268       249       251       256       254       237       273       253
       290       300       348       441       527       602       574       416
       340       284       255       236       255       237       244       255
       212       242       243       213       241       274       239       252
       251       218       225       222       250       244       239       245
       241       231       240       261       227       234       240       243
       270       250       256       254       230       239       207       188
       230       212       232       242       225       237       208       204
       230       243       234       224       235       215       205       243
       208       214       217       197       209       217       254       215
       209       259       231       248       243       196       223       213
       232       208       225       235       212       216       229       283
       325       499       744       935       943       845       610       399
       285       246       237       243       225       263       242       201
       256       207       201       224       203       185       226       234
       204       218       235       206       210       201       224       242
       231       212       223       205       213       223       201       203
       203       203       213       225       233       207       203       197
       205       214       219       212       197       225       207       209
       208       219       214       236       239       204       211       208
       240       251       395       641       981      1191      1144       930
       581       387       250       195       217       225       196       202
       203       203       204       203       203       203       183       198
       202       199       179       189       197       190       203       175
       189       197       203       185       187       202       215       169
       197       176       213       245       209       211       203       211
       220       182       198       194       192       188       208       210
       222       209       199       193       198       207       221       182
       209       216       215       190       206       175       196       207
       215       208       222       194       215       196       195       191
       212       211       208       206       185       210       192       190
       220       208       215       224       227       299       289       329
       294       295       257       224       205       194       186       201
       219       206       214       210       205       214       207       218
       221       196       182       189       196       198       169       191
       213       213       219       246       220       242       221       206
       228       203       211       217       184       199       220       215
       194       227       212       237       215       210       195       211
       226       197       204       188       200       211       198       197
       210       167       209       226       217       212       200       193
       192       189       209       225       202       210       222       209
       200       198       183       213       209       206       191       211
       188       190       186       181       194       195       208       200
       220       211       202       199       220       202       195       189
       198       207       216       221       199       209       206       224
       179       210       206       193       202       199       194       179
       209       193       217       207       230       189       198       195
       190       221       199       200       202       188       240       216
       183       184       207       236       237       221       202       196
       217       187       209       207       207       180       215       204
       187       216       234       277       295       340       310       299
       284       225       227       239       235       221       212       214
       198       225       239       209       187       207       200       220
       196       203       202       198       184       194       213       194
       241       223       214       183       205       205       202       216
       207       214       186       204       231       207       205       249
       306       266       305       269       255       207       190       181
       193       187       186       178       217       195       204       172
       163       208       162       195       180       189       178       149
       193       188       181       182       193       163       182       181
       178       180       148       169       194       189       164       212
       167       191       184       174       169       158       136       171
       173       194       171       207       179       194       174       179
       148       187       171       178       192       195       180       192
       183       167       164       171       189       161       180       170
       200       178       176       182       186       147       176       158
       164       174       161       162       180       188       179       181
       151       170       168       178       200       179       168       176
       176       182       137       167       170       162       176       147
       176       178       153       168       180       176       185       163
       158       190       164       163       177       199       186       191
       166       156       174       167       190       178       171       164
       173       172       184       162       161       177       161       185
       174       166       149       204       200       208       192       199
       187       187       176       153       170       163       161       174
       159       192       170       163       181       179       169       173
       160       165       170       192       169       167       159       177
       177       153       166       164       156       167       142       160
       149       185       193       187       201       189       192       187
       193       260       244       252       201       201       157       183
       165       149       156       181       167       173       163       146
       185       166       185       215       282       285       369       319
       268       237       209       191       151       167       145       171
       149       176       152       170       159       163       191       154
       167       159       194       154       141       166       147       148
       133       187       176       145       161       148       152       174
       176       153       179       140       187       182       146       167
       158       170       175       182       183       172       163       173
       184       182       173       169       169       142       146       165
       173       172       221       249       243       231       211       175
       155       193       167       169       209       202       158       159
       175       146       159       166       162       146       178       182
       163       178       179       165       169       146       167       175
       169       158       166       168       144       148       179       162
       198       146       180       180       174       165       182       174
       169       165       175       182       185       163       187       197
       183       149       170       140       182       189       172       169
       161       162       168       183       171       180       160       154
       178       163       196       171       177       179       190       160
       179       173       167       163       191       173       160       181
       170       141       148       142       176       186       201       193
       203       189       149       157       172       169       153       167
       167       138       169       168       135       153       148       159
       141       147       139       137       166       160       210       263
       459       896      1513      2037      2467      2301      1766      1088
       519       276       184       128       148       130       135       146
       139       127       130       143       135       133       132       143
       142       148       127       137       149       117       147       131
       141       136       137       169       134       154       125       151
       114       139       155       127       120       140       133       128
       136       156       121       121       132       141       137       140
       137       151       155       152       129       143       144       141
       150       153       175       170       197       201       186       153
       135       132       134       134       137       145       142       156
       136       154       151       125       131       134       135       122
       132       139       150       120       136       145       144       113
       149       139       140       136       121       143       130       124
       134       150       151       121       129       165       137       127
       128       137       126       138       138       144       126       113
       122       131       136       161       156       142       142       159
       158       135       163       143       163       152       146       138
       149       132       119       143       155       130       134       139
       139       138       139       121       151       133       139       112
       123       129       148       145       147       140       138       124
       149       163       145       144       138       146       133       139
       146       142       149       151       170       143       134       129
       154       171       187       286       429       603       802       821
       757       540       309       235       164       143       161       139
       153       155       148       141       153       146       141       105
       156       141       139       130       132       136       111       148
        94       121       128       118       140       129       114       132
       137       133       130       137       105       131       123       123
       132       111       131       116       108       117       117       127
       134       121       133       104       133       113       128       113
       146       130       119       156       118       119       131       134
       140       116       147       120       132       129       124       114
       120       115       107       109       117       113       110       129
       111       102       116       116       110       112       123       104
        84       104       122        92       119        88        95        98
        96       103       102       111       119       130       166       160
       174       149       132        90       100       112        99       104
       105       106        95       121       126       127       135       135
        91        91        87       101        76        95       100       103
       113        82        97        94        73        85        96        91
        93       100        72        89        86       102        88        85
        69        79        92        94        87       103        87        93
        78        91        89        81        76       110        95        85
        91        94        98        72        78        67        84       103
        82        92        81        79        83        93        84        92
        93        76        86        89        96       105        85        98
        84       110       124       149       292       580      1052      1667
      2133      2214      1840      1327       737       333       171       118
        89        79        72        67        81        94        69        77
        86        69        81        61        73        75        57        72
        79        65        79        63        80        49        61        80
        69        75        77        85        73        82        72        73
        68        80        68        83        77        54        55        62
        75        68        75        75        79        71        73        63
        62        51        73        70        58        74        71        61
        74        72        79        72        79        68        56        64
        80        54        78        76        72        83        63       112
       119       141       174       189       166       123       109        80
        53        72        69        71        64        61        53        63
        65        64        75        65        61        55        62        48
        72        59        59        58        56        74        56        56
        72        71        58        66        56        61        58        54
        60        49        75        64        57        67        71        57
        61        60        66        52        61        60        58        48
        55        59        64        53        64        52        66        57
        69        60        52        58        45        69        60        62
        46        83        58        47        61        51        63        51
        52        56        55        65        65        60        51        59
        72        56        53        54        55        62        71        69
        52        53        46        61        64        52        60        65
        64        58        65        63        52        60        49        59
        62        46        57        59        61        68        59        62
        55        43        58        60        71        78        46        55
        63        76        64        66        64        52        67        60
        67        66        74        65        75        66        58        48
        69        59        52        62        67        44        60        76
        68        67        76        70        75        89       146       206
       396       774      1095      1400      1445      1182       900       545
       310       245       246       286       298       244       185       117
        94        67        46        51        65        74        45        54
        56        67        66        64        58        51        60        72
        63        43        62        59        67        49        58        64
        61        57        52        78        57        59        65        73
        86        96       123       229       379       739      1239      1660
      1866      1721      1271       736       379       191       102        71
        58        59        61        57        55        64        53        73
        84        70        68        69        70        71        85        70
        71        80        80        64        69        70        60        48
        65        61        65        54        52        64        60        56
        66        55        63        68        73        61        66        63
        57        58        48        65        59        59        65        46
        69        57        66        71        67        71        59        55
        59        66        59        59        59        59        66        66
        84        56        70        72        78        66        71        85
        70        75        85        75        66        66        61        54
        81        62        72        75        67        64        57        66
        64        56        65        75        62        66        63        65
        56        76        69        69        58        83        71        62
        68        67        67        71        69        79        78        76
        75        67        57        66        73        81        72        67
        64        72        63        58        54        61        58        68
        60        75        78        66        81        72        55        66
        55        80        75        55        66        51        75        74
        61        69        58        62        59        59        72        63
        64        63        54        57        63        47        45        45
        46        49        39        41        50        43        51        44
        47        37        50        45        40        39        50        33
        38        47        43        33        38        46        51        49
        57        33        40        27        40        69        66       130
       173       185       201       200       122        96        53        54
        35        44        27        48        32        37        30        52
        39        50        45        33        30        35        37        38
        41        35        45        31        32        39        32        47
        30        30        31        27        41        38        37        37
        38        40        41        41        39        38        36        35
        43        52        37        42        38        40        36        41
        38        33        31        46        31        31        35        34
        37        30        29        24        27        34        38        33
        42        46        44        60        55        52        36        32
        36        32        31        27        29        39        29        33
        26        28        35        28        45        33        29        23
        29        31        28        37        32        34        28        27
        35        29        27        26        22        28        31        17
        22        29        28        21        23        29        29        33
        27        28        39        51        40        42        41        32
        26        27        20        20        19        16        15        18
        19        25        20        23        19        21        29        28
        19        18        12        19        20        16        16        15
        17        15        19        18        23        30        36        24
        33        22        26        28        15        20        22        25
        18        40        64       107       141       180       195       179
       144        86        47        39        22        14        12        13
        12        17        13        11         8        17        10        16
        17        14        16        12         9        12        10        14
        10        19        13        13        13         7        16         6
        12        15         6        11        16        12        10         6
        11        12         6        11        11         8        12        11
        10         6         6         9        17        12         5         6
        11        13         8         9         9        14        14        14
         4        11        11         7        12         7        10         7
         8         8         8         7         9         4         9         7
         7        10        10        13         8         7         7         8
        12        14         8         7         8         7        13        13
        10        11        14         5         8        11        11         7
         7         6         9         9        11        13         9        11
        10         8         9         6         6         4         9         6
        13        12         7         8         5         5         9         7
         8         9         7         9         8         7         7         7
         8         5         5         6         4         9        13         9
         8         4         8         5         9         8         5        10
         3        10         7        13        11         8         7         7
         3         6         8         6         5         9         5         6
        12         4        10         3         8         6         6         7
        12         8        11         1        13        10         7         8
        12         4         7         7         8        10         7         6
         5         7         8         3        11         7        10        13
        17        15         8        26        10        15        26        25
        31        60       144       346       681      1231      1839      2177
      2256      1681      1178       648       286       116        28         9
         5         2         2         2         3         5         1         2
         4         6         2         4         3         0         3         4
         5         1         2         5         0         2         3         3
         5         1         1         1         4         4         3         1
         2         5         2         5         4         2         1         2
         2         3         3         5         1         3         1         5
         4         1         4         3         3         4         3         0
         2         2         4         3         1         1         1         8
         9         2         4        10        13        13        16        23
        25        19        11         7         4         3         3         6
        13         9         6         9         4         6         9        19
        31        28        49        51        50        47        18        24
        47        35        29        26        15         7         4         4
         3         1         3         1         2         1         1         1
         0         2         3         0         3         1         2         1
         0         1         0         3         1         1         0         1
         2         2         1         1         1         1         3         4
         1         1         0         2         2         2         3         1
         5         3         2         2         2         0         2         5
         1         1         3         1         0         3         6         3
         1         2         5         1         2         1         3         2
         3         3         2         4         1         2         2         4
         3         3         2         5         2         4         2         2
         0         2         3         3         2         0         3         3
         1         2         1         3         2         2         4         2
         0         1         0         1         1         1         1         1
         3         3         1         1         1         0         0         2
         5         3         1         4         0         4         4         3
         2         2         3         5        14        19        20        32
        32        31        29        22        22        14         5         5
         2         3         0         1         2         0         2         0
         1         0         2         0         1         2         3         1
         0         1         0         2         0         1         2         0
         2         1         0         4         2         3         0         2
         1         0         3         0         1         0         0         0
         1         3         2         1         2         0         2         0
         2         3         1         0         3         4         1         1
         1         1         0         1         2         0         0         1
         0         0         0         2         2         2         2         3
         1         1         0         1         1         2         0         0
         0         0         2         1         2         0         0         0
         0         2         2         2         1         2         2         1
         2         0         0         1         3         2         0         0
         2         2         0         1         0         1         1         2
         4         2         1         0         0         0         1         2
         1         3         3         4         2         3         0         2
         4         2         3         3         1         2         0         0
         1         1         0         0         1         0         2         1
         1         1         2         4         1         3         0         2
         4         1         1         0         1         0         1         0
         1         1         0         1         1         1         2         3
         1         1         0         2         1         0         1         0
         1         2         0         0         2         2         1         0
         0         1         2         1         1         1         0         5
         1         2         2         0         0         1         0         0
         0         1         2         2         0         0         2         1
         2         2         0         1         0         1         0         0
         1         0         1         2         5         4         2         2
         1         2         1         1         1         0         1         1
         2         0         0         2         0         2         0         2
         2         0         1         0         1         0         1         0
         2         0         0         0         0         1         1         1
         0         0         2         1         0         3         3         0
         0         3         0         0         1         0         0         2
         3         1         0         0         1         0         4         1
         2         2         0         1         0         1         2         1
         0         0         0         2         0         1         0         1
         0         1         0         0         0         0         1         0
         2         0         1         0         1         0         0         1
         0         1         0         1         0         0         0         1
         0         0         1         1         1         0         0         1
         2         1         0         1         1         0         1         0
         0         0         1         0         0         0         1         1
         0         0         0         0         0         0         0         0
         1         2         0         1         0         0         0         0
         1         0         0         1         0         0         2         1
         0         0         1         0         0         0         0         0
         0         0         0         2         0         1         0         0
         0         0         2         2         1         0         1         2
         5         3         2         1         1         0         0         0
         0         0         0         1         0         1         2         0
         2         1         0         0         0         0         0         0
         0         0         1         1         1         0         0         1
         1         0         1         0         0         2         0         2
         1         1         0         0         1         0         1         1
         0         2         1         2         0         1         0         1
         1         2         0         1         0         0         0         1
         2         0         0         1         3         9         9         6
         5         5         6         5         4         1         0         0
         2         0         1         2         2         2         0         1
         0         2         0         0         0         0         1         0
         0         0         1         0         1         1         0         1
         0         0         3         2         0         1         0         1
         0         1         1         0         0         0         1         1
         1         2         0         0         0         0         0         0
         1         0         2         0         1         0         0         1
         1         0         0         0         1         0         0         0
         0         0         0         0         1         0         2         0
         0         0         0         0         1         0         0         0
         1         0         0         0         1         1         0         0
         0         0         2         0         0         1         0         1
         2         0         2         1         1         1         0         1
         2         1         0         1         0         0         0         1
         0         1         1         0         0         1         2         0
         1         0         0         1         2         0         1         0
         0         0         2         0         0         1         0         0
         2         0         0         0         1         2         0         0
         0         1         1         0         0         0         1         0
         1         0         0         1         2         2         1         0
         0         1         0         0         0         1         0         0
         0         0         1         1         0         0         2         0
         0         0         0         1         2         0         0         0
         0         0         1         2         0         1         1         0
         0         0         0         0         2         0         2         0
         0         0         1         1         0         0         0         0
         1         0         1         0         1         0         1         0
         3         0         2         1         0         2         0         1
         0         0         0         0         3         0         0         0
         0         0         0         1         0         0         3         0
         2         0         0         0         0         1         0         1
         0         0         0         0         1         1         0         0
         0         0         0         0         0         0         0         0
         1         0         0         0         0         0         0         1
         0         1         0         1         0         0         0         1
         1         1         1         2         1         0         1         0
         2         0         0         0         0         2         2         0
         0         1         0         0         1         0         1         1
         0         1         0         0         0         0         1         1
         0         0         1         0         1         1         0         0
         1         0         0         1         0         2         0         0
         1         0         0         0         0         1         1         1
         0         0         1         0         2         0         1         0
         1         0         0         0         1         0         0         1
         0         1         0         0         1         0         1         2
         0         3         1         1         0         0         0         0
         2         0         3         0         0         2         0         1
         0         1         0         1         0         2         0         1
         0         0         0         0         1         0         0         0
         0         0         1         3         0         1         2         0
         2         1         1         0         0         1         0         0
         1         0         1         1         0         0         0         0
         0         0         1         1         0         0         1         1
         0         1         0         4         1         2         0         0
         0         0         1         1         1         0         0         0
         0         0         0         0         0         1         0         0
         0         2         1         1         0         0         1         0
         3         0         0         2         1         0         0         0

