h4	4000	1	1	1
         0         0         0         0         0         0         0         0
         0         0         0         0         0         0         0         0
         0         0         0         0         0         0         0         0
         0         0         0         0         0         0       694       888
       980      1161      1327      1526      1876      2336      3000      4183
      5336      6059      5571      4231      3200      2683      2733      3164
      3648      3812      4145      4312      5102      6779      8848     10877
     13169     19003     34898     63809     95458    108446     89294     54213
     26017     12347     11032     16612     25610     31551     29331     21848
     12751      6427      3492      2368      2090      2085      2112      2055
      2075      2051      2102      2224      2194      2219      2288      2341
      2412      2335      2427      2386      2335      2400      2421      2409
      2383      2408      2442      2604      2700      2928      3413      4412
      5865      6862      6548      5252      3943      3214      2924      2796
      2912      2949      2986      3119      3207      3261      3603      3717
      4279      4817      5430      5905      6086      6130      5894      5809
      5617      5443      5269      5054      4985      4850      4632      4568
      4758      4610      4324      4283      4073      4096      3994      3922
      3749      3704      3795      3832      3706      3876      3963      3981
      4124      4490      4848      5997      9102     16345     30243     52153
     73545     78681     60753     34883     14893      5737      3035      2432
      2286      2329      2192      2253      2322      2224      2280      2369
      2264      2327      2324      2310      2339      2260      2413      2450
      2385      2476      2361      2444      2468      2415      2462      2560
      2557      2552      2556      2539      2535      2574      2600      2664
      2672      2627      2671      2682      2591      2691      2672      2673
      2773      2620      2658      2633      2776      2738      2596      2778
      2806      2783      2740      2832      2855      3047      3173      2982
      2932      2782      2719      2620      2700      2735      2806      2816
      2759      2807      2677      2701      2781      2753      2669      2730
      2796      2737      2751      2742      2851      2739      2677      2789
      2845      2797      2890      2899      2888      2748      2851      2777
      2814      2777      2926      2890      2965      2953      3063      2896
      3032      3160      3092      3133      3095      3169      3076      3186
      3198      3227      3324      3396      3433      3379      3370      3379
      3353      3454      3400      3603      3526      3463      3605      3577
      3496      3515      3582      3574      3681      3610      3668      3838
      3862      4040      4020      4134      4104      4235      4345      4308
      4258      4226      4295      4232      4171      4122      4114      4103
      3955      3955      3856      4002      4145      4360      4704      4892
      4695      4373      3908      3684      3383      3298      3422      3309
      3217      3193      3273      3168      3106      3131      3003      3012
      2943      2973      2862      2947      2903      2798      2834      2856
      2714      2763      2759      2798      2767      2750      2604      2674
      2647      2669      2612      2650      2556      2555      2705      2618
      2507      2571      2532      2492      2493      2507      2572      2444
      2574      2474      2473      2458      2376      2419      2344      2390
      2531      2439      2501      2373      2382      2412      2396      2387
      2320      2269      2379      2271      2384      2382      2385      2294
      2340      2228      2347      2315      2209      2203      2175      2246
      2264      2191      2204      2128      2244      2146      2097      2163
      2120      2064      1998      1914      1966      1927      1860      1773
      1721      1784      1653      1711      1622      1657      1694      1605
      1613      1513      1566      1488      1555      1484      1517      1489
      1490      1446      1433      1412      1392      1389      1400      1432
      1446      1456      1674      1875      2102      1899      1710      1503
      1414      1294      1285      1277      1210      1252      1241      1239
      1229      1144      1222      1164      1185      1104      1200      1092
      1108      1138      1069      1107      1067      1078      1053      1044
      1057      1029      1061      1072      1049      1067       966      1005
      1020       972      1030       949       955       946      1005       929
       925       959       944       921       932       908       910       939
       920       903       847       874       870       869       870       829
       830       880       864       799       770       819       836       815
       785       801       778       822       794       764       763       763
       784       737       728       692       730       761       738       943
      1426      2184      3094      3397      2577      1679      1085       818
       693       675       674       695       674       668       688       715
       734       795      1059      2097      4286      7096      9452      9162
      6650      3673      1830       951       657       596       623       575
       654       589       605       565       584       645       624       521
       599       548       558       617       596       574       555       555
       564       550       593       619       558       573       593       584
       562       569       579       555       555       598       550       537
       545       562       552       578       515       573       885      1823
      4696     10199     17467     21889     19500     13068      6419      2645
       968       584       491       528       502       535       505       459
       408       419       406       475       408       422       434       455
       397       417       414       441       417       373       363       389
       427       370       447       401       391       374       389       382
       384       381       388       383       411       378       403       357
       365       379       387       379       368       364       395       396
       372       387       397       392       397       416       439       470
       558       544       478       476       414       355       343       414
       413       401       391       414       389       364       328       372
       337       343       360       365       361       334       348       348
       361       391       371       350       336       326       341       345
       351       341       324       358       335       353       368       493
      1082      3229      9995     23970     44298     59525     58903     43006
     23046      9255      2879       732       247       175       154       132
       126       157       136       161       165       139       155       146
       149       159       180       140       142       147       143       157
       115       132       158       153       121       151       132       144
       148       131       169       154       151       158       163       181
       166       163       161       182       164       180       184       215
       352       835      2091      4436      7148      8424      7777      5031
      2633      1211       671       540       496       309       216       177
       117       147       185       178       171       158       118        93
        83        63        71        61        66        53        63        60
        60        59        68        63        65        62        60        65
        63        80        63        65        71        59        63        68
        70        59        61        69        65        50        52        65
        61        63        52        70        67        76        65        84
        95        98       118       131       114        87        79        69
        83        95        79        89        75        78        75        67
        61        54        76        76        62        51        62        68
        64        58        72        52        57        66        77        53
        54        40        57        55        47        62        58        53
        55        61        68        82       154       278       392       421
       392       236       139        80        54        37        27        32
        37        30        28        39        40        37        34        42
        32        36        32        30        20        32        39        24
        32        36        27        30        26        34        33        24
        33        24        34        29        28        27        33        33
        31        37        27        34        30        30        39        22
        28        30        25        38        28        36        30        34
        43        32        22        28        21        29        29        25
        21        23        25        23        30        26        32        21
        33        22        19        33        26        27        16        22
        26        18        33        25        13        20        25        17
        23        21        26        16        19        24        20        29
        17        29        29        24        27        23        29        15
        17        24        16        25        16        15        17        18
        19        18        21        19        29        24        23        21
        23        23        15        17        14        30        16        19
        18        22        23        28        18        20        22        29
        14        22        30        13        28        28        19         8
        15        16        11        13        27        21        20        21
        19        18        17        18        18        21        14        18
        17        14        14         8        10        12        14        13
        20        24        18        15        21        17        18        17
        13        26        14        13         9        16        12        19
        19        11        11         6        16        14        14        12
        10        18        12        13        12        12        12         9
         8        15        11        12        14         7         8        10
        15         7        11         9        14        12         9        17
        12        13        12         9        15        14        16         9
        18         9        14        11         7        12        12        15
         9        13        15         6        17        17         6        10
         8        10         9         8         5         7         6        13
        10        11        11         7        12        13         8         9
        11        12         7        17        15        14         9        12
         7         8         6        10        13        10         8         9
         6        11         8         9         9         6         9        11
        17         9        10         7         6        10        15         8
        11        10        11        11        15        12         8         9
         8         7        10         9         6        10        11         8
         3        15         9         7        10         5         4         3
         8         9        11         7         7        10         5         5
        10         6         4         3         6         7         6         7
        12         6         3         5         4         4         8        16
        12         7        11         6         9        10        15         7
        11         9        10         9         3         7         5         7
         8         3         7         8         5         6         3         6
         9         3        10         9         5         6        10         9
         8         4         6         3         8         7         6         4
         9         5         6         5         4         6         3         4
         5         9         9        12         7        19        11        12
         7         8         7         4         2         7         6         5
         2         7         6         6         5         6         2         7
         5         7         2         5         7         6         3         8
         8         4         8         2         3         8         6        10
         3         6         5         2         6         7         5         8
         6         3         5         4         6         7         6         4
        17        17        13         9        16         7         8         5
         5         3         5         7         3         5         1         4
         3         3         7         3         6         2         3         9
         2         1         3         4         4         3         4         3
         3         5         4         4         7         4         3         1
         2         5         5         3         3         2         6         4
         3         2         8         2         3         5         2         8
         5         8         3        10         5         7         4         6
         3         1         2         4         2         1         5         4
         2         4         6         2         2         5         6         3
         4         4         2         5         2         4         1         5
         6         9         6         2         7         4         4         1
         4         4         2         1         7         4         3         2
         8        10        15        14        14        20        12         7
         5         3         2         1         2         4         1         4
         1         3         1         1         1         3         5         3
         1         1         1         3         0         3         2         3
         3         1         2         5         1         4         1         1
         2         0         1         5         2         2         1         0
         3         1         2         0         2         0         3         2
         1         4         1         4         5         3         6         1
         3         1         3         2         1         2         2         2
         1         4         1         3         4         1         2         5
         2         0         3         0         2         0         1         0
         1         2         1         2         1         1         0         2
         0         2         1         0         0         0         1         0
         1         1         0         3         0         2         1         1
         3         4         2         3         1         1         2         5
         2         1         1         1         0         2         2         2
         2         0         5         0         2         0         1         2
         0         4         2         0         2         2         2         0
         1         2         2         2         3         1         2         2
         1         3         1         2         2         2         3         1
         0         4         2         1         2         1         0         2
         1         1         1         2         3         4         0         0
         2         1         2         1         2         2         0         2
         2         3         2         1         1         1         0         0
         0         2         2         0         1         1         0         1
         0         0         2         1         2         1         0         1
         0         2         3         1         0         2         2         0
         1         3         5         1         1         1         2         1
         0         2         1         2         0         1         1         7
         1         2         0         1         2         1         2         3
         2         0         1         0         3         2         0         1
         0         1         0         2         2         1         0         0
         0         2         2         0         1         0         0         2
         5         2         2         2         1         4         2         1
         1         1         0         2         3         0         4         0
         3         2         1         0         1         1         1         2
         1         0         1         2         0         1         0         3
         0         1         3         2         2         0         1         1
         1         1         1         2         2         0         2         1
         1         1         1         3         0         2         5         0
         1         1         0         4         1         1         2         1
         4         1         0         1         0         0         1         5
         0         3         2         2         1         0         2         0
         2         0         0         1         0         1         0         0
         0         0         0         1         1         1         1         2
         2         0         0         2         0         0         0         1
         0         1         3         0         1         1         1         0
         1         1         0         1         2         1         0         1
         2         0         1         1         2         0         1         1
         1         0         0         1         2         2         1         0
         0         1         1         4         1         1         1         4
         2         1         2         1         2         2         0         2
         0         1         1         0         2         0         0         1
         2         1         0         0         0         1         0         0
         0         1         1         4         1         1         0         0
         4         1         2         2         1         1         0         1
         1         0         0         0         2         0         3         0
         3         0         2         2         0         4         1         0
         0         1         3         1         0         1         1         2
         1         1         0         1         0         0         1         1
         2         1         2         1         2         0         1         1
         2         0         1         1         1         1         1         1
         1         1         2         0         2         1         3         3
         2         1         0         3         0         1         2         1
         2         2         0         0         1         2         1         1
         4         4         2         0         2         0         1         0
         0         0         1         2         0         1         1         0
         0         0         2         0         2         0         2         1
         2         0         2         0         0         1         1         2
         1         1         1         2         1         1         0         0
         1         1         2         0         1         1         0         1
         1         0         0         0         1         0         2         1
         1         0         0         1         0         5         2         0
         0         1         1         1         1         1         0         1
         1         1         2         2         2         2         0         0
         0         0         4         0         1         0         0         1
         1         2         0         1         0         0         1         1
         2         0         0         0         0         0         0         2
         0         1         1         0         3         0         2         1
         2         0         1         2         3         0         2         0
         0         0         2         1         1         1         0         1
         1         0         1         0         0         1         1         1
         1         1         1         0         2         1         0         2
         2         0         2         1         1         1         3         3
         2         0         2         1         0         0         2         1
         1         0         0         1         2         1         1         2
         1         0         1         0         1         1         1         1
         1         0         0         1         0         0         0         2
         1         0         0         1         1         0         1         1
         0         1         0         1         1         1         0         1
         0         2         1         1         0         0         1         0
         0         0         1         0         1         0         1         0
         4         1         1         1         1         0         0         0
         3         0         0         1         2         1         3         2
         0         1         2         1         0         0         1         0
         0         1         2         2         0         1         1         0
         0         1         0         0         0         1         2         0
         0         0         0         1         0         0         1         0
         0         0         0         1         0         0         0         2
         0         1         0         4         0         0         3         0
         0         0         3         1         1         0         1         2
         1         0         1         2         1         0         1         1
         2         0         0         1         3         3         1         0
         2         2         2         5         0         0         1         0
         1         1         1         1         2         0         1         0
         1         3         2         1         0         0         1         1
         0         1         2         3         1         1         1         1
         1         0         1         1         0         0         0         0
         0         2         0         0         2         0         0         1
         1         0         0         0         0         3         1         0
         0         0         3         0         0         1         1         0
         0         0         1         1         0         0         0         1
         1         1         0         1         1         2         1         0
         1         2         0         1         1         0         1         0
         0         0         0         0         1         2         2         0
         0         0         0         0         2         0         3         0
         1         0         1         0         0         4         0         0
         0         1         0         2         1         1         2         0
         0         1         1         1         0         0         0         0
         2         1         1         1         0         0         2         0
         1         0         0         0         0         0         1         0
         0         1         1         0         0         1         1         3
         0         1         0         1         1         2         0         1
         0         0         1         0         1         2         0         0
         0         1         0         2         0         2         0         1
         1         0         2         1         1         0         0         1
         1         0         1         1         1         1         0         1
         0         2         1         0         0         1         0         0
         1         2         0         0         2         0         1         1
         2         3         1         0         1         0         0         0
         1         0         0         0         1         0         1         1
         4         2         1         2         3         0         1         0
         2         1         1         1         2         0         1         0
         1         2         2         2         1         2         0         2
         0         2         0         0         0         0         0         0
         0         0         1         0         0         0         0         0
         2         1         2         0         2         2         0         2
         0         0         0         0         0         1         1         0
         0         1         1         0         0         0         0         1
         0         0         1         0         0         0         0         1
         2         0         1         0         0         2         0         1
         1         0         1         0         0         1         0         0
         0         1         1         3         0         1         0         1
         2         0         0         1         0         1         0         3
         1         0         1         1         0         0         0         0
         1         0         0         0         0         2         0         0
         0         0         1         0         0         0         0         0
         0         0         1         0         1         1         0         0
         1         0         1         0         0         1         0         2
         0         1         0         0         1         1         0         0
         1         0         0         0         0         0         0         1
         0         0         2         1         0         0         0         0
         1         0         0         0         2         0         0         1
         1         0         0         2         0         0         1         1
         0         0         0         0         2         0         0         1
         1         0         1         0         0         0         0         2
         0         1         3         0         1         0         0         0
         0         0         1         1         0         0         0         2
         0         0         0         0         1         0         0         0
         0         0         0         0         0         0         0         0
         0         1         0         0         2         1         1         0
         1         0         0         0         0         1         1         0
         0         1         1         0         1         0         0         0
         1         0         0         0         0         0         0         0
         0         0         1         0         1         0         0         0
         1         0         1         0         0         1         1         0
         0         2         1         1         0         0         2         1
         0         1         2         1         0         1         1         0
         0         0         3         0         0         0         0         2
         0         1         1         0         1         0         0         0
         0         0         0         2         0         0         0         0
         0         0         0         2         1         0         2         1
         0         0         1         0         0         3         0         1
         0         0         0         0         1         0         0         1
         0         0         0         1         0         1         0         0
         0         0         0         0         0         0         1         0
         0         0         0         0         1         0         1         0
         0         0         1         0         0         0         1         1
         0         0         0         0         0         0         0         0
         0         0         0         0         0         1         1         0
         0         0         0         0         2         2         0         0
         0         0         0         1         1         0         1         0
         0         0         0         0         1         0         1         0
         0         0         0         1         0         0         2         1
         0         1         2         0         1         0         0         0
         1         0         0         0         1         2         0         1
         0         0         1         1         1         0         0         0
         2         0         1         2         3         3         6        10
        10         8         9         5         0         1         0         0
         0         1         1         1         0         0         0         0
         1         1         1         1         0         1         0         0
         0         0         0         1         0         0         0         0
         0         0         1         1         0         0         1         0
         0         1         0         0         0         0         0         1
         0         0         0         0         0         0         0         0
         0         0         0         0         0         0         1         0
         0         0         1         0         1         0         0         0
         0         0         0         0         0         0         2         1
         0         1         1         1         0         1         0         1
         0         0         1         0         2         0         0         0
         0         0         0         0         0         1         0         0
         0         1         0         0         0         0         0         0
         0         0         0         3         0         0         0         0
         0         0         0         1         0         0         0         0
         0         0         1         0         0         0         1         0
         0         0         0         0         0         0         0         1
         0         1         1         0         0         0         0         1
         0         0         0         0         0         0         2         0
         1         0         0         1         1         0         0         0
         0         0         1         0         0         0         0         0
         1         0         0         0         2         0         0         1
         1         0         0         0         1         0         0         2
         0         1         0         0         0         1         0         0
         0         1         1         0         1         0         0         0
         1         0         0         0         1         0         2         0
         0         3         1         0         0         0         0         0
         0         0         0         0         1         0         0         2
         0         0         1         0         0         1         0         0
         0         0         0         0         0         0         0         0
         0         0         0         0         1         2         1         0
         0         1         0         0         0         0         1         0
         0         1         1         1         0         0         0         0
         0         0         0         0         1         0         0         0
         0         0         0         0         0         0         0         0
         0         0         0         0         0         0         0         0
         0         0         0         0         0         0         0         0
         0         0         0         0         0         0         0         0
         0         0         0         0         1         0         0         1
         0         0         0         0         1         0         0         1
         0         0         0         0         0         0         0         0
         0         0         0         0         0         1         0         0
         0         0         0         0         0         0         0         0
         1         1         0         0         1         0         0         0
         0         0         0         0         0         0         0         0
         0         1         0         1         0         0         0         0
         0         0         0         0         0         0         0         0
         0         0         0         0         1         1         1         0
         0         0         0         0         0         0         0         0
         1         0         0         0         0         0         1         1
         0         1         0         0         0         1         1         0
         0         0         0         0         0         0         0         1
         0         0         0         1         1         0         0         1
         0         0         0         0         0         0         0         0
         0         1         1         0         1         0         0         0
         1         0         0         0         2         0         0         0
         1         0         2         0         1         1         0         0
         0         0         1         1         0         0         0         1
         0         0         0         0         0         0         0         0
         0         0         0         1         0         0         1         1
         0         1         0         0         0         0         1         0
         0         0         0         0         0         0         0         0
         1         1         0         0         1         0         0         0
         0         0         0         0         0         1         0         0
         0         0         0         0         0         0         0         0
         0         0         0         0         0         0         1         1
         2         0         0         0         0         0         0         0
         1         0         1         0         0         0         1         0
         0         0         0         0         1         0         0         1
         0         0         0         0         0         0         0         0
         0         0         0         0         0         0         0         0
         0         2         0         1         0         0         0         0
         0         1         0         0         0         0         0         0
         0         0         0         0         0         0         0         2
         0         0         1         1         1         1         1         3
         3         4         0         2         0         0         1         0
         0         0         0         0         0         0         1         1
         0         0         0         0         0         0         0         1
         0         0         0         1         0         1         0         1
         1         0         0         1         0         0         0         0
         1         0         0         0         0         1         0         0
         0         0         0         0         0         0         0         0
         1         0         0         0         0         0         0         1
         0         0         0         0         1         1         0         0
         0         0         1         0         0         0         0         0
         0         1         0         1         0         0         0         2
         0         0         0         0         0         1         1         0
         0         1         0         0         1         0         0         0
         0         0         0         0         0         1         0         0
         0         1         0         0         1         0         0         0
         0         0         0         0         0         0         0         0
         0         0         0         1         1         0         1         0
         0         0         0         0         0         0         0         1
         0         0         0         0         0         0         0         1
         0         0         0         1         1         0         0         0
         0         1         0         0         1         0         0         0
         0         0         0         0         0         0         0         0
         0         0         0         0         0         1         0         0
         0         0         0         0         0         0         0         0
         0         0         0         0         0         0         0         0
         0         0         0         0         0         0         0         0
         0         0         0         0         0         0         0         0
         0         0         0         0         0         0         0         0
         0         0         0         0         0         0         0         0
         0         0         0         0         0         0         0         0
         0         0         0         0         0         0         0         0
         1         0         1         0         0         1         0         0
         0         0         0         0         0         0         0         0
         0         0         0         0         0         0         0         0
         1         0         0         0         0         0         0         1
         0         0         0         0         0         2         0         2
         0         0         0         1         0         0         0         0
         0         0         0         2         0         0         0         0
         0         0         0         0         0         0         1         0
         0         0         0         0         0         0         0         1
         0         0         0         0         0         1         0         1
         0         0         0         0         0         0         0         0
         0         0         1         0         0         0         0         0
         0         1         0         0         0         0         0         0
         1         0         1         0         0         0         0         0
         0         0         0         0         0         0         0         0
         0         0         0         1         1         0         0         0
         0         0         1         0         0         0         0         0
         0         0         0         0         0         0         0         0
         0         0         0         0         0         0         1         0
         1         0         0         0         1         0         0         0
         0         0         0         1         0         0         0         0
         0         0         0         0         0         0         0         0
         0         0         0         0         0         0         0         1
         0         0         0         1         0         0         0         0
         0         0         2         0         0         0         0         0
         0         0         0         0         0         0         0         0
         0         0         0         0         1         0         0         0
         0         0         0         1         0         0         1         0

