h4	4000	1	1	1
         0         0         0         0         0         0         0         0
         0         0         0         0         0         0         0         0
         0         0         0         0         0         0         0         0
         0         0         0         0         0         0       443       434
       527       559       609       642       668       691       760       768
       825       839       846       872       982      1015      1201      1318
      1301      1231      1177      1092      1055      1133      1204      1263
      1455      1802      2048      2230      2100      1917      1765      1644
      1825      2140      2646      3421      4228      4908      5257      5343
      5030      4914      5858      8347     15389     27171     39191     44421
     37462     23338     11374      5256      3056      2591      2955      4203
      6953     10347     11868     10664      7665      4925      2979      1801
      1190       998       963       887       858       837       780       810
       795       804       788       897       879       892       873       899
       925       897       937       927       875      1000       976       987
       977       964       966       989      1015      1022      1059      1096
      1024      1053      1134      1211      1322      1233      1348      1378
      1414      1434      1268      1223      1185      1163      1257      1249
      1243      1301      1338      1263      1304      1325      1359      1328
      1481      1447      1448      1498      1485      1558      1578      1596
      1621      1637      1706      1880      1938      2107      2224      2289
      2360      2375      2271      2188      2180      2166      2088      1910
      2005      1944      1923      1826      1824      1738      1789      1740
      1746      1663      1665      1675      1679      1627      1631      1620
      1638      1587      1594      1588      1601      1576      1614      1547
      1593      1528      1518      1602      1610      1612      1498      1585
      1538      1609      1591      1596      1556      1543      1573      1587
      1665      1612      1576      1681      1683      1647      1695      1714
      1677      1630      1638      1618      1717      1733      1675      1692
      1636      1714      1687      1830      1762      2170      3716      8112
     16813     27379     31444     25825     15632      7334      3070      1730
      1422      1351      1292      1285      1357      1262      1286      1291
      1340      1309      1310      1272      1296      1276      1249      1282
      1306      1259      1320      1306      1299      1316      1308      1201
      1217      1236      1277      1189      1281      1251      1232      1176
      1243      1225      1212      1211      1263      1278      1275      1218
      1280      1305      1286      1300      1336      1395      1448      1425
      1428      1365      1326      1405      1450      1370      1470      1430
      1385      1406      1416      1413      1401      1356      1372      1404
      1366      1404      1303      1310      1313      1328      1335      1412
      1398      1444      1495      1392      1337      1259      1292      1277
      1259      1176      1288      1297      1278      1158      1206      1284
      1168      1216      1141      1241      1210      1189      1213      1165
      1161      1105      1167      1165      1174      1125      1246      1167
      1120      1110      1111      1129      1146      1127      1087      1134
      1095      1033      1080      1137      1103      1109      1080      1084
      1071      1089      1074      1134      1107      1035      1054      1116
      1017      1093      1117      1102      1096      1132      1074      1099
      1086      1001      1033      1056      1088      1036       970      1038
      1089      1021      1003       970       996       955      1004       955
       997       984       884       924       990       966       960       979
       971       970       939       951       968       955       954       999
       977       980       974       935       981       942       959       941
       948       951       967       884       883       953       900       913
       859       825       873       945       944       883       866       818
       899       914       867       888       804       856       822       844
       824       786       802       825       818       822       784       787
       796       805       784       796       758       729       810       807
       713       734       790       696       740       735       736       745
       731       773       723       692       739       734       656       663
       671       676       812      1046      1645      2972      4926      5825
      5001      3424      1931      1029       808       691       710       679
       614       575       666       639       652       617       626       600
       603       602       610       644       594       523       587       571
       550       576       563       558       543       599       530       568
       541       584       564       553       551       601       745      1329
      3130      6765     10332     11378      9041      4887      2122       960
       632       554       572       519       561       530       508       494
       509       530       493       526       501       545       502       504
       503       520       479       495       493       488       486       473
       452       494       495       475       483       460       502       502
       487       490       464       483       477       470       435       466
       451       455       442       498       455       478       469       440
       404       487       492       545       631       658       620       572
       519       425       469       430       447       435       409       421
       411       417       413       410       377       431       396       439
       434       343       401       391       373       417       411       419
       416       404       399       428       384       363       381       443
       417       435       391       390       419       377       392       396
       370       389       379       383       356       367       389       351
       387       417       377       396       375       359       412       409
       410       384       372       351       325       359       409       424
       444       464       397       418       350       335       342       373
       371       372       381       368       374       342       307       339
       322       359       370       313       360       364       363       376
       401       574      1276      3271      6881     11375     13623     12165
      7754      3800      1456       608       348       291       272       289
       294       295       291       279       286       309       287       288
       270       287       294       297       290       284       272       289
       274       267       268       286       288       241       275       256
       283       292       252       290       277       258       264       270
       279       303       391       486       612       640       585       494
       394       310       250       286       252       254       255       250
       266       256       266       253       259       284       307       275
       255       243       243       269       250       289       262       240
       304       268       265       241       289       241       260       259
       290       273       260       291       276       228       248       272
       244       250       281       272       261       228       235       265
       269       257       244       284       259       244       231       259
       258       247       243       272       247       253       248       245
       241       244       246       258       246       263       236       214
       265       225       233       238       241       278       294       282
       392       573       890      1170      1156       889       595       397
       280       255       247       242       265       285       233       246
       207       251       236       238       235       224       214       252
       239       231       205       222       258       246       276       222
       221       245       235       254       232       215       242       230
       244       218       231       254       243       260       239       244
       230       225       218       215       239       236       220       242
       256       222       239       219       228       211       254       232
       273       320       513       871      1304      1440      1312       883
       567       336       273       252       238       233       222       249
       230       211       210       221       236       255       220       223
       251       214       235       200       221       220       237       205
       223       224       226       236       216       222       211       215
       232       238       217       242       225       237       235       224
       230       222       214       230       232       244       216       228
       229       201       223       215       211       202       214       177
       218       237       217       208       231       228       240       224
       220       211       248       218       215       208       224       212
       233       212       221       214       229       219       220       235
       246       232       240       240       300       322       362       394
       318       274       227       258       208       223       216       233
       250       234       212       233       225       250       211       230
       219       222       251       215       205       204       223       225
       206       261       281       269       275       277       233       244
       246       221       205       225       205       216       242       246
       224       216       226       266       240       224       208       231
       205       218       201       212       234       214       251       207
       202       222       216       242       215       232       263       273
       273       221       217       243       214       211       215       231
       226       235       232       216       220       225       233       239
       227       219       217       219       228       206       217       249
       246       201       259       239       198       240       202       227
       215       230       231       217       208       205       227       220
       244       216       221       242       235       241       233       212
       231       219       235       210       215       212       249       213
       208       237       235       220       215       212       233       210
       231       233       210       231       211       231       212       259
       243       192       220       235       210       257       215       221
       206       244       263       311       368       410       373       335
       294       290       296       243       213       238       223       234
       214       244       260       230       250       231       238       231
       231       224       216       237       252       219       236       227
       228       243       211       235       229       223       254       214
       232       234       230       223       262       244       272       258
       335       379       354       350       264       223       215       196
       205       199       202       221       186       214       198       193
       187       233       215       187       219       176       184       203
       182       184       193       185       179       199       190       204
       203       200       208       217       206       215       182       199
       189       197       208       183       191       224       198       203
       202       216       202       180       204       196       206       187
       188       183       186       158       202       200       243       189
       180       189       197       217       191       192       206       203
       221       186       171       212       204       200       197       178
       189       165       182       177       189       174       220       210
       194       188       202       182       204       169       197       207
       200       191       198       192       165       206       194       192
       189       174       204       178       200       189       205       174
       191       183       189       191       182       195       185       204
       210       180       197       210       198       195       199       199
       183       188       194       196       214       191       176       205
       178       199       187       225       225       251       210       223
       215       205       171       217       185       177       164       207
       196       189       175       194       187       175       166       233
       201       188       195       186       167       178       184       174
       176       178       172       180       189       189       194       206
       215       223       247       243       198       214       197       222
       251       304       326       280       250       200       175       187
       168       187       176       179       187       185       166       193
       175       193       222       223       308       389       358       339
       308       234       199       189       167       167       187       180
       184       183       169       175       187       179       181       169
       154       171       171       188       192       190       162       165
       174       158       177       180       178       171       191       171
       188       165       188       158       189       164       170       164
       185       193       163       169       177       218       213       224
       209       179       191       182       149       177       184       178
       190       199       203       262       260       228       237       230
       191       193       199       212       204       209       220       166
       232       173       181       176       174       177       162       190
       202       193       175       185       195       202       191       166
       163       193       173       185       187       195       162       180
       224       176       184       189       169       143       174       174
       180       183       167       189       194       197       177       169
       166       190       162       194       205       183       189       163
       183       174       169       165       204       192       170       177
       168       185       186       188       193       180       167       186
       192       202       185       177       193       149       178       167
       164       177       165       192       185       174       193       203
       237       211       162       206       153       181       166       177
       186       176       166       177       185       172       171       151
       168       144       157       165       156       158       184       182
       323       663      1298      2229      2900      3098      2477      1660
       811       381       228       164       144       154       161       170
       148       146       171       163       159       162       178       149
       134       152       149       160       147       152       171       135
       164       155       161       169       163       160       154       152
       146       137       130       151       134       139       149       153
       162       154       135       139       165       163       147       134
       185       140       138       156       159       138       137       178
       154       168       179       219       223       219       213       197
       158       141       142       138       137       157       159       160
       152       164       141       142       171       178       136       161
       138       121       163       138       148       151       157       136
       142       156       146       141       146       169       142       165
       142       158       151       149       145       146       150       152
       130       151       174       172       159       163       146       138
       143       164       152       151       165       183       162       164
       143       162       179       183       190       177       159       154
       159       175       154       182       154       147       163       149
       140       167       154       163       143       158       174       159
       138       142       156       159       147       145       150       150
       166       152       143       164       146       168       154       126
       130       145       142       138       179       162       140       171
       141       184       189       271       438       693       965      1025
       874       613       414       259       199       170       164       150
       165       136       173       203       174       143       156       164
       149       153       145       159       139       152       138       145
       137       151       144       146       134       123       146       151
       147       136       128       136       127       124       147       144
       129       126       161       133       124       128       136       134
       127       150       111       144       126       145       117       148
       145       142       148       132       122       147       136       174
       151       146       151       151       136       141       121       142
       129       131       126       125       117       132       117       120
       115       112       122        93       115       108       112       131
       124       114       115       107       100       106       100       130
       118        85       116       126       142       135       163       164
       170       140       145       120       122       106       114        87
       118       126       124       148       145       141       138       126
       128        90       104       104       102       116       114       103
       120       127        95       105       106       100       107       100
        93        86        89        91        96        95       103       110
        95       109        81       105       104        94       108       104
       106        81        96       105        98       100        69        98
        80        88       104        92        73        95        75       104
        93        85       109        85        84        93       104       100
        99        90       101        94        94       106       106        83
        86       100       116       218       481      1013      1771      2541
      2812      2513      1615       889       392       180       117        84
        91        96        94       110        80        77        92        85
        78        68        85        85        93        72        86       102
        87        73        69        79        77        71        79        75
        71        74        62        89        69        88        66        73
        55        76        71        75        89       102        84        61
        82        82        78        81        87        90        69        84
        69        77        77        63        76        74        86        76
       110        92       105        68        60        69        75        79
        71        76        67        76        92        97       113       130
       167       228       211       195       125       112        92        87
        67        71        63        74        75        73        67        72
        67        59        68        68        57        73        84        61
        73        74        75        61        66        69        55        56
        76        67        62        66        64        66        66        70
        54        76        71        68        60        78        65        67
        74        50        90        70        68        63        78        72
        68        75        61        64        59        56        69        63
        62        60        67        72        58        62        64        62
        66        63        68        70        65        65        60        68
        74        71        76        57        75        85        63        70
        59        64        78        74        77        61        58        74
        59        71        63        84        68        61        80        74
        74        52        64        60        67        70        72        75
        51        66        64        72        58        63        71        59
        61        58        85        74        58        68        74        77
        54        71        61        69        69        64        76        73
        54        64        74        71        73        72        49        55
        53        73        76        70        71        57        69        59
        81        73        64        89        82        91       146       338
       579      1071      1510      1784      1685      1233       739       359
       273       302       354       353       376       229       174        83
        73        80        55        54        61        64        68        62
        59        53        41        68        56        80        67        58
        70        67        63        58        79        80        62        61
        72        63        54        69        60        72        76        71
       101       130       179       253       607      1094      1712      2205
      2239      1789      1088       548       259       117        93        73
        64        67        63        82        57        64        56        63
        78        70        70        86        72        64        86        72
        90        85        83        74        84        68        61        61
        68        66        64        71        64        78        76        75
        47        72        69        63        61        68        55        74
        74        58        68        83        70        63        67        77
        81        58        54        57        64        67        69        72
        63        75        70        74        65        74        70        79
        55        75        65        71        90        91       104        84
        91        75        73        74        62        87        57        79
        70        64        81        66        66        76        58        68
        68        74        91        70        58        73        60        73
        66        57        79        72        81        74        63        66
        82        66        78        83        80        78        51        82
        80        72        57       101        70        66        71        71
        77        61        72        63        81        80        68        77
        78        64        73        78        87        71        93        55
        65        79        71        65        79        82        54        63
        58        76        82        79        64        54        57        53
        55        58        44        51        58        65        57        51
        50        59        57        44        45        52        57        54
        60        49        51        52        43        51        44        35
        41        50        44        50        43        41        45        47
        39        49        51        55        47        82       122       153
       243       256       237       149       120        75        62        48
        36        46        46        44        35        37        46        58
        29        58        46        53        27        30        39        41
        41        48        52        37        39        31        43        46
        34        33        39        32        41        37        51        35
        54        39        58        51        50        45        39        48
        39        42        44        42        37        32        38        40
        28        34        33        29        40        31        36        33
        27        32        33        42        30        33        45        45
        52        54        61        61        63        46        48        41
        37        32        26        55        28        31        35        29
        28        35        31        36        29        28        31        31
        30        28        37        23        33        32        38        25
        20        31        28        33        23        27        26        24
        32        31        31        24        28        24        22        22
        39        49        47        40        73        63        51        35
        31        22        25        33        24        19        23        24
        30        23        24        18        22        30        31        20
        20        23        17        21        19        32        20        28
        19        17        21        20        28        21        17        30
        42        35        30        29        18        20        18        12
        32        55        98       172       198       239       232       188
       122        52        30        19        18        13        14        12
        15         7        13        17        15        19        17        10
        14        12        21        12         9        16        12         5
        16        13        15        13        11        14        14        12
        10        10        13        14        11        13        12        13
        12        12         6         9        16        15        11        13
        11         9         8        14         9        17        12        13
        13         9        10        17         8        15        10         2
        14        11        12        17        15        14        15         9
         9         8        14        10        15         8         9         6
         8         4         6         9         9        15        12         6
        13         9        13         8         8        12        13         8
        17        10         6        11        14         7         9         7
         6         4         7         9         5         9        11         8
        15         5         5         9         8         3        10         7
         8         7        11         9        10        12        12        14
        12         7         4         9         4         8         9         4
         8         8         7         2        11         7        10         7
         7        13         8         3         6         6         7         6
        14         6         9        12         9         6         6         7
        10         7         5        11         4         6        10         9
         5         5         5         7         5         6         6        11
         6        12        14        11         9         9         7         7
         6         4         6         8         6        11        11         7
         9         7         7        11         7        13         9         9
         4         9         5        10         5        10         6        15
        36       102       277       634      1231      2042      2581      2793
      2331      1479       799       336       129        35        15         4
         8         1         2         2         5         2         2         1
         2         5         2         1         4         2         2         1
         2         4         2         4         6         1         3         2
         6         1         1         0         3         4         1         4
         4         4         2         6         0         6         0         1
         7         4         2         5         8         7         3         3
         2         4         1         3         2         2         3         1
         3         4         4         6         4         8         5         3
         5         7         8        11        24         8        22        33
        21        10        11         4         5         2         8         4
         5         5         8         6         6        15        22        27
        37        47        75        62        65        35        42        35
        43        40        24        10         7         5         2         2
         2         1         3         2         1         2         1         1
         2         1         1         3         2         1         1         3
         2         0         2         1         4         2         3         2
         1         3         2         2         2         2         2         0
         1         2         3         4         4         2         0         3
         3         2         4         0         2         2         2         0
         4         1         1         4         3         0         1         1
         0         1         8         2         2         3         2         6
         0         2         7         2         2         4         0         1
         0         0         2         2         2         0         5         1
         2         1         1         1         1         5         1         4
         2         6         5         2         5         1         1         2
         1         4         4         2         0         1         4         1
         4         2         1         2         3         1         1         0
         1         4         0         3         6         2         1         5
         3         2         4         8        14        30        34        34
        37        36        46        23         9         6         4         2
         0         0         2         1         0         0         1         4
         1         4         0         2         0         0         1         0
         2         1         0         1         1         2         1         1
         1         1         0         1         1         1         2         1
         0         1         0         1         0         2         0         1
         2         2         3         0         1         1         2         0
         1         1         0         0         0         1         0         1
         0         2         2         1         0         1         0         1
         2         1         1         2         1         2         1         0
         4         4         0         0         2         2         2         3
         2         0         1         2         0         3         1         0
         2         0         1         1         2         2         0         0
         0         2         1         2         4         1         4         1
         0         2         2         1         3         3         1         0
         2         0         1         1         2         2         0         8
         4         1         1         2         0         2         2         3
         2         2         2         1         1         0         0         3
         1         0         2         1         1         1         0         1
         3         1         0         2         2         1         1         2
         3         2         2         0         0         2         1         0
         0         1         1         0         1         1         0         0
         1         1         0         0         0         0         1         2
         2         2         0         2         0         0         0         2
         1         0         0         3         0         0         2         3
         0         0         2         1         0         0         0         0
         1         0         0         2         2         1         1         0
         1         0         3         0         0         1         2         1
         0         0         2         2         3         4         2         1
         2         1         2         1         1         4         1         1
         1         3         1         2         3         1         1         3
         1         1         2         1         0         2         0         1
         3         0         2         0         0         1         1         2
         1         2         3         0         1         1         1         0
         0         0         1         0         0         0         1         2
         1         2         1         0         2         1         1         0
         0         1         0         0         2         2         0         0
         0         0         0         1         0         0         0         2
         2         1         2         0         0         1         2         3
         0         0         0         1         0         2         1         0
         1         1         0         0         2         0         1         1
         0         3         0         1         1         0         3         3
         0         0         0         2         0         0         1         0
         3         0         1         1         1         1         0         0
         1         0         0         1         0         4         0         1
         1         0         3         2         1         2         0         0
         1         0         1         2         2         0         1         0
         1         0         0         0         2         1         1         3
         3         0         0         0         0         0         1         1
         3         2         3         0         0         1         2         2
         4         0         3         2         2         0         2         0
         0         1         0         0         0         1         1         1
         1         0         0         0         1         1         0         1
         0         0         0         0         0         2         0         1
         1         1         0         0         1         1         0         1
         1         0         0         1         1         0         1         0
         4         1         1         0         0         0         0         0
         0         0         2         0         0         0         0         1
         1         0         3         2         6        10        10        10
         9         2         4         2         2         1         0         2
         2         0         2         0         2         1         0         0
         1         1         0         0         2         1         0         0
         0         1         0         1         0         0         2         0
         0         0         0         1         0         2         0         1
         0         0         0         0         1         0         0         0
         1         1         0         0         0         0         0         1
         0         1         0         0         0         1         0         0
         1         1         0         1         1         1         1         0
         0         1         1         0         0         1         0         1
         0         0         1         0         1         0         0         0
         0         1         0         0         0         1         1         0
         0         0         0         1         1         1         0         1
         1         0         1         0         2         1         1         0
         1         2         0         0         0         0         2         0
         1         0         1         0         1         0         0         0
         0         0         0         0         1         0         0         0
         0         0         0         0         0         2         0         0
         0         0         0         0         0         2         0         0
         1         0         1         1         0         0         3         1
         0         1         2         4         3         2         1         2
         0         0         1         2         0         0         0         0
         0         1         0         1         1         1         1         2
         1         0         0         0         1         1         0         1
         0         3         1         0         1         0         1         0
         0         1         2         0         0         1         0         0
         0         1         0         0         3         0         0         0
         1         0         1         0         0         1         0         1
         1         0         0         1         0         0         0         0
         0         0         0         0         0         1         0         0
         0         3         0         0         0         1         1         0
         0         0         0         0         0         0         0         2
         2         2         2         1         0         0         0         0
         1         0         2         0         1         1         1         2
         0         1         1         1         0         1         0         0
         0         0         0         0         0         2         0         0
         0         1         1         0         0         1         1         0
         0         0         1         1         0         1         0         2
         0         0         2         0         0         1         0         0
         0         1         1         2         0         0         3         0
         0         1         4         1         1         0         1         0
         2         0         1         0         1         0         1         0
         0         2         1         2         0         0         0         0
         0         1         0         1         0         1         0         1
         0         1         1         0         0         1         1         0
         1         2         1         1         1         0         0         0
         1         0         0         0         0         0         0         0
         1         0         0         0         0         0         0         0
         0         1         0         0         1         1         0         2
         1         0         3         0         0         1         0         0
         1         0         1         0         1         0         0         1
         0         0         0         0         0         1         0         0
         0         0         2         0         0         1         1         1
         1         0         0         0         1         0         1         1
         1         1         1         0         0         1         0         1
         0         1         0         0         1         1         0         0
         0         0         0         0         1         0         0         0
         0         0         0         1         0         0         0         1
         0         0         1         0         0         1         0         1

