2000 2.58 2.9 2000 42 55
132
1 1 117 Tc 44.5 2.72093023255814 43 0.00499718 0.537557  0 360 0
1 1 118 Tc 30 2.74418604651163 43 0.00499718 0.537557  0 360 0
1 1 119 Tc 22 2.76744186046512 43 0.00499718 0.537557  0 360 0
1 1 120 Tc 21 2.7906976744186 43 0.00499718 0.537557  0 360 0
1 1 121 Tc 22 2.81395348837209 43 0.00499718 0.537557  0 360 0
1 1 122 Tc 1000 2.83720930232558 43 0.00499718 0.537557  0 360 0
1 1 123 Tc 1000 2.86046511627907 43 0.00499718 0.537557  0 360 0
1 1 119 Ru 69.5 2.70454545454545 44 0.00499718 0.537557  0 360 0
1 1 120 Ru 45 2.72727272727273 44 0.00499718 0.537557  0 360 0
1 1 121 Ru 29 2.75 44 0.00499718 0.537557  0 360 0
1 1 122 Ru 25 2.77272727272727 44 0.00499718 0.537557  0 360 0
1 1 123 Ru 19 2.79545454545455 44 0.00499718 0.537557  0 360 0
1 1 124 Ru 15 2.81818181818182 44 0.00499718 0.537557  0 360 0
1 1 125 Ru 1000 2.84090909090909 44 0.00499718 0.537557  0 360 0
1 1 126 Ru 1000 2.86363636363636 44 0.00499718 0.537557  0 360 0
1 1 119 Rh 190 2.64377301366905 45 0.00499718 0.537557  0 360 0
1 1 120 Rh 131 2.66600452484277 45 0.00499718 0.537557  0 360 0
1 1 121 Rh 76 2.68823603183793 45 0.00499718 0.537557  0 360 0
1 1 122 Rh 51 2.71046753883308 45 0.00499718 0.537557  0 360 0
1 1 123 Rh 42 2.73269904582823 45 0.00499718 0.537557  0 360 0
1 1 124 Rh 30 2.75493055700195 45 0.00499718 0.537557  0 360 0
1 1 125 Rh 26.5 2.77716206399711 45 0.00499718 0.537557  0 360 0
1 1 126 Rh 19 2.79939357099226 45 0.00499718 0.537557  0 360 0
1 1 127 Rh 20 2.82162507798741 45 0.00499718 0.537557  0 360 0
1 1 128 Rh 1000 2.84385658498257 45 0.00499718 0.537557  0 360 0
1 1 129 Rh 1000 2.86608809615629 45 0.00499718 0.537557  0 360 0
1 1 130 Rh 1000 2.88831960315144 45 0.00499718 0.537557  0 360 0
1 1 120 Pd 1000 2.60756379502436 46 0.00499718 0.537557  0 360 0
1 1 121 Pd 290 2.62939740844116 46 0.00499718 0.537557  0 360 0
1 1 122 Pd 195 2.65123145726341 46 0.00499718 0.537557  0 360 0
1 1 123 Pd 108 2.67306507068021 46 0.00499718 0.537557  0 360 0
1 1 124 Pd 88 2.69489911950245 46 0.00499718 0.537557  0 360 0
1 1 125 Pd 57 2.71673273291925 46 0.00499718 0.537557  0 360 0
1 1 126 Pd 48.6 2.73856634633605 46 0.00499718 0.537557  0 360 0
1 1 127 Pd 38 2.7604003951583 46 0.00499718 0.537557  0 360 0
1 1 128 Pd 35 2.7822340085751 46 0.00499718 0.537557  0 360 0
1 1 129 Pd 31 2.8040676219919 46 0.00499718 0.537557  0 360 0
1 1 130 Pd 1000 2.82590167081415 46 0.00499718 0.537557  0 360 0
1 1 131 Pd 1000 2.84773528423095 46 0.00499718 0.537557  0 360 0
1 1 132 Pd 1000 2.8695693330532 46 0.00499718 0.537557  0 360 0
1 1 122 Ag 529 2.59443609043441 47 0.00499718 0.537557  0 360 0
1 1 123 Ag 300 2.61585699443349 47 0.00499718 0.537557  0 360 0
1 1 124 Ag 180 2.63727789843258 47 0.00499718 0.537557  0 360 0
1 1 125 Ag 150 2.65869873461763 47 0.00499718 0.537557  0 360 0
1 1 126 Ag 98 2.68011963861672 47 0.00499718 0.537557  0 360 0
1 1 127 Ag 89 2.7015405426158 47 0.00499718 0.537557  0 360 0
1 1 128 Ag 59 2.72296137880085 47 0.00499718 0.537557  0 360 0
1 1 129 Ag 52 2.74438228279994 47 0.00499718 0.537557  0 360 0
1 1 130 Ag 42 2.76580318679902 47 0.00499718 0.537557  0 360 0
1 1 131 Ag 35 2.78722402298408 47 0.00499718 0.537557  0 360 0
1 1 132 Ag 28 2.80864492698316 47 0.00499718 0.537557  0 360 0
1 1 133 Ag 1000 2.83006583098225 47 0.00499718 0.537557  0 360 0
1 1 134 Ag 1000 2.8514866671673 47 0.00499718 0.537557  0 360 0
1 1 125 Cd 1000 2.60284802063122 48 0.00499718 0.537557  0 360 0
1 1 126 Cd 513 2.62390357869329 48 0.00499718 0.537557  0 360 0
1 1 127 Cd 330 2.64495913675536 48 0.00499718 0.537557  0 360 0
1 1 128 Cd 245 2.66601480150236 48 0.00499718 0.537557  0 360 0
1 1 129 Cd 154.5 2.68707035956443 48 0.00499718 0.537557  0 360 0
1 1 130 Cd 127 2.7081259176265 48 0.00499718 0.537557  0 360 0
1 1 131 Cd 98 2.7291815823735 48 0.00499718 0.537557  0 360 0
1 1 132 Cd 82 2.75023714043557 48 0.00499718 0.537557  0 360 0
1 1 133 Cd 64 2.77129269849764 48 0.00499718 0.537557  0 360 0
1 1 134 Cd 65 2.79234836324464 48 0.00499718 0.537557  0 360 0
1 1 135 Cd 1000 2.81340392130671 48 0.00499718 0.537557  0 360 0
1 1 136 Cd 1000 2.83445947936878 48 0.00499718 0.537557  0 360 0
1 1 137 Cd 1000 2.85551514411579 48 0.00499718 0.537557  0 360 0
1 1 127 In 1090 2.59073388452581 49 0.00499718 0.537557  0 360 0
1 1 128 In 810 2.61139338175885 49 0.00499718 0.537557  0 360 0
1 1 129 In 570 2.63205300219482 49 0.00499718 0.537557  0 360 0
1 1 130 In 284 2.65271262263078 49 0.00499718 0.537557  0 360 0
1 1 131 In 261 2.67337224306675 49 0.00499718 0.537557  0 360 0
1 1 132 In 198 2.69403186350272 49 0.00499718 0.537557  0 360 0
1 1 133 In 163 2.71469148393869 49 0.00499718 0.537557  0 360 0
1 1 134 In 126 2.73535098117173 49 0.00499718 0.537557  0 360 0
1 1 135 In 103 2.7560106016077 49 0.00499718 0.537557  0 360 0
1 1 136 In 85 2.77667022204366 49 0.00499718 0.537557  0 360 0
1 1 137 In 65 2.79732984247963 49 0.00499718 0.537557  0 360 0
1 1 138 In 1000 2.8179894629156 49 0.00499718 0.537557  0 360 0
1 1 139 In 1000 2.83864896014864 49 0.00499718 0.537557  0 360 0
1 1 140 In 1000 2.85930858058461 49 0.00499718 0.537557  0 360 0
1 1 130 Sn 233200 2.5994 50 0.00499718 0.537557  0 360 0
1 1 131 Sn 56000 2.61969785714286 50 0.00499718 0.537557  0 360 0
1 1 132 Sn 39700 2.63999571428571 50 0.00499718 0.537557  0 360 0
1 1 133 Sn 1460 2.66029357142857 50 0.00499718 0.537557  0 360 0
1 1 134 Sn 890 2.68059142857143 50 0.00499718 0.537557  0 360 0
1 1 135 Sn 515 2.70088928571429 50 0.00499718 0.537557  0 360 0
1 1 136 Sn 350 2.72118714285714 50 0.00499718 0.537557  0 360 0
1 1 137 Sn 230 2.741485 50 0.00499718 0.537557  0 360 0
1 1 138 Sn 140 2.76178285714286 50 0.00499718 0.537557  0 360 0
1 1 139 Sn 130 2.78208071428571 50 0.00499718 0.537557  0 360 0
1 1 140 Sn 1000 2.80237857142857 50 0.00499718 0.537557  0 360 0
1 1 141 Sn 1000 2.82267642857143 50 0.00499718 0.537557  0 360 0
1 1 142 Sn 1000 2.84297428571429 50 0.00499718 0.537557  0 360 0
1 1 133 Sb 140400 2.60713932644409 51 0.00499718 0.537557  0 360 0
1 1 134 Sb 780 2.62711816958135 51 0.00499718 0.537557  0 360 0
1 1 135 Sb 1679 2.6470970127186 51 0.00499718 0.537557  0 360 0
1 1 136 Sb 923 2.66707585585586 51 0.00499718 0.537557  0 360 0
1 1 137 Sb 492 2.68705450980392 51 0.00499718 0.537557  0 360 0
1 1 138 Sb 348 2.70703335294118 51 0.00499718 0.537557  0 360 0
1 1 139 Sb 93 2.72701219607843 51 0.00499718 0.537557  0 360 0
1 1 140 Sb 93 2.74699103921569 51 0.00499718 0.537557  0 360 0
1 1 141 Sb 1000 2.76696988235294 51 0.00499718 0.537557  0 360 0
1 1 142 Sb 1000 2.78694853630101 51 0.00499718 0.537557  0 360 0
1 1 143 Sb 1000 2.80692737943826 51 0.00499718 0.537557  0 360 0
1 1 144 Sb 1000 2.82690622257552 51 0.00499718 0.537557  0 360 0
1 1 137 Te 2490 2.63661538461538 52 0.00499718 0.537557  0 360 0
1 1 138 Te 1400 2.65584615384615 52 0.00499718 0.537557  0 360 0
1 1 139 Te 1400 2.67507692307692 52 0.00499718 0.537557  0 360 0
1 1 140 Te 1000 2.69430769230769 52 0.00499718 0.537557  0 360 0
1 1 141 Te 1000 2.71353846153846 52 0.00499718 0.537557  0 360 0
1 1 142 Te 1000 2.73276923076923 52 0.00499718 0.537557  0 360 0
1 1 143 Te 1000 2.752 52 0.00499718 0.537557  0 360 0
1 1 144 Te 1000 2.77123076923077 52 0.00499718 0.537557  0 360 0
1 1 145 Te 1000 2.79046153846154 52 0.00499718 0.537557  0 360 0
1 1 146 Te 1000 2.80969230769231 52 0.00499718 0.537557  0 360 0
1 1 140 I 860 2.64150943396226 53 0.00499718 0.537557  0 360 0
1 1 141 I 430 2.66037735849057 53 0.00499718 0.537557  0 360 0
1 1 142 I 222 2.67924528301887 53 0.00499718 0.537557  0 360 0
1 1 143 I 130 2.69811320754717 53 0.00499718 0.537557  0 360 0
1 1 144 I 130 2.71698113207547 53 0.00499718 0.537557  0 360 0
1 1 145 I 1000 2.73584905660377 53 0.00499718 0.537557  0 360 0
1 1 146 I 1000 2.75471698113208 53 0.00499718 0.537557  0 360 0
1 1 147 I 1000 2.77358490566038 53 0.00499718 0.537557  0 360 0
1 1 148 I 1000 2.79245283018868 53 0.00499718 0.537557  0 360 0
1 1 144 Xe 388 2.66666666666667 54 0.00499718 0.537557  0 360 0
1 1 145 Xe 188 2.68518518518519 54 0.00499718 0.537557  0 360 0
1 1 146 Xe 146 2.7037037037037 54 0.00499718 0.537557  0 360 0
1 1 147 Xe 100 2.72222222222222 54 0.00499718 0.537557  0 360 0
1 1 148 Xe 1000 2.74074074074074 54 0.00499718 0.537557  0 360 0
1 1 149 Xe 1000 2.75925925925926 54 0.00499718 0.537557  0 360 0
1 1 150 Xe 1000 2.77777777777778 54 0.00499718 0.537557  0 360 0
1 1 151 Xe 1000 2.7962962962963 54 0.00499718 0.537557  0 360 0
