fit,0.127,0,0.35,0,0,0,9.52657e+06,900,-10,10,483.9,10.7449
fit,0.127,0,0.35,0,0,0,9.52695e+06,900,-10,10,484.899,10.7232
fit,0.127,0,0.35,0,0,0,9.52694e+06,900,-10,10,484.899,10.7232
fit,0.127,0,0.35,0,0,0,9.52694e+06,900,-10,10,484.899,10.7232
fit,0.127,0,0.35,0,0,0,9.52659e+06,900,-10,10,483.898,10.745
fit,0.127,0,0.35,0,0,0,9.52694e+06,900,-10,10,484.899,10.7232
fit,0.127,0,0.358357,0.00365454,0,0,9.50597e+06,900,-10,10,484.891,10.6998
fit,0.127,0,0.358357,0.00365454,0,0,9.50598e+06,900,-10,10,484.891,10.6998
fit,0.127,0,0.358357,0.00365454,0,0,9.50598e+06,900,-10,10,484.891,10.6998
fit,0.127,0,0.358357,0.00365454,0,0,9.50598e+06,900,-10,10,484.891,10.6998
fit,0.127,0,0.358689,0.00258303,0,0,9.50533e+06,900,-10,10,483.889,10.7212
fit,0.127,0,0.358689,0.00258303,0,0,9.50533e+06,900,-10,10,483.889,10.7212
fit,0.127,0,0.364579,0.00365107,0,0,9.51444e+06,900,-10,10,484.812,10.711
fit,0.127,0,0.361774,0.00362541,0,0,9.51098e+06,900,-10,10,484.846,10.7064
fit,0.127,0,0.358357,0.00365454,0,0,9.50598e+06,900,-10,10,484.891,10.6998
fit,0.127,0,0.35,0,0,0,9.52694e+06,900,-10,10,484.899,10.7232
fit,0.127,0,0.35,0,0,0,9.52694e+06,900,-10,10,484.899,10.7232
fit,0.127,0,0.35,0,0,0,9.52694e+06,900,-10,10,484.899,10.7232
fit,0.127,0,0.81,0,0,0,9.54811e+06,900,-10,10
fit,0.127,0,0.81,0,0,0,9.54847e+06,900,-10,10
fit,0.127,0,0.81,0,0,0,9.54847e+06,2000,-10,10
fit,0.127,0,0.81,0,0,0,9.54847e+06,2000,-10,10
fit,0.127,0,0.81,0,0,0,9.16111e+06,1000,-10,10
fit,0.127,0,0.81,0,0,0,9.55123e+06,1000,-10,10
fit,0.127,0,0.81,0,0,0,9.55123e+06,1000,-10,10
fit,0.127,0,0.81,0,0.12,0,9.50402e+06,2000,-10,10
fit,0.127,0,0.81,0,0.12,0,9.50383e+06,2000,-10,10
fit,0.127,0,0.81,0,0.12,0,9.50383e+06,2000,-10,10
fit,0.127,0,0.814994,0.00406538,0.115803,0.0016905,9.50514e+06,2000,-10,10
fit,0.127,0,0.814994,0.00406538,0.115803,0.0016905,9.50514e+06,2000,-10,10
fit,0.127,0,0.814994,0.00406538,0.115803,0.0016905,9.50514e+06,2000,-10,10
fit,0.127,0,0.814055,0.00592456,0.11713,0.00246772,9.50767e+06,2000,-10,10
fit,0.127,0,0.814994,0.00406538,0.115803,0.0016905,9.50514e+06,2000,-10,10
fit,0.127,0,0.814055,0.00592456,0.11713,0.00246772,9.50767e+06,2000,-10,10
fit,0.127,0,0.814055,0.00592456,0.11713,0.00246772,9.50767e+06,2000,-10,10
fit,0.127,0,0.814055,0.00592456,0.11713,0.00246772,9.50767e+06,2000,-10,10
fit,0.127,0,0.814055,0.00592456,0.11713,0.00246772,9.50767e+06,2000,-10,10
fit,0.127,0,0.814055,0.00592456,0.11713,0.00246772,9.50767e+06,2000,-10,10
fit,0.127,0,0.814055,0.00592456,0.11713,0.00246772,9.50767e+06,2000,-10,10
fit,0.127,0,0.814055,0.00592456,0.11713,0.00246772,9.50767e+06,2000,-10,10
fit,0.127,0,0.814055,0.00592456,0.11713,0.00246772,9.50767e+06,2000,-10,10
fit,0.127,0,0.814055,0.00592456,0.11713,0.00246772,9.50767e+06,2000,-10,10
fit,0.127,0,0.814055,0.00592456,0.11713,0.00246772,9.50767e+06,2000,-10,10
fit,0.127,0,0.814055,0.00592456,0.11713,0.00246772,9.50767e+06,2000,-10,10
fit,0.127,0,0.814055,0.00592456,0.11713,0.00246772,9.50767e+06,2000,-10,10
fit,0.127,0,0.814061,0.00592453,0.117122,0.00246756,9.50766e+06,2000,-10,10
fit,0.127,0,0.81,0,0.12,0,9.50852e+06,2000,-10,10
fit,0.127,0,0.81,0,0.12,0,4.58056e+06,500,-10,10
fit,0.127,0,0.81,0,0.12,0,9.16111e+06,1000,-10,10
fit,0.127,0,0.81,0,0.12,0,9.52189e+06,500,-10,10
fit,0.127,0,0.813855,0.00592581,0.118213,0.00247096,9.51822e+06,500,-10,10
fit,0.127,0,0.813855,0.00592581,0.118213,0.00247096,9.51822e+06,500,-10,10
fit,0.127,0,0.813855,0.00592581,0.118211,0.00247092,9.51829e+06,500,-10,10
fit,0.127,0,0.81,0,0.12,0,9.52192e+06,500,-10,10
fit,0.127,0,0.81,0,0.12,0,9.53871e+06,500,-10,10
fit,0.127,0,0.81,0,0.12,0,9.52192e+06,500,-10,10
fit,0.127,0,0.813855,0.00592581,0.118211,0.00247092,9.51829e+06,500,-10,10
fit,0.127,0,0.813855,0.00592581,0.118211,0.00247092,9.51829e+06,500,-10,10
fit,0.127,0,0.814056,0.00592458,0.11713,0.00246772,9.50764e+06,2000,-10,10
fit,0.127,0,0.813855,0.00592581,0.118211,0.00247092,9.51829e+06,500,-10,10
fit,0.128651,0.00066534,0.814154,0.0059259,0.118227,0.00247023,9.53065e+06,500,-10,10
fit,0.128556,0.000664388,0.814352,0.00592502,0.11716,0.00246726,9.51963e+06,2000,-10,10
fit,0.127,0,0.814056,0.00592458,0.11713,0.00246772,9.50764e+06,2000,-10,10
fit,0.12827,0.000466305,0.815281,0.00418883,0.115756,0.0017341,9.51522e+06,2000,-10,10
fit,0.128556,0.000664388,0.814352,0.00592502,0.11716,0.00246726,9.51963e+06,2000,-10,10
fit,0.127,0,0.81,0,0.12,0,9.50852e+06,2000,-10,10
fit,0.127,0,0.81,0,0.12,0,1.84258e+06,2000,-10,10
fit,0.127,0,0.81,0,0.12,0,1.83353e+06,2000,-10,10
fit,0.127,0,0.81,0,0.12,0,1.83353e+06,2000,-10,10
fit,0.127,0,0.81,0,0.12,0,1.83353e+06,2000,-10,10
fit,0.127,0,0.81,0,0.12,0,1.83353e+06,2000,-10,10
fit,0.127,0,0.81,0,0.12,0,1.83353e+06,2000,-10,10
fit,0.127,0,0.81,0,0.12,0,1.83701e+06,500,-10,10
fit,0.127,0,0.829273,0.0182142,0.110724,0.00670263,1.83274e+06,500,-10,10
fit,0.127,0,0.828712,0.0157605,0.109531,0.00657441,1.83222e+06,2000,-10,10
fit,0.127,0,0.81,0,0.12,0,1.83353e+06,2000,-10,10
fit,0.127,0,0.81,0,0.12,0,1.37787e+07,2000,-10,10
fit,0.127,0,0.867737,nan,0.114154,0.002283,1.34981e+07,2000,-10,10
fit,0.127,0,0.81,0,0.12,0,1.37787e+07,2000,-10,10
fit,0.127,0,0.867737,nan,0.114154,0.002283,1.34981e+07,2000,-10,10
fit,0.127,0,0.867737,nan,0.114154,0.002283,1.34981e+07,2000,-10,10
fit,0.127,0,0.867737,nan,0.114154,0.002283,1.34981e+07,2000,-10,10
fit,0.127,0,0.91,0,0.12,0,1.32134e+07,2000,-10,10
fit,0.127,0,0.86,0,0.12,0,1.34953e+07,2000,-10,10
fit,0.127,0,0.829641,0.00657014,0.12,0,1.36672e+07,2000,-10,10
fit,0.127,0,0.829585,0.00465085,0.12,0,1.36665e+07,2000,-10,10
fit,0.127,0,0.831098,0.00470375,0.117285,0.00175532,1.36807e+07,2000,-10,10
fit,0.127464,0.000589939,0.831346,0.00476432,0.117265,0.0017715,1.36933e+07,2000,-10,10
fit,0.127,0,0.81,0,0.12,0,1.37765e+07,2000,-10,10
fit,0.127,0,0.831098,0.00470375,0.117285,0.00175532,1.36807e+07,2000,-10,10
fit,0.127,0,0.831098,0.00470375,0.117285,0.00175532,1.36807e+07,2000,-10,10
fit,0.127,0,0.831136,0.00472409,0.117287,0.00176597,1.36828e+07,2000,0,10
fit,0.127,0,0.81,0,0.12,0,1.37775e+07,2000,0,10
fit,0.127,0,0.831136,0.00472409,0.117287,0.00176597,1.36828e+07,2000,0,10
fit,0.127,0,0.832722,0.00698367,0.116107,0.00500551,1.36823e+07,2000,0,10
fit,0.127,0,0.81,0,0.12,0,1.37892e+07,2000,0,10
fit,0.127,0,0.81,0,0.12,0,1.37892e+07,2000,0,10
fit,0.127,0,0.827502,0.00469376,0.120737,0.00176154,1.36861e+07,2000,0,10
fit,0.127,0,0.81,0,0,0,1.83222e+06,2000,0,10
fit,0.127,0,0.81,0,0,0,3.95283e+06,500,0,10
fit,0.127,0,0.81,0,0,0,3.95283e+06,500,0,10
fit,0.127,0,0.81,0,0,0,1.51455e+06,500,-10,10
fit,0.127,0,0.81,0,0,0,1.53535e+06,500,0,10
fit,0.127,0,0.81,0,0,0,1.80381e+06,500,0,10
fit,0.127,0,0.81,0,0,0,2.29028e+07,500,0,10
fit,0.127,0,0.81,0,0,0,1.71913e+07,2000,0,10
fit,0.127,0,0.81,0,0,0,1.38374e+07,2000,0,10
fit,0.127,0,0.81,0,0,0,1.38891e+07,2000,0,10
fit,0.127,0,0.830201,0.00749061,0,0,1.37101e+07,2000,0,10
fit,0.127,0,0.794593,0.00783101,0,0,1.83222e+06,900,-10,10,1000,1
fit,0.127,0,0.810295,0.00783138,0,0,1.83222e+06,900,-10,10,831.815,1.20219
fit,0.127,0,1,0.00143574,0,0,1.38431e+06,900,-10,10,835.379,0.904421
fit,0.127,0,0.806233,0.013309,0,0,1.7792e+06,900,-10,10,840.827,1.15489
fit,0.127,0,0.814924,0.0190129,0,0,1.77775e+06,900,-10,10,841.788,1.15263
fit,0.127,0,0.81,0,0,0,1.78456e+06,900,-10,10,841.766,1.15708
fit,0.127,0,0.81,0,0,0,1.78456e+06,900,-10,10,841.766,1.15708
fit,0.127,0,0.814924,0.0190129,0,0,1.77775e+06,900,-10,10,841.788,1.15263
fit,0.127,0,0.814924,0.0190129,0,0,1.77775e+06,900,-10,10,841.788,1.15263
fit,0.127,0,0.806233,0.013309,0,0,1.7792e+06,900,-10,10,840.827,1.15489
fit,0.127,0,0.81,0.824579,0,0,9.16111e+06,2000,-10,10,1000,5
fit,0.127,0,0.81,0.824579,0,0,9.16111e+06,2000,-10,10,1000,5
fit,0.127,0,0.787835,0.0663718,0,0,137146,2000,-10,10,62.5499,1.19668
fit,0.127,0,0.5,0.746941,0,0,9.16111e+06,2000,-10,10,1000,5
fit,0.127,0,0.787835,0.0663718,0,0,137146,2000,-10,10,62.5499,1.19668
fit,0.127,0,0.814259,0.0220751,0,0,1.32117e+06,2000,-10,10,625.751,1.15233
fit,0.127,0,0.814259,0.0220751,0,0,1.32117e+06,2000,-10,10,625.751,1.15233
fit,0.127,0,0.787835,0.0663718,0,0,137146,2000,-10,10,62.5499,1.19668
fit,0.127,0,0.814259,0.0220751,0,0,1.32117e+06,2000,-10,10,625.751,1.15233
fit,0.127,0,0.814259,0.0220751,0,0,1.32117e+06,2000,-10,10,625.751,1.15233
fit,0.127,0,0.814259,0.0220751,0,0,1.32117e+06,2000,-10,10,625.751,1.15233
